1:3:37:5	7	4	22	20.498	0.0	0.0
1:3:38:15	7	4	22	20.498	0.0	0
1:3:39:30	7	4	22	20.498	0.0	0
1:3:40:40	7	4	22	20.3897	0.0	0
1:3:41:55	7	4	22	20.4312	0.0	0
1:3:43:5	7	4	22	20.4312	0.0	0
1:3:44:20	7	4	22	20.5107	0.0	0
1:3:45:30	7	4	22	20.5107	0.0	0
1:3:46:45	7	4	22	20.6389	0.0	0
1:3:47:55	7	4	22	20.6389	0.0	0
1:3:49:10	7	4	22	20.7175	0.0	0
1:3:50:20	7	4	22	20.7175	0.0	0
1:3:51:35	7	4	22	20.8326	0.0	0
1:3:52:45	7	4	22	20.8326	0.0	0
1:3:54:0	7	4	22	20.905	0.0	0
1:3:55:10	7	4	22	20.905	0.0	0
1:3:56:25	7	4	22	21.0092	0.0	0
1:3:57:35	7	4	22	21.0092	0.0	0
1:3:58:50	7	4	22	21.0092	0.0	0
1:4:0:0	7	4	22	21.1064	0.0	0
1:4:1:15	7	4	22	21.1064	0.0	0
1:4:2:30	7	4	22	21.201	0.0	0
1:4:3:40	7	4	22	21.201	0.0	0
1:4:4:55	7	4	22	21.201	0.0	0
1:4:6:5	7	4	22	21.201	0.0	0
1:4:7:20	7	4	22	21.3243	0.0	0
1:4:8:30	7	4	22	21.3243	0.0	0
1:4:9:45	7	4	22	21.4132	0.0	0
1:4:10:55	7	4	22	21.4132	0.0	0
1:4:12:10	7	4	22	21.4132	0.0	0
1:4:13:20	7	4	22	21.5007	0.0	0
1:4:14:35	7	4	22	20.0389	59.6887	60.182499999999806
1:4:15:45	7	4	22	20.0389	0.0	0
1:4:17:0	7	4	22	20.0389	0.0	0
1:4:18:10	7	4	22	20.0389	0.0	0
1:4:19:25	7	4	22	19.9936	0.0	0
1:4:20:35	7	4	22	19.9936	0.0	0
1:4:21:50	7	4	22	19.9936	0.0	0
1:4:23:5	7	4	22	20.0005	0.0	0
1:4:24:15	7	4	22	20.0005	0.0	0
1:4:25:30	7	4	22	20.2511	0.0	0
1:4:26:40	7	4	22	20.3317	0.0	0
1:4:27:55	7	4	22	20.4108	0.0	0
1:4:29:5	7	4	22	20.4108	0.0	0
1:4:30:20	7	4	22	20.6363	0.0	0
1:4:31:30	7	4	22	20.6363	0.0	0
1:4:32:45	7	4	22	20.7354	0.0	0
1:4:33:55	7	4	22	20.6941	0.0	0
1:4:35:10	7	4	22	20.6941	0.0	0
1:4:36:20	7	4	22	20.7267	0.0	0
1:4:37:35	7	4	22	20.7267	0.0	0
1:4:38:45	7	4	22	20.7267	0.0	0
1:4:40:0	7	4	22	20.6667	0.0	0
1:4:41:15	7	4	22	20.6667	0.0	0
1:4:42:25	7	4	22	20.6181	0.0	0
1:4:43:35	7	4	22	20.6181	0.0	0
1:4:44:50	7	4	22	20.6181	0.0	0
1:4:46:5	7	4	22	20.7247	0.0	0
1:4:47:15	7	4	22	20.7247	0.0	0
1:4:48:25	7	4	22	20.825	0.0	0
1:4:49:40	7	4	22	20.825	0.0	0
1:4:50:55	7	4	22	20.825	0.0	0
1:4:52:5	7	4	22	20.9203	0.0	0
1:4:53:20	7	4	22	20.9203	0.0	0
1:4:54:30	7	4	22	20.9203	0.0	0
1:4:55:45	7	4	22	20.9203	0.0	0
1:4:56:55	7	4	22	21.0079	0.0	0
1:4:58:10	7	4	22	21.0079	0.0	0
1:4:59:20	7	4	22	21.0079	0.0	0
1:5:0:35	7	4	22	21.0079	0.0	0
1:5:1:50	7	4	22	21.0079	0.0	0
1:5:3:0	7	4	22	21.1111	0.0	0
1:5:4:10	7	4	22	21.1111	0.0	0
1:5:5:25	7	4	22	21.1111	0.0	0
1:5:6:35	7	4	22	21.1111	0.0	0
1:5:7:50	7	4	22	21.1111	0.0	0
1:5:9:5	7	4	22	21.0549	0.0	0
1:5:10:15	7	4	22	21.0549	0.0	0
1:5:11:30	7	4	22	21.1174	0.0	0
1:5:12:40	7	4	22	21.1174	0.0	0
1:5:13:55	7	4	22	21.2058	0.0	0
1:5:15:5	7	4	22	21.2058	0.0	0
1:5:16:20	7	4	22	21.2058	0.0	0
1:5:17:30	7	4	22	21.2058	0.0	0
1:5:18:45	7	4	22	21.2058	0.0	0
1:5:19:55	7	4	22	21.1962	0.0	0
1:5:21:10	7	4	22	21.2161	0.0	0
1:5:22:20	7	4	22	21.2161	0.0	0
1:5:23:35	7	4	22	21.3012	0.0	0
1:5:24:45	7	4	22	21.3012	0.0	0
1:5:26:0	7	4	22	21.3012	0.0	0
1:5:27:10	7	4	22	21.3012	0.0	0
1:5:28:25	7	4	22	21.4128	0.0	0
1:5:29:35	7	4	22	21.4128	0.0	0
1:5:30:50	7	4	22	21.4128	0.0	0
1:5:32:0	7	4	22	21.5283	0.0	0
1:5:33:15	7	4	22	21.4774	0.0	0
1:5:34:25	7	4	22	21.4774	0.0	0
1:5:35:40	7	4	22	21.4774	0.0	0
1:5:36:50	7	4	22	21.5271	0.0	0
1:5:38:5	7	4	22	21.5271	0.0	0
1:5:39:15	7	4	22	21.5271	0.0	0
1:5:40:30	7	4	22	21.6124	0.0	0
1:5:41:40	7	4	22	21.6124	1.2443	1.6685000000000194
1:5:42:55	7	4	22	21.6124	0.0	0
1:5:44:5	7	4	22	21.7122	0.0	0
1:5:45:20	7	4	22	21.7122	3.1707	3.6089999999998845
1:5:46:25	7	4	22	21.7122	0.0	0
1:5:47:40	7	4	22	21.8194	0.0	0
1:5:48:50	7	4	22	21.8194	4.7228	5.162000000000173
1:5:50:5	7	4	22	21.8194	2.2339	1.7480000000001539
1:5:51:15	7	4	22	21.92	0.0	0
1:5:52:30	7	4	22	21.92	5.4534	5.7390000000000185
1:5:53:40	7	4	22	21.92	3.8971	3.4300000000000352
1:5:54:55	7	4	22	21.92	3.1849	2.6300000000000523
1:5:56:10	7	4	22	21.92	2.389	1.8300000000000693
1:5:57:20	7	4	22	22.0194	1.5898	1.0300000000000864
1:5:58:35	7	4	22	21.9867	7.3577	7.6850000000000485
1:5:59:45	7	4	22	21.9867	4.3909	3.935499999999923
1:6:1:0	7	4	22	21.9867	4.3909	4.292999999999942
1:6:2:10	7	4	22	22.0232	4.3909	4.159999999999933
1:6:3:25	7	4	22	22.0232	6.3598	6.764499999999938
1:6:4:35	7	4	22	22.1059	6.3598	6.448999999999927
1:6:5:50	7	4	22	22.1059	12.5218	12.883499999999852
1:6:7:0	7	4	22	22.1059	12.5218	12.701999999999849
1:6:8:15	7	4	22	22.1059	13.2707	13.760999999999832
1:6:9:25	7	4	22	22.2025	14.4397	14.819999999999816
1:6:10:40	7	4	22	22.2025	22.7997	23.123999999999967
1:6:11:50	7	4	22	22.2025	23.3838	23.69999999999994
1:6:13:5	7	4	22	22.3058	25.3288	25.724999999999945
1:6:14:15	7	4	22	22.3058	35.0701	35.49750000000002
1:6:15:30	7	4	22	22.4356	36.7166	37.006000000000014
1:6:16:40	7	4	22	22.5173	49.4327	49.79899999999999
1:6:17:55	7	4	22	22.7389	99.5245	100
1:6:19:5	7	4	22	18.4325	99.5245	100
1:6:20:20	7	4	22	13.9172	1.2331	0
1:6:21:30	7	4	22	14.0342	0.0	0
1:6:22:45	7	4	22	14.1502	0.0	0
1:6:24:0	7	4	22	14.331	0.0	0
1:6:25:10	7	4	22	14.5121	0.0	0
1:6:26:25	7	4	22	14.8739	0.0	0
1:6:27:35	7	4	22	15.049	0.0	0
1:6:28:50	7	4	22	15.2222	0.0	0
1:6:30:0	7	4	22	15.3952	0.0	0
1:6:31:15	7	4	22	15.7352	0.0	0
1:6:32:25	7	4	22	15.9007	0.0	0
1:6:33:40	7	4	22	16.0612	0.0	0
1:6:34:50	7	4	22	16.1563	0.0	0
1:6:36:5	7	4	22	16.2572	0.0	0
1:6:37:15	7	4	22	16.5093	0.0	0
1:6:38:30	7	4	22	16.5093	0.0	0
1:6:39:40	7	4	22	16.6721	0.0	0
1:6:40:55	7	4	22	16.7662	0.0	0
1:6:42:5	7	4	22	16.9233	0.0	0
1:6:43:20	7	4	22	17.2345	0.0	0
1:6:44:30	7	4	22	17.3858	0.0	0
1:6:45:45	7	4	22	17.5358	0.0	0
1:6:46:55	7	4	22	17.688	0.0	0
1:6:48:10	7	4	22	17.7644	0.0	0
1:6:49:20	7	4	22	17.9896	0.0	0
1:6:50:35	7	4	22	18.1362	0.0	0
1:6:51:45	7	4	22	18.2796	0.0	0
1:6:53:0	7	4	22	18.4231	0.0	0
1:6:54:10	7	4	22	18.5667	0.0	0
1:6:55:25	7	4	22	18.8418	0.0	0
1:6:56:35	7	4	22	18.9332	0.0	0
1:6:57:50	7	4	22	19.017	0.0	0
1:6:59:0	7	4	22	19.1001	0.0	0
1:7:0:15	7	4	22	19.2644	0.0	0
1:7:1:25	7	4	22	19.3869	0.0	0
1:7:2:40	7	4	22	19.5222	0.0	0
1:7:3:55	7	4	22	19.6553	0.0	0
1:7:5:5	7	4	22	19.7843	0.0	0
1:7:6:20	7	4	22	20.0409	0.0	0
1:7:7:30	7	4	22	20.1429	0.0	0
1:7:8:45	7	4	22	20.2114	0.0	0
1:7:9:55	7	4	22	20.2114	0.0	0
1:7:11:10	7	4	22	20.4037	0.0	0
1:7:12:20	7	4	22	20.653	0.0	0
1:7:13:35	7	4	22	20.7779	0.0	0
1:7:14:45	7	4	22	20.9012	0.0	0
1:7:16:0	7	4	22	21.0238	0.0	0
1:7:17:10	7	4	22	21.0238	0.0	0
1:7:18:25	7	4	22	21.1493	0.0	0
1:7:19:35	7	4	22	21.2346	0.0	0
1:7:20:50	7	4	22	21.2346	0.0	0
1:7:22:0	7	4	22	21.3227	0.0	0
1:7:23:15	7	4	22	21.5051	0.0	0
1:7:24:25	7	4	22	21.6195	0.0	0
1:7:25:40	7	4	22	21.7253	17.2503	17.588500000000007
1:7:26:55	7	4	22	21.8435	19.726	20.002500000000154
1:7:28:5	7	4	22	21.9752	24.1423	24.533499999999986
1:7:29:20	7	4	22	21.6533	30.6718	31.073000000000164
1:7:30:30	7	4	22	21.7231	5.2483	4.7070000000001855
1:7:31:45	7	4	22	21.7231	10.9872	11.303499999999982
1:7:32:55	7	4	22	21.857	7.9468	7.487500000000011
1:7:34:10	7	4	22	21.9812	14.3711	14.761000000000042
1:7:35:20	7	4	22	22.2443	20.3007	20.637500000000166
1:7:36:35	7	4	22	22.3798	20.3007	38.31899999999999
1:7:37:45	7	4	22	21.8217	46.5884	46.97800000000004
1:7:39:0	7	4	22	21.7792	7.5565	6.8860000000000525
1:7:40:10	7	4	22	21.8537	9.7882	10.287000000000013
1:7:41:25	7	4	22	21.9018	9.7882	14.304000000000048
1:7:42:35	7	4	22	21.9018	14.8403	15.33100000000016
1:7:43:50	7	4	22	21.8836	14.0999	13.62750000000015
1:7:45:0	7	4	22	21.8836	11.7556	11.28050000000015
1:7:46:15	7	4	22	22.0503	10.8909	10.389500000000165
1:7:47:25	7	4	22	22.1877	21.2502	21.728000000000083
1:7:48:40	7	4	22	22.3443	29.7042	30.035500000000066
1:7:49:50	7	4	22	22.2059	41.2895	41.59650000000014
1:7:51:5	7	4	22	21.6284	32.7695	32.310500000000076
1:7:52:20	7	4	22	21.9613	0.0	0
1:7:53:30	7	4	22	22.1488	29.4417	29.914000000000165
1:7:54:45	7	4	22	21.6302	38.2391	38.596000000000146
1:7:55:55	7	4	22	21.7006	0.0	0
1:7:57:10	7	4	22	21.8134	8.9897	9.361000000000246
1:7:58:20	7	4	22	21.9173	13.3833	13.771000000000218
1:7:59:35	7	4	22	21.8848	17.6394	18.00550000000019
1:8:0:45	7	4	22	21.9071	13.6895	13.182500000000026
1:8:2:0	7	4	22	22.0499	13.8745	14.190500000000146
1:8:3:10	7	4	22	22.2059	23.2378	23.63700000000021
1:8:4:25	7	4	22	22.5631	33.2466	33.694000000000116
1:8:5:35	7	4	22	16.5352	99.3723	100
1:8:6:50	7	4	22	16.6691	0.0	0
1:8:8:0	7	4	22	16.8369	0.0	0
1:8:9:15	7	4	22	17.2999	0.0	0
1:8:10:25	7	4	22	17.5355	0.0	0
1:8:11:40	7	4	22	17.7662	0.0	0
1:8:12:50	7	4	22	17.9912	0.0	0
1:8:14:5	7	4	22	18.1538	0.0	0
1:8:15:15	7	4	22	18.5485	0.0	0
1:8:16:30	7	4	22	18.7749	0.0	0
1:8:17:40	7	4	22	18.9977	0.0	0
1:8:18:55	7	4	22	19.2149	0.0	0
1:8:20:5	7	4	22	19.4289	0.0	0
1:8:21:20	7	4	22	19.746	0.0	0
1:8:22:30	7	4	22	19.8809	0.0	0
1:8:23:45	7	4	22	20.013	0.0	0
1:8:24:55	7	4	22	20.1434	0.0	0
1:8:26:10	7	4	22	20.2728	0.0	0
1:8:27:20	7	4	22	20.6113	0.0	0
1:8:28:35	7	4	22	20.809	0.0	0
1:8:29:45	7	4	22	20.9451	0.0	0
1:8:31:0	7	4	22	21.077	0.0	0
1:8:32:10	7	4	22	21.4677	0.0	0
1:8:33:25	7	4	22	21.6567	0.0	0
1:8:34:40	7	4	22	21.8445	0.0	0
1:8:35:50	7	4	22	21.9139	18.5054	18.88999999999994
1:8:37:5	7	4	22	21.9139	19.2438	19.723000000000077
1:8:38:15	7	4	22	21.9139	18.273	17.82100000000007
1:8:39:30	7	4	22	22.0067	17.4513	16.960000000000086
1:8:40:40	7	4	22	21.956	22.5595	23.05899999999987
1:8:41:55	7	4	22	22.1639	18.3859	17.93149999999997
1:8:43:5	7	4	22	22.3747	33.3599	33.84450000000012
1:8:44:20	7	4	22	21.2154	47.7225	48.175000000000026
1:8:45:30	7	4	22	21.4097	0.0	0
1:8:46:45	7	4	22	21.579	0.0	0
1:8:47:55	7	4	22	21.7185	0.0	0
1:8:49:10	7	4	22	21.8396	0.0	18.18799999999987
1:8:50:20	7	4	22	21.9178	22.0837	22.363000000000035
1:8:51:35	7	4	22	22.0622	24.3104	24.807499999999933
1:8:52:45	7	4	22	22.345	33.2732	33.64250000000002
1:8:54:0	7	4	22	21.1326	52.8831	53.308499999999874
1:8:55:10	7	4	22	21.458	0.0	0
1:8:56:25	7	4	22	21.8754	0.0	0
1:8:57:35	7	4	22	22.0283	0.0	0
1:8:58:50	7	4	22	22.1152	16.9389	17.265500000000173
1:9:0:0	7	4	22	22.079	21.3777	21.77250000000015
1:9:1:15	7	4	22	21.9907	19.3569	18.9060000000001
1:9:2:25	7	4	22	22.1988	14.1874	13.616500000000098
1:9:3:40	7	4	22	22.4395	30.1617	30.45549999999997
1:9:4:50	7	4	22	21.5355	47.0497	47.37450000000001
1:9:6:5	7	4	22	21.6681	0.0	0
1:9:7:15	7	4	22	21.9488	18.4765	18.859999999999992
1:9:8:30	7	4	22	22.202	34.3184	34.604499999999945
1:9:9:40	7	4	22	22.547	48.4325	48.87200000000018
1:9:10:55	7	4	22	17.6646	99.5151	100
1:9:12:5	7	4	22	17.2549	1.233	0
1:9:13:20	7	4	22	17.7256	0.0	0
1:9:14:30	7	4	22	17.9359	0.0	0
1:9:15:45	7	4	22	18.1444	0.0	0
1:9:16:55	7	4	22	18.4258	0.0	0
1:9:18:10	7	4	22	18.7012	0.0	0
1:9:19:20	7	4	22	19.1767	0.0	0
1:9:20:35	7	4	22	19.4398	0.0	0
1:9:21:45	7	4	22	19.6614	0.0	0
1:9:23:0	7	4	22	19.8479	0.0	0
1:9:24:10	7	4	22	20.0935	0.0	0
1:9:25:25	7	4	22	20.5367	0.0	0
1:9:26:35	7	4	22	20.7114	0.0	0
1:9:27:50	7	4	22	20.8794	0.0	0
1:9:29:0	7	4	22	21.0492	0.0	0
1:9:30:15	7	4	22	21.4726	0.0	0
1:9:31:25	7	4	22	21.7112	0.0	0
1:9:32:40	7	4	22	21.9424	0.0	0
1:9:33:50	7	4	22	22.0168	21.3251	21.81399999999984
1:9:35:5	7	4	22	22.0168	23.0372	23.34999999999992
1:9:36:15	7	4	22	22.2814	22.8741	22.40199999999991
1:9:37:30	7	4	22	21.8451	42.0072	42.41500000000002
1:9:38:40	7	4	22	21.9871	9.1494	8.537499999999802
1:9:39:55	7	4	22	22.0164	23.7152	24.183000000000057
1:9:41:5	7	4	22	21.9957	23.7152	24.12149999999997
1:9:42:20	7	4	22	22.5458	22.7453	22.293499999999877
1:9:43:30	7	4	22	17.5527	99.2735	100
1:9:44:45	7	4	22	17.7489	1.2326	0
1:9:45:55	7	4	22	17.984	0.0	0
1:9:47:10	7	4	22	18.2903	0.0	0
1:9:48:20	7	4	22	18.7502	0.0	0
1:9:49:35	7	4	22	19.0431	0.0	0
1:9:50:45	7	4	22	19.2669	0.0	0
1:9:52:0	7	4	22	19.4984	0.0	0
1:9:53:15	7	4	22	20.0711	0.0	0
1:9:54:25	7	4	22	20.2829	0.0	0
1:9:55:40	7	4	22	20.4941	0.0	0
1:9:56:50	7	4	22	20.6853	0.0	0
1:9:58:5	7	4	22	20.8757	0.0	0
1:9:59:15	7	4	22	21.3285	0.0	0
1:10:0:30	7	4	22	21.5884	0.0	0
1:10:1:40	7	4	22	21.8454	0.0	0
1:10:2:55	7	4	22	21.9798	20.7991	21.2685000000001
1:10:4:5	7	4	22	21.9798	25.5101	25.947500000000048
1:10:5:20	7	4	22	22.2076	24.1731	23.729500000000066
1:10:6:30	7	4	22	22.6196	40.3153	40.612499999999955
1:10:7:45	7	4	22	23.6649	99.5978	100
1:10:8:55	7	4	22	19.0701	99.5978	100
1:10:10:10	7	4	22	18.904	0.0	0
1:10:11:20	7	4	22	19.4217	0.0	0
1:10:12:35	7	4	22	19.6556	0.0	0
1:10:13:45	7	4	22	19.887	0.0	0
1:10:15:0	7	4	22	20.1164	0.0	0
1:10:16:10	7	4	22	20.3574	0.0	0
1:10:17:25	7	4	22	20.9229	0.0	0
1:10:18:35	7	4	22	21.152	0.0	0
1:10:19:50	7	4	22	21.376	0.0	0
1:10:21:0	7	4	22	21.5893	0.0	0
1:10:22:15	7	4	22	22.0526	0.0	0
1:10:23:25	7	4	22	22.4514	39.4784	39.915000000000006
1:10:24:40	7	4	22	21.1875	63.0823	63.40149999999986
1:10:25:50	7	4	22	21.3823	0.0	0
1:10:27:5	7	4	22	21.6001	0.0	0
1:10:28:15	7	4	22	22.0012	0.0	0
1:10:29:30	7	4	22	21.7317	38.4359	38.85299999999995
1:10:30:40	7	4	22	22.0163	13.1758	12.63599999999991
1:10:31:55	7	4	22	21.9625	35.0645	35.340500000000006
1:10:33:5	7	4	22	21.8368	27.6929	27.199499999999812
1:10:34:20	7	4	22	21.8314	18.6723	18.203999999999958
1:10:35:35	7	4	22	21.8314	18.5816	18.052499999999814
1:10:36:45	7	4	22	22.141	16.9869	16.447499999999824
1:10:38:0	7	4	22	22.5033	37.5194	37.981499999999784
1:10:39:10	7	4	22	21.4284	99.4125	100
1:10:40:25	7	4	22	17.8352	0.0	0
1:10:41:35	7	4	22	18.1109	0.0	0
1:10:42:50	7	4	22	18.4508	0.0	0
1:10:44:0	7	4	22	18.788	0.0	0
1:10:45:15	7	4	22	19.3908	0.0	0
1:10:46:25	7	4	22	19.6648	0.0	0
1:10:47:40	7	4	22	19.9183	0.0	0
1:10:48:50	7	4	22	20.1699	0.0	0
1:10:50:5	7	4	22	20.4197	0.0	0
1:10:51:15	7	4	22	20.9661	0.0	0
1:10:52:30	7	4	22	21.2123	0.0	0
1:10:53:45	7	4	22	21.442	0.0	0
1:10:54:55	7	4	22	21.669	0.0	0
1:10:56:10	7	4	22	21.8937	0.0	0
1:10:57:20	7	4	22	22.4364	20.1761	20.622499999999864
1:10:58:35	7	4	22	21.8586	56.5135	56.891499999999866
1:10:59:45	7	4	22	22.0452	10.5166	9.779999999999866
1:11:1:0	7	4	22	22.0452	30.5856	31.028000000000013
1:11:2:10	7	4	22	21.8664	29.1982	28.680999999999994
1:11:3:25	7	4	22	22.1887	16.1951	15.722999999999818
1:11:4:35	7	4	22	22.6297	40.8936	41.241499999999995
1:11:5:50	7	4	22	20.3055	99.4442	100
1:11:7:0	7	4	22	20.3055	1.2323	0
1:11:8:15	7	4	22	20.8779	0.0	0
1:11:9:25	7	4	22	21.1163	0.0	0
1:11:10:40	7	4	22	21.3314	0.0	0
1:11:11:50	7	4	22	21.6124	0.0	0
1:11:13:5	7	4	22	21.912	0.0	0
1:11:14:15	7	4	22	22.2044	26.8346	27.238499999999863
1:11:15:30	7	4	22	21.9911	43.4788	43.79449999999993
1:11:16:40	7	4	22	21.9911	25.9876	25.454999999999895
1:11:17:55	7	4	22	21.9911	28.0895	28.565499999999894
1:11:19:5	7	4	22	21.8947	28.0895	28.476499999999888
1:11:20:20	7	4	22	22.6104	21.6941	21.157499999999946
1:11:21:30	7	4	22	19.6159	99.263	100
1:11:22:45	7	4	22	19.8928	0.0	0
1:11:23:55	7	4	22	20.1527	0.0	0
1:11:25:10	7	4	22	20.4019	0.0	0
1:11:26:20	7	4	22	20.9541	0.0	0
1:11:27:35	7	4	22	21.2662	0.0	0
1:11:28:45	7	4	22	21.5176	0.0	0
1:11:30:0	7	4	22	21.741	0.0	0
1:11:31:10	7	4	22	21.9926	17.2494	17.58749999999985
1:11:32:25	7	4	22	22.6904	30.141	30.516499999999862
1:11:33:35	7	4	22	20.2747	99.3431	100
1:11:34:50	7	4	22	20.5409	0.0	0
1:11:36:0	7	4	22	20.8092	0.0	0
1:11:37:15	7	4	22	21.3177	0.0	0
1:11:38:25	7	4	22	21.6321	0.0	0
1:11:39:40	7	4	22	21.9389	0.0	0
1:11:40:50	7	4	22	22.2724	24.3985	24.738499999999917
1:11:42:5	7	4	22	22.157	44.1088	44.538
1:11:43:15	7	4	22	21.8631	34.0914	33.604499999999916
1:11:44:30	7	4	22	22.0109	15.341	14.862999999999879
1:11:45:40	7	4	22	21.9063	28.5931	28.987499999999894
1:11:46:55	7	4	22	22.2602	19.5712	19.03450000000005
1:11:48:5	7	4	22	22.6753	45.8187	46.20899999999999
1:11:49:20	7	4	22	21.2391	99.6349	100
1:11:50:30	7	4	22	21.5249	1.2341	0
1:11:51:45	7	4	22	21.781	0.0	0
1:11:52:55	7	4	22	21.8777	25.1269	25.486000000000022
1:11:54:10	7	4	22	21.7845	26.3153	26.70700000000016
1:11:55:20	7	4	22	22.0355	17.5728	17.043500000000176
1:11:56:35	7	4	22	22.1181	34.7728	35.11150000000001
1:11:57:45	7	4	22	21.9757	37.5498	37.89649999999998
1:11:59:0	7	4	22	21.8829	27.6433	27.158500000000085
1:12:0:10	7	4	22	21.8829	22.5789	22.09150000000003
1:12:1:25	7	4	22	22.6128	22.5789	22.31250000000003
1:12:2:35	7	4	22	18.3871	99.272	100
1:12:3:50	7	4	22	18.6851	0.0	0
1:12:5:0	7	4	22	18.9816	0.0	0
1:12:6:15	7	4	22	19.5604	0.0	0
1:12:7:25	7	4	22	19.908	0.0	0
1:12:8:40	7	4	22	20.2425	0.0	0
1:12:9:50	7	4	22	20.5241	0.0	0
1:12:11:5	7	4	22	20.8022	0.0	0
1:12:12:15	7	4	22	21.2905	0.0	0
1:12:13:30	7	4	22	21.5587	0.0	0
1:12:14:40	7	4	22	21.8738	0.0	0
1:12:15:55	7	4	22	22.2131	23.7592	24.082499999999794
1:12:17:5	7	4	22	22.5951	43.1251	43.541499999999935
1:12:18:20	7	4	22	17.8103	99.6168	100
1:12:19:30	7	4	22	18.139	1.2339	0
1:12:20:45	7	4	22	18.4305	0.0	0
1:12:21:55	7	4	22	18.7182	0.0	0
1:12:23:10	7	4	22	19.005	0.0	0
1:12:24:20	7	4	22	19.7161	0.0	0
1:12:25:35	7	4	22	20.0245	0.0	0
1:12:26:45	7	4	22	20.3239	0.0	0
1:12:28:0	7	4	22	20.6075	0.0	0
1:12:29:10	7	4	22	20.8834	0.0	0
1:12:30:25	7	4	22	21.4818	0.0	0
1:12:31:35	7	4	22	21.7414	0.0	0
1:12:32:50	7	4	22	22.0032	0.0	0
1:12:34:0	7	4	22	22.1729	23.8002	24.124500000000086
1:12:35:15	7	4	22	22.5357	32.5999	32.95699999999998
1:12:36:25	7	4	22	24.2086	99.3662	100
1:12:37:35	7	4	22	21.1502	99.5459	100
1:12:38:50	7	4	22	21.3786	1.2333	0
1:12:40:5	7	4	22	21.6468	0.0	0
1:12:41:15	7	4	22	22.1467	0.0	0
1:12:42:25	7	4	22	21.6377	41.38	41.852000000000004
1:12:43:40	7	4	22	21.9117	0.0	0
1:12:44:50	7	4	22	21.9117	24.2265	24.56200000000006
1:12:46:5	7	4	22	22.0401	20.0859	19.569000000000045
1:12:47:15	7	4	22	22.5017	28.019	28.31599999999998
1:12:48:30	7	4	22	18.7158	99.3231	100
1:12:49:40	7	4	22	19.0015	1.2312	0
1:12:50:55	7	4	22	19.2907	0.0	0
1:12:52:5	7	4	22	19.6441	0.0	0
1:12:53:20	7	4	22	20.2898	0.0	0
1:12:54:30	7	4	22	20.5832	0.0	0
1:12:55:45	7	4	22	20.8519	0.0	0
1:12:56:55	7	4	22	21.1168	0.0	0
1:12:58:10	7	4	22	21.3787	0.0	0
1:12:59:20	7	4	22	21.9645	0.0	0
1:13:0:35	7	4	22	22.2285	0.0	0
1:13:1:45	7	4	22	22.3656	20.1342	20.57899999999993
1:13:3:0	7	4	22	22.3656	28.8367	29.18649999999996
1:13:4:10	7	4	22	22.7106	30.4931	30.785999999999962
1:13:5:25	7	4	22	19.0869	99.5317	100
1:13:6:35	7	4	22	19.4018	1.2331	0
1:13:7:50	7	4	22	19.691	0.0	0
1:13:9:0	7	4	22	19.9758	0.0	0
1:13:10:15	7	4	22	20.6746	0.0	0
1:13:11:25	7	4	22	20.955	0.0	0
1:13:12:40	7	4	22	21.237	0.0	0
1:13:13:50	7	4	22	21.5009	0.0	0
1:13:15:5	7	4	22	21.7582	0.0	0
1:13:16:15	7	4	22	22.3763	26.8721	27.27699999999979
1:13:17:30	7	4	22	22.6524	66.91	67.35699999999996
1:13:18:40	7	4	22	19.5582	99.5657	100
1:13:19:55	7	4	22	19.7893	0.0	0
1:13:21:5	7	4	22	20.0792	0.0	0
1:13:22:20	7	4	22	20.5954	0.0	0
1:13:23:30	7	4	22	20.9344	0.0	0
1:13:24:45	7	4	22	21.1814	0.0	0
1:13:25:55	7	4	22	21.4579	0.0	0
1:13:27:10	7	4	22	21.6989	0.0	0
1:13:28:20	7	4	22	22.23	0.0	0
1:13:29:30	7	4	22	22.8609	46.662	46.98250000000017
1:13:30:45	7	4	22	17.2632	99.4984	100
1:13:32:0	7	4	22	17.4053	0.0	0
1:13:33:10	7	4	22	17.7104	0.0	0
1:13:34:25	7	4	22	18.4638	0.0	0
1:13:35:35	7	4	22	18.7875	0.0	0
1:13:36:50	7	4	22	19.1053	0.0	0
1:13:38:0	7	4	22	19.4089	0.0	0
1:13:39:15	7	4	22	19.9682	0.0	0
1:13:40:25	7	4	22	20.3148	0.0	0
1:13:41:40	7	4	22	20.592	0.0	0
1:13:42:50	7	4	22	20.8612	0.0	0
1:13:44:5	7	4	22	21.1284	0.0	0
1:13:45:15	7	4	22	21.6939	0.0	0
1:13:46:30	7	4	22	22.0051	0.0	0
1:13:47:40	7	4	22	22.1439	27.8889	28.32049999999997
1:13:48:55	7	4	22	22.0801	33.7808	34.11349999999995
1:13:50:5	7	4	22	21.9641	29.1566	28.685500000000168
1:13:51:20	7	4	22	21.8142	22.2973	21.743499999999898
1:13:52:30	7	4	22	22.1615	12.3659	11.88200000000002
1:13:53:45	7	4	22	21.92	37.9489	38.32000000000004
1:13:54:55	7	4	22	22.0552	17.1891	16.61300000000015
1:13:56:10	7	4	22	22.0552	29.24	29.57549999999996
1:13:57:20	7	4	22	22.0227	28.5582	28.09949999999999
1:13:58:35	7	4	22	22.0227	26.7907	26.214000000000066
1:13:59:45	7	4	22	22.0227	26.7907	26.928500000000053
1:14:1:0	7	4	22	22.5065	26.7907	27.155500000000057
1:14:2:10	7	4	22	23.1205	99.3108	100
1:14:3:25	7	4	22	19.3563	99.5062	100
1:14:4:35	7	4	22	19.6586	1.2329	0
1:14:5:50	7	4	22	19.9358	0.0	0
1:14:7:0	7	4	22	20.204	0.0	0
1:14:8:15	7	4	22	20.8015	0.0	0
1:14:9:25	7	4	22	21.1227	0.0	0
1:14:10:40	7	4	22	21.3978	0.0	0
1:14:11:50	7	4	22	21.6634	0.0	0
1:14:13:5	7	4	22	21.9124	0.0	0
1:14:14:15	7	4	22	22.2737	20.2494	20.698500000000184
1:14:15:30	7	4	22	22.6047	20.2494	43.18500000000016
1:14:16:40	7	4	22	19.92	99.2501	100
1:14:17:55	7	4	22	17.3387	99.615	0
1:14:19:5	7	4	22	17.2101	1.2339	0
1:14:20:20	7	4	22	17.8479	0.0	0
1:14:21:30	7	4	22	18.1378	0.0	0
1:14:22:45	7	4	22	18.4215	0.0	0
1:14:23:55	7	4	22	18.7857	0.0	0
1:14:25:10	7	4	22	19.1426	0.0	0
1:14:26:20	7	4	22	19.705	0.0	0
1:14:27:35	7	4	22	19.9777	0.0	0
1:14:28:45	7	4	22	20.2271	0.0	0
1:14:30:0	7	4	22	20.4748	0.0	0
1:14:31:10	7	4	22	20.8011	0.0	0
1:14:32:25	7	4	22	21.3774	0.0	0
1:14:33:35	7	4	22	21.6325	0.0	0
1:14:34:50	7	4	22	21.8653	0.0	0
1:14:36:0	7	4	22	22.0374	23.0971	23.403000000000098
1:14:37:15	7	4	22	22.5499	31.1688	31.471500000000123
1:14:38:25	7	4	22	17.3782	99.3527	100
1:14:39:40	7	4	22	17.6765	1.2332	0
1:14:40:50	7	4	22	17.9773	0.0	0
1:14:42:5	7	4	22	18.2747	0.0	0
1:14:43:15	7	4	22	18.9783	0.0	0
1:14:44:30	7	4	22	19.2652	0.0	0
1:14:45:40	7	4	22	19.5512	0.0	0
1:14:46:55	7	4	22	19.8167	0.0	0
1:14:48:5	7	4	22	20.0657	0.0	0
1:14:49:20	7	4	22	20.5522	0.0	0
1:14:50:30	7	4	22	20.799	0.0	0
1:14:51:45	7	4	22	21.1029	0.0	0
1:14:52:55	7	4	22	21.3427	0.0	0
1:14:54:10	7	4	22	21.6006	0.0	0
1:14:55:25	7	4	22	22.1534	0.0	0
1:14:56:35	7	4	22	21.9709	43.7364	44.01800000000012
1:14:57:45	7	4	22	21.9709	24.0593	23.57250000000004
1:14:59:0	7	4	22	21.9709	25.7233	26.01900000000006
1:15:0:10	7	4	22	22.0989	25.7233	25.728000000000062
1:15:1:25	7	4	22	21.8585	34.669	35.03700000000008
1:15:2:35	7	4	22	21.9913	16.548	16.076
1:15:3:50	7	4	22	21.8696	27.9306	28.22699999999998
1:15:5:5	7	4	22	21.8696	17.5917	17.02049999999993
1:15:6:15	7	4	22	22.2957	17.5917	17.541999999999923
1:15:7:30	7	4	22	21.6191	47.7036	48.19550000000004
1:15:8:40	7	4	22	21.8677	0.0	0
1:15:9:55	7	4	22	21.9491	24.6387	24.98499999999998
1:15:11:5	7	4	22	21.9491	25.7129	26.03800000000014
1:15:12:20	7	4	22	22.3377	24.7575	24.30800000000012
1:15:13:30	7	4	22	21.997	52.5158	52.94400000000016
1:15:14:45	7	4	22	22.1258	25.496	24.939500000000038
1:15:15:55	7	4	22	22.063	39.2553	39.6800000000002
1:15:17:10	7	4	22	21.851	34.7622	34.29599999999998
1:15:18:20	7	4	22	21.6458	20.4582	19.96800000000003
1:15:19:35	7	4	22	21.8964	6.7503	6.268000000000178
1:15:20:45	7	4	22	22.259	24.2516	24.599000000000053
1:15:22:0	7	4	22	22.7593	46.7099	46.99900000000011
1:15:23:10	7	4	22	21.861	99.4989	100
1:15:24:25	7	4	22	18.9865	67.8159	67.30100000000002
1:15:25:35	7	4	22	19.2584	0.0	0
1:15:26:50	7	4	22	19.5141	0.0	0
1:15:28:0	7	4	22	19.827	0.0	0
1:15:29:15	7	4	22	20.4416	0.0	0
1:15:30:25	7	4	22	20.6858	0.0	0
1:15:31:40	7	4	22	20.9286	0.0	0
1:15:32:50	7	4	22	21.1511	0.0	0
1:15:34:5	7	4	22	21.3639	0.0	0
1:15:35:15	7	4	22	21.7273	0.0	0
1:15:36:30	7	4	22	21.9952	0.0	0
1:15:37:40	7	4	22	22.292	18.9693	19.37100000000008
1:15:38:55	7	4	22	22.4362	18.9693	37.56450000000015
1:15:40:5	7	4	22	22.4362	46.4272	46.8475
1:15:41:20	7	4	22	21.5511	48.577	49.04650000000002
1:15:42:30	7	4	22	21.7829	0.0	0
1:15:43:45	7	4	22	21.7829	25.7958	26.172499999999967
1:15:44:55	7	4	22	21.9097	21.072	20.524499999999986
1:15:46:10	7	4	22	22.2765	27.469	27.863499999999952
1:15:47:20	7	4	22	22.0158	52.2192	52.5684999999998
1:15:48:35	7	4	22	21.7909	30.7825	30.278999999999826
1:15:49:45	7	4	22	21.8417	17.9499	17.479999999999954
1:15:51:0	7	4	22	22.1888	22.2063	22.572499999999845
1:15:52:10	7	4	22	22.4227	45.9375	46.259999999999934
1:15:53:25	7	4	22	21.1301	60.0448	60.48399999999981
1:15:54:35	7	4	22	21.3523	0.0	0
1:15:55:50	7	4	22	21.5503	0.0	0
1:15:57:0	7	4	22	21.7476	0.0	0
1:15:58:15	7	4	22	21.9872	23.081	23.38649999999987
1:15:59:25	7	4	22	22.4992	35.5212	35.8730000000001
1:16:0:40	7	4	22	20.3262	70.2039	70.55099999999985
1:16:1:50	7	4	22	20.4753	0.0	0
1:16:3:5	7	4	22	20.679	0.0	0
1:16:4:15	7	4	22	21.072	0.0	0
1:16:5:30	7	4	22	21.3305	0.0	0
1:16:6:40	7	4	22	21.5206	0.0	0
1:16:7:50	7	4	22	21.708	0.0	0
1:16:9:5	7	4	22	21.8642	23.6204	23.939999999999717
1:16:10:20	7	4	22	21.7742	29.5836	29.923999999999893
1:16:11:30	7	4	22	21.827	19.9527	19.472999999999878
1:16:12:40	7	4	22	21.7855	22.0679	22.524999999999977
1:16:13:55	7	4	22	21.7855	17.3645	16.89049999999977
1:16:15:5	7	4	22	22.0837	15.8976	15.3679999999998
1:16:16:20	7	4	22	21.9054	35.1725	35.587999999999894
1:16:17:35	7	4	22	22.1682	19.0933	18.579499999999868
1:16:18:45	7	4	22	22.7105	39.5587	40.017999999999766
1:16:20:0	7	4	22	24.5382	99.5928	100
1:16:21:10	7	4	22	20.5599	99.5928	100
1:16:22:20	7	4	22	19.831	0.0	0
1:16:23:35	7	4	22	20.0384	0.0	0
1:16:24:50	7	4	22	20.2352	0.0	0
1:16:26:0	7	4	22	20.419	0.0	0
1:16:27:15	7	4	22	20.9251	0.0	0
1:16:28:25	7	4	22	21.1052	0.0	0
1:16:29:35	7	4	22	21.2801	0.0	0
1:16:30:50	7	4	22	21.4333	0.0	0
1:16:32:0	7	4	22	21.5798	0.0	0
1:16:33:15	7	4	22	21.9473	0.0	0
1:16:34:25	7	4	22	22.3154	31.8915	32.18649999999997
1:16:35:40	7	4	22	22.1936	53.2639	53.75450000000009
1:16:36:50	7	4	22	21.8692	42.7482	42.25200000000004
1:16:38:5	7	4	22	21.7504	22.1802	21.68499999999999
1:16:39:15	7	4	22	21.8386	16.8309	16.332999999999977
1:16:40:30	7	4	22	21.8386	16.8309	22.23400000000001
1:16:41:40	7	4	22	21.9161	18.8679	19.296999999999997
1:16:42:55	7	4	22	21.9161	18.8679	23.495500000000035
1:16:44:5	7	4	22	22.2097	21.0227	21.494000000000028
1:16:45:20	7	4	22	22.8462	42.1919	42.67500000000014
1:16:46:30	7	4	22	19.7347	99.4564	100
1:16:47:45	7	4	22	19.8838	1.2339	0
1:16:48:55	7	4	22	20.041	0.0	0
1:16:50:10	7	4	22	20.1917	0.0	0
1:16:51:20	7	4	22	20.5499	0.0	0
1:16:52:35	7	4	22	20.7786	0.0	0
1:16:53:45	7	4	22	20.9981	0.0	0
1:16:55:0	7	4	22	21.1415	0.0	0
1:16:56:10	7	4	22	21.2914	0.0	0
1:16:57:25	7	4	22	21.5464	0.0	0
1:16:58:35	7	4	22	21.664	0.0	0
1:16:59:50	7	4	22	21.7339	13.8099	14.233500000000259
1:17:1:0	7	4	22	21.7339	14.0486	14.352
1:17:2:15	7	4	22	22.1983	11.0971	10.64250000000003
1:17:3:25	7	4	22	21.8027	42.5251	42.81150000000011
1:17:4:40	7	4	22	21.9225	8.688	8.158500000000224
1:17:5:50	7	4	22	21.9225	20.7714	21.104500000000055
1:17:7:5	7	4	22	21.9225	19.0949	18.53250000000008
1:17:8:15	7	4	22	22.4311	18.2394	17.757500000000075
1:17:9:30	7	4	22	21.7396	54.7464	55.12750000000017
1:17:10:40	7	4	22	21.8939	0.0	0
1:17:11:55	7	4	22	21.9601	18.9403	19.340999999999955
1:17:13:5	7	4	22	21.9601	20.6268	20.930500000000105
1:17:14:20	7	4	22	22.363	19.9874	19.53850000000008
1:17:15:30	7	4	22	21.8663	48.8986	49.357000000000006
1:17:16:45	7	4	22	21.9252	10.2532	9.690999999999974
1:17:17:55	7	4	22	22.039	19.8085	20.22200000000007
1:17:19:10	7	4	22	22.3287	26.6869	27.125500000000144
1:17:20:20	7	4	22	23.182	47.0815	47.53600000000013
1:17:21:35	7	4	22	24.7936	99.5024	100
1:17:22:45	7	4	22	20.9689	99.5024	100
1:17:24:0	7	4	22	20.9689	0.0	0
1:17:25:10	7	4	22	21.1102	0.0	0
1:17:26:25	7	4	22	21.3301	0.0	0
1:17:27:35	7	4	22	21.4298	0.0	0
1:17:28:50	7	4	22	21.6047	0.0	0
1:17:30:0	7	4	22	21.7746	0.0	0
1:17:31:15	7	4	22	21.9318	19.2378	19.649499999999893
1:17:32:25	7	4	22	21.7908	26.1904	26.63699999999988
1:17:33:40	7	4	22	21.9704	13.4909	13.02200000000001
1:17:34:50	7	4	22	22.0467	26.1516	26.51500000000004
1:17:36:5	7	4	22	21.7366	28.9061	29.24750000000003
1:17:37:15	7	4	22	21.8574	5.8315	5.312499999999893
1:17:38:30	7	4	22	22.0526	15.9355	16.38999999999985
1:17:39:40	7	4	22	21.99	27.4868	27.7920000000001
1:17:40:55	7	4	22	22.0202	21.1609	20.69499999999982
1:17:42:5	7	4	22	21.9829	23.3245	23.798999999999904
1:17:43:20	7	4	22	21.9829	21.271	20.75050000000001
1:17:44:30	7	4	22	22.1634	21.271	21.138999999999992
1:17:45:40	7	4	22	22.4737	34.1285	34.50549999999989
1:17:46:55	7	4	22	21.4781	56.4198	56.704500000000024
1:17:48:10	7	4	22	21.2948	0.0	0
1:17:49:20	7	4	22	21.5232	0.0	0
1:17:50:30	7	4	22	21.6802	0.0	0
1:17:51:45	7	4	22	21.6802	20.7952	21.26450000000002
1:17:53:0	7	4	22	21.6802	16.1822	15.711500000000012
1:17:54:10	7	4	22	21.6802	12.9812	12.513500000000004
1:17:55:25	7	4	22	21.764	9.7831	9.315499999999997
1:17:56:35	7	4	22	21.9256	11.9329	12.402499999999996
1:17:57:50	7	4	22	22.1114	20.5612	20.905499999999986
1:17:59:0	7	4	22	22.376	31.1796	31.67250000000001
1:18:0:10	7	4	22	21.3278	49.4679	49.84450000000011
1:18:1:25	7	4	22	21.453	0.0	0
1:18:2:35	7	4	22	21.5999	0.0	0
1:18:3:50	7	4	22	21.7383	0.0	0
1:18:5:0	7	4	22	21.8174	17.6669	18.0204999999998
1:18:6:15	7	4	22	21.9306	18.8636	19.25999999999986
1:18:7:30	7	4	22	21.8518	24.4388	24.737499999999777
1:18:8:40	7	4	22	21.8518	16.9324	16.43549999999996
1:18:9:55	7	4	22	21.8518	16.6906	16.13549999999993
1:18:11:5	7	4	22	21.9097	15.1788	14.653499999999937
1:18:12:20	7	4	22	22.2221	17.1025	17.51399999999995
1:18:13:30	7	4	22	21.8009	38.6745	39.17249999999997
1:18:14:45	7	4	22	21.8009	5.6416	5.117499999999794
1:18:15:55	7	4	22	21.9351	8.9696	9.444499999999817
1:18:17:10	7	4	22	22.0904	17.2036	17.518499999999793
1:18:18:20	7	4	22	22.4744	26.1369	26.503999999999813
1:18:19:35	7	4	22	21.3983	53.4617	53.87849999999982
1:18:20:45	7	4	22	21.4801	0.0	0
1:18:22:0	7	4	22	21.5345	0.0	0
1:18:23:10	7	4	22	21.5345	0.0	0
1:18:24:25	7	4	22	21.618	9.0665	9.443499999999982
1:18:25:35	7	4	22	21.618	10.7488	11.050999999999789
1:18:26:50	7	4	22	21.7959	6.438	5.978499999999816
1:18:28:0	7	4	22	21.928	15.1504	15.50099999999988
1:18:29:15	7	4	22	22.112	20.2075	20.698999999999952
1:18:30:25	7	4	22	21.8827	31.5055	31.797499999999754
1:18:31:40	7	4	22	21.9399	13.4994	12.959999999999887
1:18:32:50	7	4	22	22.1201	19.1973	19.51649999999999
1:18:34:5	7	4	22	22.3592	31.2414	31.572499999999923
1:18:35:15	7	4	22	21.6824	47.6943	48.002999999999986
1:18:36:30	7	4	22	21.7848	0.0	0
1:18:37:40	7	4	22	21.8014	14.2114	14.655999999999967
1:18:38:55	7	4	22	21.8014	12.6777	12.213000000000012
1:18:40:5	7	4	22	21.8014	10.4447	9.978000000000016
1:18:41:20	7	4	22	21.9068	8.4416	7.992000000000026
1:18:42:30	7	4	22	22.0858	13.4302	13.910999999999998
1:18:43:45	7	4	22	22.2472	24.5408	24.822999999999897
1:18:44:55	7	4	22	22.5338	34.6464	35.10099999999994
1:18:46:10	7	4	22	21.0071	99.5597	100
1:18:47:20	7	4	22	24.347	1.2334	0
1:18:48:35	7	4	22	22.0831	99.3345	100
1:18:49:45	7	4	22	16.8966	88.1917	87.74350000000015
1:18:51:0	7	4	22	16.8966	0.0	0
1:18:52:10	7	4	22	17.0103	0.0	0
1:18:53:25	7	4	22	17.345	0.0	0
1:18:54:35	7	4	22	17.5252	0.0	0
1:18:55:50	7	4	22	17.7038	0.0	0
1:18:57:0	7	4	22	17.8902	0.0	0
1:18:58:15	7	4	22	18.123	0.0	0
1:18:59:25	7	4	22	18.2813	0.0	0
1:19:0:40	7	4	22	18.4583	0.0	0
1:19:1:50	7	4	22	18.628	0.0	0
1:19:3:5	7	4	22	18.7924	0.0	0
1:19:4:15	7	4	22	18.9796	0.0	0
1:19:5:30	7	4	22	19.0733	0.0	0
1:19:6:40	7	4	22	19.1682	0.0	0
1:19:7:55	7	4	22	19.2621	0.0	0
1:19:9:5	7	4	22	19.3547	0.0	0
1:19:10:20	7	4	22	19.6354	0.0	0
1:19:11:30	7	4	22	19.7804	0.0	0
1:19:12:45	7	4	22	19.9116	0.0	0
1:19:13:55	7	4	22	19.9116	0.0	0
1:19:15:10	7	4	22	20.0328	0.0	0
1:19:16:20	7	4	22	20.223	0.0	0
1:19:17:35	7	4	22	20.3531	0.0	0
1:19:18:45	7	4	22	20.484	0.0	0
1:19:20:0	7	4	22	20.6118	0.0	0
1:19:21:10	7	4	22	20.732	0.0	0
1:19:22:25	7	4	22	20.8092	0.0	0
1:19:23:35	7	4	22	20.9281	0.0	0
1:19:24:50	7	4	22	20.9281	0.0	0
1:19:26:0	7	4	22	21.0081	0.0	0
1:19:27:15	7	4	22	21.1628	0.0	0
1:19:28:25	7	4	22	21.2725	0.0	0
1:19:29:40	7	4	22	21.379	0.0	0
1:19:30:50	7	4	22	21.4905	0.0	0
1:19:32:5	7	4	22	21.5351	0.0	0
1:19:33:15	7	4	22	21.7178	0.0	0
1:19:34:30	7	4	22	21.6352	16.9466	17.273500000000066
1:19:35:40	7	4	22	21.6352	5.9621	5.516000000000112
1:19:36:55	7	4	22	21.7237	3.5845	3.107000000000113
1:19:38:5	7	4	22	21.7237	5.6553	6.096500000000109
1:19:39:20	7	4	22	21.8108	2.4728	2.006000000000121
1:19:40:30	7	4	22	21.9202	5.395	5.775500000000093
1:19:41:45	7	4	22	22.0152	10.3124	10.782000000000167
1:19:42:55	7	4	22	22.1223	15.0297	15.468000000000082
1:19:44:5	7	4	22	22.2368	21.8004	22.22750000000003
1:19:45:20	7	4	22	22.1275	30.1109	30.431500000000007
1:19:46:35	7	4	22	22.0033	23.3616	22.884500000000187
1:19:47:45	7	4	22	21.8875	16.9521	16.484000000000023
1:19:49:0	7	4	22	21.9782	10.1728	9.695000000000036
1:19:50:10	7	4	22	22.0812	16.7077	17.109500000000164
1:19:51:25	7	4	22	22.339	22.8919	23.255999999999997
1:19:52:35	7	4	22	22.6383	41.4707	41.85799999999999
1:19:53:50	7	4	22	17.348	99.6056	100
1:19:55:0	7	4	22	17.2047	1.2338	0
1:19:56:10	7	4	22	17.3055	0.0	0
1:19:56:10	7	4	22	17.3055	0.0	0
1:19:56:10	7	4	22	17.3055	0.0	0
1:19:56:10	7	4	22	17.3055	0.0	0
1:19:56:10	7	4	22	17.3055	0.0	0
1:19:56:10	7	4	22	17.3055	0.0	0
1:19:56:10	7	4	22	17.3055	0.0	0
1:19:56:10	7	4	22	17.3055	0.0	0
1:19:56:10	7	4	22	17.3055	0.0	0
1:19:56:10	7	4	22	17.3055	0.0	0
1:19:56:10	7	4	22	17.3055	0.0	0
1:19:56:10	7	4	22	17.3055	0.0	0
1:19:56:10	7	4	22	17.3055	0.0	0
1:19:56:10	7	4	22	17.3055	0.0	0
1:19:56:10	7	4	22	17.3055	0.0	0
1:19:56:10	7	4	22	17.3055	0.0	0
1:19:56:10	7	4	22	17.3055	0.0	0
1:19:56:10	7	4	22	17.3055	0.0	0
1:19:56:10	7	4	22	17.3055	0.0	0
1:19:56:10	7	4	22	17.3055	0.0	0
1:19:56:10	7	4	22	17.3055	0.0	0
1:19:56:10	7	4	22	17.3055	0.0	0
1:19:56:10	7	4	22	17.3055	0.0	0
1:19:56:10	7	4	22	17.3055	0.0	0
1:19:56:10	7	4	22	17.3055	0.0	0
1:19:56:10	7	4	22	17.3055	0.0	0
1:19:56:10	7	4	22	17.3055	0.0	0
1:19:56:10	7	4	22	17.3055	0.0	0
1:19:56:10	7	4	22	17.3055	0.0	0
1:19:56:10	7	4	22	17.3055	0.0	0
1:19:56:10	7	4	22	17.3055	0.0	0
1:19:56:10	7	4	22	17.3055	0.0	0
1:19:56:10	7	4	22	17.3055	0.0	0
1:19:56:10	7	4	22	17.3055	0.0	0
1:19:56:10	7	4	22	17.3055	0.0	0
1:19:56:10	7	4	22	17.3055	0.0	0
1:19:56:10	7	4	22	17.3055	0.0	0
1:19:56:10	7	4	22	17.3055	0.0	0
1:19:56:10	7	4	22	17.3055	0.0	0
1:19:56:10	7	4	22	17.3055	0.0	0
1:19:56:10	7	4	22	17.3055	0.0	0
1:19:56:10	7	4	22	17.3055	0.0	0
1:19:56:10	7	4	22	17.3055	0.0	0
1:19:56:10	7	4	22	17.3055	0.0	0
1:19:56:10	7	4	22	17.3055	0.0	0
1:19:56:10	7	4	22	17.3055	0.0	0
1:19:56:10	7	4	22	17.3055	0.0	0
1:19:56:10	7	4	22	17.3055	0.0	0
1:19:56:10	7	4	22	17.3055	0.0	0
1:19:56:10	7	4	22	17.3055	0.0	0
1:19:56:10	7	4	22	17.3055	0.0	0
1:19:56:10	7	4	22	17.3055	0.0	0
1:19:56:10	7	4	22	17.3055	0.0	0
1:19:56:10	7	4	22	17.3055	0.0	0
1:19:56:10	7	4	22	17.3055	0.0	0
1:19:56:10	7	4	22	17.3055	0.0	0
1:19:56:10	7	4	22	17.3055	0.0	0
1:19:56:10	7	4	22	17.3055	0.0	0
1:19:56:10	7	4	22	17.3055	0.0	0
1:19:56:10	7	4	22	17.3055	0.0	0
1:19:56:10	7	4	22	17.3055	0.0	0
1:19:56:10	7	4	22	17.3055	0.0	0
1:19:56:10	7	4	22	17.3055	0.0	0
1:19:56:10	7	4	22	17.3055	0.0	0
1:19:56:10	7	4	22	17.3055	0.0	0
1:19:56:10	7	4	22	17.3055	0.0	0
1:19:56:10	7	4	22	17.3055	0.0	0
1:19:56:10	7	4	22	17.3055	0.0	0
1:19:56:10	7	4	22	17.3055	0.0	0
1:19:56:10	7	4	22	17.3055	0.0	0
1:19:56:10	7	4	22	17.3055	0.0	0
1:19:56:10	7	4	22	17.3055	0.0	0
1:19:56:10	7	4	22	17.3055	0.0	0
1:19:56:10	7	4	22	17.3055	0.0	0
1:19:56:10	7	4	22	17.3055	0.0	0
1:19:56:10	7	4	22	17.3055	0.0	0
1:19:56:10	7	4	22	17.3055	0.0	0
1:19:56:10	7	4	22	17.3055	0.0	0
1:19:56:10	7	4	22	17.3055	0.0	0
1:19:56:10	7	4	22	17.3055	0.0	0
1:19:56:10	7	4	22	17.3055	0.0	0
1:19:56:10	7	4	22	17.3055	0.0	0
1:19:56:10	7	4	22	17.3055	0.0	0
1:19:56:10	7	4	22	17.3055	0.0	0
1:19:56:10	7	4	22	17.3055	0.0	0
1:19:56:10	7	4	22	17.3055	0.0	0
1:19:56:10	7	4	22	17.3055	0.0	0
1:19:56:10	7	4	22	17.3055	0.0	0
1:19:56:10	7	4	22	17.3055	0.0	0
1:19:56:10	7	4	22	17.3055	0.0	0
1:19:56:10	7	4	22	17.3055	0.0	0
1:19:56:10	7	4	22	17.3055	0.0	0
1:19:56:10	7	4	22	17.3055	0.0	0
1:19:56:10	7	4	22	17.3055	0.0	0
1:19:56:10	7	4	22	17.3055	0.0	0
1:19:56:10	7	4	22	17.3055	0.0	0
1:19:56:10	7	4	22	17.3055	0.0	0
1:19:56:10	7	4	22	17.3055	0.0	0
1:19:56:10	7	4	22	17.3055	0.0	0
1:19:56:10	7	4	22	17.3055	0.0	0
1:19:56:10	7	4	22	17.3055	0.0	0
1:19:56:10	7	4	22	17.3055	0.0	0
1:19:56:10	7	4	22	17.3055	0.0	0
1:19:56:10	7	4	22	17.3055	0.0	0
1:19:56:10	7	4	22	17.3055	0.0	0
1:19:56:10	7	4	22	17.3055	0.0	0
1:19:56:10	7	4	22	17.3055	0.0	0
1:19:56:10	7	4	22	17.3055	0.0	0
1:19:56:10	7	4	22	17.3055	0.0	0
1:19:56:10	7	4	22	17.3055	0.0	0
1:19:56:10	7	4	22	17.3055	0.0	0
1:19:56:10	7	4	22	17.3055	0.0	0
1:19:56:10	7	4	22	17.3055	0.0	0
1:19:56:10	7	4	22	17.3055	0.0	0
1:19:56:10	7	4	22	17.3055	0.0	0
1:19:56:10	7	4	22	17.3055	0.0	0
1:19:56:10	7	4	22	17.3055	0.0	0
1:19:56:10	7	4	22	17.3055	0.0	0
1:19:56:10	7	4	22	17.3055	0.0	0
1:19:56:10	7	4	22	17.3055	0.0	0
1:19:56:10	7	4	22	17.3055	0.0	0
1:19:56:10	7	4	22	17.3055	0.0	0
1:19:56:10	7	4	22	17.3055	0.0	0
1:19:56:10	7	4	22	17.3055	0.0	0
1:19:56:10	7	4	22	17.3055	0.0	0
1:19:56:10	7	4	22	17.3055	0.0	0
1:19:56:10	7	4	22	17.3055	0.0	0
1:19:56:10	7	4	22	17.3055	0.0	0
1:19:56:10	7	4	22	17.3055	0.0	0
1:19:56:10	7	4	22	17.3055	0.0	0
1:19:56:10	7	4	22	17.3055	0.0	0
1:19:56:10	7	4	22	17.3055	0.0	0
1:19:56:10	7	4	22	17.3055	0.0	0
1:19:56:10	7	4	22	17.3055	0.0	0
1:19:56:10	7	4	22	17.3055	0.0	0
1:19:56:10	7	4	22	17.3055	0.0	0
1:19:56:10	7	4	22	17.3055	0.0	0
1:19:56:10	7	4	22	17.3055	0.0	0
1:19:56:10	7	4	22	17.3055	0.0	0
1:19:56:10	7	4	22	17.3055	0.0	0
1:19:56:10	7	4	22	17.3055	0.0	0
1:19:56:10	7	4	22	17.3055	0.0	0
1:19:56:10	7	4	22	17.3055	0.0	0
1:19:56:10	7	4	22	17.3055	0.0	0
1:19:56:10	7	4	22	17.3055	0.0	0
1:19:56:10	7	4	22	17.3055	0.0	0
1:19:56:10	7	4	22	17.3055	0.0	0
1:19:56:10	7	4	22	17.3055	0.0	0
1:19:56:10	7	4	22	17.3055	0.0	0
1:19:56:10	7	4	22	17.3055	0.0	0
1:19:56:10	7	4	22	17.3055	0.0	0
1:19:56:10	7	4	22	17.3055	0.0	0
1:19:56:10	7	4	22	17.3055	0.0	0
1:19:56:10	7	4	22	17.3055	0.0	0
1:19:56:10	7	4	22	17.3055	0.0	0
1:19:56:10	7	4	22	17.3055	0.0	0
1:19:56:10	7	4	22	17.3055	0.0	0
1:19:56:10	7	4	22	17.3055	0.0	0
1:19:56:10	7	4	22	17.3055	0.0	0
1:19:56:10	7	4	22	17.3055	0.0	0
1:19:56:10	7	4	22	17.3055	0.0	0
1:19:56:10	7	4	22	17.3055	0.0	0
1:19:56:10	7	4	22	17.3055	0.0	0
1:19:56:10	7	4	22	17.3055	0.0	0
1:19:56:10	7	4	22	17.3055	0.0	0
1:19:56:10	7	4	22	17.3055	0.0	0
1:19:56:10	7	4	22	17.3055	0.0	0
1:19:56:10	7	4	22	17.3055	0.0	0
1:19:56:10	7	4	22	17.3055	0.0	0
1:19:56:10	7	4	22	17.3055	0.0	0
1:19:56:10	7	4	22	17.3055	0.0	0
1:19:56:10	7	4	22	17.3055	0.0	0
1:19:56:10	7	4	22	17.3055	0.0	0
1:19:56:10	7	4	22	17.3055	0.0	0
1:19:56:10	7	4	22	17.3055	0.0	0
1:19:56:10	7	4	22	17.3055	0.0	0
1:19:56:10	7	4	22	17.3055	0.0	0
1:19:56:10	7	4	22	17.3055	0.0	0
1:19:56:10	7	4	22	17.3055	0.0	0
1:19:56:10	7	4	22	17.3055	0.0	0
1:19:56:10	7	4	22	17.3055	0.0	0
1:19:56:10	7	4	22	17.3055	0.0	0
1:19:56:10	7	4	22	17.3055	0.0	0
1:19:56:10	7	4	22	17.3055	0.0	0
1:19:56:10	7	4	22	17.3055	0.0	0
1:19:56:10	7	4	22	17.3055	0.0	0
1:19:56:10	7	4	22	17.3055	0.0	0
1:19:56:10	7	4	22	17.3055	0.0	0
1:19:56:10	7	4	22	17.3055	0.0	0
1:19:56:10	7	4	22	17.3055	0.0	0
1:19:56:10	7	4	22	17.3055	0.0	0
1:19:56:10	7	4	22	17.3055	0.0	0
1:19:56:10	7	4	22	17.3055	0.0	0
1:19:56:10	7	4	22	17.3055	0.0	0
1:19:56:10	7	4	22	17.3055	0.0	0
1:19:56:10	7	4	22	17.3055	0.0	0
1:19:56:10	7	4	22	17.3055	0.0	0
1:19:56:10	7	4	22	17.3055	0.0	0
1:19:56:10	7	4	22	17.3055	0.0	0
1:19:56:10	7	4	22	17.3055	0.0	0
1:19:56:10	7	4	22	17.3055	0.0	0
1:19:56:10	7	4	22	17.3055	0.0	0
1:19:56:10	7	4	22	17.3055	0.0	0
1:19:56:10	7	4	22	17.3055	0.0	0
1:19:56:10	7	4	22	17.3055	0.0	0
1:19:56:10	7	4	22	17.3055	0.0	0
1:19:56:10	7	4	22	17.3055	0.0	0
1:19:56:10	7	4	22	17.3055	0.0	0
1:19:56:10	7	4	22	17.3055	0.0	0
1:19:56:10	7	4	22	17.3055	0.0	0
1:19:56:10	7	4	22	17.3055	0.0	0
1:19:56:10	7	4	22	17.3055	0.0	0
1:19:56:10	7	4	22	17.3055	0.0	0
1:19:56:10	7	4	22	17.3055	0.0	0
1:19:56:10	7	4	22	17.3055	0.0	0
1:19:56:10	7	4	22	17.3055	0.0	0
1:19:56:10	7	4	22	17.3055	0.0	0
1:19:56:10	7	4	22	17.3055	0.0	0
1:19:56:10	7	4	22	17.3055	0.0	0
1:19:56:10	7	4	22	17.3055	0.0	0
1:19:56:10	7	4	22	17.3055	0.0	0
1:19:56:10	7	4	22	17.3055	0.0	0
1:19:56:10	7	4	22	17.3055	0.0	0
1:19:56:10	7	4	22	17.3055	0.0	0
1:19:56:10	7	4	22	17.3055	0.0	0
1:19:56:10	7	4	22	17.3055	0.0	0
1:19:56:10	7	4	22	17.3055	0.0	0
1:19:56:10	7	4	22	17.3055	0.0	0
1:19:56:10	7	4	22	17.3055	0.0	0
1:19:56:10	7	4	22	17.3055	0.0	0
1:19:56:10	7	4	22	17.3055	0.0	0
1:19:56:10	7	4	22	17.3055	0.0	0
1:19:56:10	7	4	22	17.3055	0.0	0
1:19:56:10	7	4	22	17.3055	0.0	0
1:19:56:10	7	4	22	17.3055	0.0	0
1:19:56:10	7	4	22	17.3055	0.0	0
1:19:56:10	7	4	22	17.3055	0.0	0
1:19:56:10	7	4	22	17.3055	0.0	0
1:19:56:10	7	4	22	17.3055	0.0	0
1:19:56:10	7	4	22	17.3055	0.0	0
1:19:56:10	7	4	22	17.3055	0.0	0
1:19:56:10	7	4	22	17.3055	0.0	0
1:19:56:10	7	4	22	17.3055	0.0	0
1:19:56:10	7	4	22	17.3055	0.0	0
1:19:56:10	7	4	22	17.3055	0.0	0
1:19:56:10	7	4	22	17.3055	0.0	0
1:19:56:10	7	4	22	17.3055	0.0	0
1:19:56:10	7	4	22	17.3055	0.0	0
1:19:56:10	7	4	22	17.3055	0.0	0
1:19:56:10	7	4	22	17.3055	0.0	0
1:19:56:10	7	4	22	17.3055	0.0	0
1:19:56:10	7	4	22	17.3055	0.0	0
1:19:56:10	7	4	22	17.3055	0.0	0
1:19:56:10	7	4	22	17.3055	0.0	0
1:19:56:10	7	4	22	17.3055	0.0	0
1:19:56:10	7	4	22	17.3055	0.0	0
1:19:56:10	7	4	22	17.3055	0.0	0
1:19:56:10	7	4	22	17.3055	0.0	0
1:19:56:10	7	4	22	17.3055	0.0	0
1:19:56:10	7	4	22	17.3055	0.0	0
1:19:56:10	7	4	22	17.3055	0.0	0
1:19:56:10	7	4	22	17.3055	0.0	0
1:19:56:10	7	4	22	17.3055	0.0	0
1:19:56:10	7	4	22	17.3055	0.0	0
1:19:56:10	7	4	22	17.3055	0.0	0
1:19:56:10	7	4	22	17.3055	0.0	0
1:19:56:10	7	4	22	17.3055	0.0	0
1:19:56:10	7	4	22	17.3055	0.0	0
1:19:56:10	7	4	22	17.3055	0.0	0
1:19:56:10	7	4	22	17.3055	0.0	0
1:19:56:10	7	4	22	17.3055	0.0	0
1:19:56:10	7	4	22	17.3055	0.0	0
1:19:56:10	7	4	22	17.3055	0.0	0
1:19:56:10	7	4	22	17.3055	0.0	0
1:19:56:10	7	4	22	17.3055	0.0	0
1:19:56:10	7	4	22	17.3055	0.0	0
1:19:56:10	7	4	22	17.3055	0.0	0
1:19:56:10	7	4	22	17.3055	0.0	0
1:19:56:10	7	4	22	17.3055	0.0	0
1:19:56:10	7	4	22	17.3055	0.0	0
1:19:56:10	7	4	22	17.3055	0.0	0
1:19:56:10	7	4	22	17.3055	0.0	0
1:19:56:10	7	4	22	17.3055	0.0	0
1:19:56:10	7	4	22	17.3055	0.0	0
1:19:56:10	7	4	22	17.3055	0.0	0
1:19:56:10	7	4	22	17.3055	0.0	0
1:19:56:10	7	4	22	17.3055	0.0	0
1:19:56:10	7	4	22	17.3055	0.0	0
1:19:56:10	7	4	22	17.3055	0.0	0
1:19:56:10	7	4	22	17.3055	0.0	0
1:19:56:10	7	4	22	17.3055	0.0	0
1:19:56:10	7	4	22	17.3055	0.0	0
1:19:56:10	7	4	22	17.3055	0.0	0
1:19:56:10	7	4	22	17.3055	0.0	0
1:19:56:10	7	4	22	17.3055	0.0	0
1:19:56:10	7	4	22	17.3055	0.0	0
1:19:56:10	7	4	22	17.3055	0.0	0
1:19:56:10	7	4	22	17.3055	0.0	0
1:19:56:10	7	4	22	17.3055	0.0	0
1:19:56:10	7	4	22	17.3055	0.0	0
1:19:56:10	7	4	22	17.3055	0.0	0
1:19:56:10	7	4	22	17.3055	0.0	0
1:19:56:10	7	4	22	17.3055	0.0	0
1:19:56:10	7	4	22	17.3055	0.0	0
1:19:56:10	7	4	22	17.3055	0.0	0
1:19:56:10	7	4	22	17.3055	0.0	0
1:19:56:10	7	4	22	17.3055	0.0	0
1:19:56:10	7	4	22	17.3055	0.0	0
1:19:56:10	7	4	22	17.3055	0.0	0
1:19:56:10	7	4	22	17.3055	0.0	0
1:19:56:10	7	4	22	17.3055	0.0	0
1:19:56:10	7	4	22	17.3055	0.0	0
1:19:56:10	7	4	22	17.3055	0.0	0
1:19:56:10	7	4	22	17.3055	0.0	0
1:19:56:10	7	4	22	17.3055	0.0	0
1:19:56:10	7	4	22	17.3055	0.0	0
1:19:56:10	7	4	22	17.3055	0.0	0
1:19:56:10	7	4	22	17.3055	0.0	0
1:19:56:10	7	4	22	17.3055	0.0	0
1:19:56:10	7	4	22	17.3055	0.0	0
1:19:56:10	7	4	22	17.3055	0.0	0
1:19:56:10	7	4	22	17.3055	0.0	0
1:19:56:10	7	4	22	17.3055	0.0	0
1:19:56:10	7	4	22	17.3055	0.0	0
1:19:56:10	7	4	22	17.3055	0.0	0
1:19:56:10	7	4	22	17.3055	0.0	0
1:19:56:10	7	4	22	17.3055	0.0	0
1:19:56:10	7	4	22	17.3055	0.0	0
1:19:56:10	7	4	22	17.3055	0.0	0
1:19:56:10	7	4	22	17.3055	0.0	0
1:19:56:10	7	4	22	17.3055	0.0	0
1:19:56:10	7	4	22	17.3055	0.0	0
1:19:56:10	7	4	22	17.3055	0.0	0
1:19:56:10	7	4	22	17.3055	0.0	0
1:19:56:10	7	4	22	17.3055	0.0	0
1:19:56:10	7	4	22	17.3055	0.0	0
1:19:56:10	7	4	22	17.3055	0.0	0
1:19:56:10	7	4	22	17.3055	0.0	0
1:19:56:10	7	4	22	17.3055	0.0	0
1:19:56:10	7	4	22	17.3055	0.0	0
1:19:56:10	7	4	22	17.3055	0.0	0
1:19:56:10	7	4	22	17.3055	0.0	0
1:19:56:10	7	4	22	17.3055	0.0	0
1:19:56:10	7	4	22	17.3055	0.0	0
1:19:56:10	7	4	22	17.3055	0.0	0
1:19:56:10	7	4	22	17.3055	0.0	0
1:19:56:10	7	4	22	17.3055	0.0	0
1:19:56:10	7	4	22	17.3055	0.0	0
1:19:56:10	7	4	22	17.3055	0.0	0
1:19:56:10	7	4	22	17.3055	0.0	0
1:19:56:10	7	4	22	17.3055	0.0	0
1:19:56:10	7	4	22	17.3055	0.0	0
1:19:56:10	7	4	22	17.3055	0.0	0
1:19:56:10	7	4	22	17.3055	0.0	0
1:19:56:10	7	4	22	17.3055	0.0	0
1:19:56:10	7	4	22	17.3055	0.0	0
1:19:56:10	7	4	22	17.3055	0.0	0
1:19:56:10	7	4	22	17.3055	0.0	0
1:19:56:10	7	4	22	17.3055	0.0	0
1:19:56:10	7	4	22	17.3055	0.0	0
1:19:56:10	7	4	22	17.3055	0.0	0
1:19:56:10	7	4	22	17.3055	0.0	0
1:19:56:10	7	4	22	17.3055	0.0	0
1:19:56:10	7	4	22	17.3055	0.0	0
1:19:56:10	7	4	22	17.3055	0.0	0
1:19:56:10	7	4	22	17.3055	0.0	0
1:19:56:10	7	4	22	17.3055	0.0	0
1:19:56:10	7	4	22	17.3055	0.0	0
1:19:56:10	7	4	22	17.3055	0.0	0
1:19:56:10	7	4	22	17.3055	0.0	0
1:19:56:10	7	4	22	17.3055	0.0	0
1:19:56:10	7	4	22	17.3055	0.0	0
1:19:56:10	7	4	22	17.3055	0.0	0
1:19:56:10	7	4	22	17.3055	0.0	0
1:19:56:10	7	4	22	17.3055	0.0	0
1:19:56:10	7	4	22	17.3055	0.0	0
1:19:56:10	7	4	22	17.3055	0.0	0
1:19:56:10	7	4	22	17.3055	0.0	0
1:19:56:10	7	4	22	17.3055	0.0	0
1:19:56:10	7	4	22	17.3055	0.0	0
1:19:56:10	7	4	22	17.3055	0.0	0
1:19:56:10	7	4	22	17.3055	0.0	0
1:19:56:10	7	4	22	17.3055	0.0	0
1:19:56:10	7	4	22	17.3055	0.0	0
1:19:56:10	7	4	22	17.3055	0.0	0
1:19:56:10	7	4	22	17.3055	0.0	0
1:19:56:10	7	4	22	17.3055	0.0	0
1:19:56:10	7	4	22	17.3055	0.0	0
1:19:56:10	7	4	22	17.3055	0.0	0
1:19:56:10	7	4	22	17.3055	0.0	0
1:19:56:10	7	4	22	17.3055	0.0	0
1:19:56:10	7	4	22	17.3055	0.0	0
1:19:56:10	7	4	22	17.3055	0.0	0
1:19:56:10	7	4	22	17.3055	0.0	0
1:19:56:10	7	4	22	17.3055	0.0	0
1:19:56:10	7	4	22	17.3055	0.0	0
1:19:56:10	7	4	22	17.3055	0.0	0
1:19:56:10	7	4	22	17.3055	0.0	0
1:19:56:10	7	4	22	17.3055	0.0	0
1:19:56:10	7	4	22	17.3055	0.0	0
1:19:56:10	7	4	22	17.3055	0.0	0
1:19:56:10	7	4	22	17.3055	0.0	0
1:19:56:10	7	4	22	17.3055	0.0	0
1:19:56:10	7	4	22	17.3055	0.0	0
1:19:56:10	7	4	22	17.3055	0.0	0
1:19:56:10	7	4	22	17.3055	0.0	0
1:19:56:10	7	4	22	17.3055	0.0	0
1:19:56:10	7	4	22	17.3055	0.0	0
1:19:56:10	7	4	22	17.3055	0.0	0
1:19:56:10	7	4	22	17.3055	0.0	0
1:19:56:10	7	4	22	17.3055	0.0	0
1:19:56:10	7	4	22	17.3055	0.0	0
1:19:56:10	7	4	22	17.3055	0.0	0
1:19:56:10	7	4	22	17.3055	0.0	0
1:19:56:10	7	4	22	17.3055	0.0	0
1:19:56:10	7	4	22	17.3055	0.0	0
1:19:56:10	7	4	22	17.3055	0.0	0
1:19:56:10	7	4	22	17.3055	0.0	0
1:19:56:10	7	4	22	17.3055	0.0	0
1:19:56:10	7	4	22	17.3055	0.0	0
1:19:56:10	7	4	22	17.3055	0.0	0
1:19:56:10	7	4	22	17.3055	0.0	0
1:19:56:10	7	4	22	17.3055	0.0	0
1:19:56:10	7	4	22	17.3055	0.0	0
1:19:56:10	7	4	22	17.3055	0.0	0
1:19:56:10	7	4	22	17.3055	0.0	0
1:19:56:10	7	4	22	17.3055	0.0	0
1:19:56:10	7	4	22	17.3055	0.0	0
1:19:56:10	7	4	22	17.3055	0.0	0
1:19:56:10	7	4	22	17.3055	0.0	0
1:19:56:10	7	4	22	17.3055	0.0	0
1:19:56:10	7	4	22	17.3055	0.0	0
1:19:56:10	7	4	22	17.3055	0.0	0
1:19:56:10	7	4	22	17.3055	0.0	0
1:19:56:10	7	4	22	17.3055	0.0	0
1:19:56:10	7	4	22	17.3055	0.0	0
1:19:56:10	7	4	22	17.3055	0.0	0
1:19:56:10	7	4	22	17.3055	0.0	0
1:19:56:10	7	4	22	17.3055	0.0	0
1:19:56:10	7	4	22	17.3055	0.0	0
1:19:56:10	7	4	22	17.3055	0.0	0
1:19:56:10	7	4	22	17.3055	0.0	0
1:19:56:10	7	4	22	17.3055	0.0	0
1:19:56:10	7	4	22	17.3055	0.0	0
1:19:56:10	7	4	22	17.3055	0.0	0
1:19:56:10	7	4	22	17.3055	0.0	0
1:19:56:10	7	4	22	17.3055	0.0	0
1:19:56:10	7	4	22	17.3055	0.0	0
1:19:56:10	7	4	22	17.3055	0.0	0
1:19:56:10	7	4	22	17.3055	0.0	0
1:19:56:10	7	4	22	17.3055	0.0	0
1:19:56:10	7	4	22	17.3055	0.0	0
1:19:56:10	7	4	22	17.3055	0.0	0
1:19:56:10	7	4	22	17.3055	0.0	0
1:19:56:10	7	4	22	17.3055	0.0	0
1:19:56:10	7	4	22	17.3055	0.0	0
1:19:56:10	7	4	22	17.3055	0.0	0
1:19:56:10	7	4	22	17.3055	0.0	0
1:19:56:10	7	4	22	17.3055	0.0	0
1:19:56:10	7	4	22	17.3055	0.0	0
1:19:56:10	7	4	22	17.3055	0.0	0
1:19:56:10	7	4	22	17.3055	0.0	0
1:19:56:10	7	4	22	17.3055	0.0	0
1:19:56:10	7	4	22	17.3055	0.0	0
1:19:56:10	7	4	22	17.3055	0.0	0
1:19:56:10	7	4	22	17.3055	0.0	0
1:19:56:10	7	4	22	17.3055	0.0	0
1:19:56:10	7	4	22	17.3055	0.0	0
1:19:56:10	7	4	22	17.3055	0.0	0
1:19:56:10	7	4	22	17.3055	0.0	0
1:19:56:10	7	4	22	17.3055	0.0	0
1:19:56:10	7	4	22	17.3055	0.0	0
1:19:56:10	7	4	22	17.3055	0.0	0
1:19:56:10	7	4	22	17.3055	0.0	0
1:19:56:10	7	4	22	17.3055	0.0	0
1:19:56:10	7	4	22	17.3055	0.0	0
1:19:56:10	7	4	22	17.3055	0.0	0
1:19:56:10	7	4	22	17.3055	0.0	0
1:19:56:10	7	4	22	17.3055	0.0	0
1:19:56:10	7	4	22	17.3055	0.0	0
1:19:56:10	7	4	22	17.3055	0.0	0
1:19:56:10	7	4	22	17.3055	0.0	0
1:19:56:10	7	4	22	17.3055	0.0	0
1:19:56:10	7	4	22	17.3055	0.0	0
1:19:56:10	7	4	22	17.3055	0.0	0
1:19:56:10	7	4	22	17.3055	0.0	0
1:19:56:10	7	4	22	17.3055	0.0	0
1:19:56:10	7	4	22	17.3055	0.0	0
1:19:56:10	7	4	22	17.3055	0.0	0
1:19:56:10	7	4	22	17.3055	0.0	0
1:19:56:10	7	4	22	17.3055	0.0	0
1:19:56:10	7	4	22	17.3055	0.0	0
1:19:56:10	7	4	22	17.3055	0.0	0
1:19:56:10	7	4	22	17.3055	0.0	0
1:19:56:10	7	4	22	17.3055	0.0	0
1:19:56:10	7	4	22	17.3055	0.0	0
1:19:56:10	7	4	22	17.3055	0.0	0
1:19:56:10	7	4	22	17.3055	0.0	0
1:19:56:10	7	4	22	17.3055	0.0	0
1:19:56:10	7	4	22	17.3055	0.0	0
1:19:56:10	7	4	22	17.3055	0.0	0
1:19:56:10	7	4	22	17.3055	0.0	0
1:19:56:10	7	4	22	17.3055	0.0	0
1:19:56:10	7	4	22	17.3055	0.0	0
1:19:56:10	7	4	22	17.3055	0.0	0
1:19:56:10	7	4	22	17.3055	0.0	0
1:19:56:10	7	4	22	17.3055	0.0	0
1:19:56:10	7	4	22	17.3055	0.0	0
1:19:56:10	7	4	22	17.3055	0.0	0
1:19:56:10	7	4	22	17.3055	0.0	0
1:19:56:10	7	4	22	17.3055	0.0	0
1:19:56:10	7	4	22	17.3055	0.0	0
1:19:56:10	7	4	22	17.3055	0.0	0
1:19:56:10	7	4	22	17.3055	0.0	0
1:19:56:10	7	4	22	17.3055	0.0	0
1:19:56:10	7	4	22	17.3055	0.0	0
1:19:56:10	7	4	22	17.3055	0.0	0
1:19:56:10	7	4	22	17.3055	0.0	0
1:19:56:10	7	4	22	17.3055	0.0	0
1:19:56:10	7	4	22	17.3055	0.0	0
1:19:56:10	7	4	22	17.3055	0.0	0
1:19:56:10	7	4	22	17.3055	0.0	0
1:19:56:10	7	4	22	17.3055	0.0	0
1:19:56:10	7	4	22	17.3055	0.0	0
1:19:56:10	7	4	22	17.3055	0.0	0
1:19:56:10	7	4	22	17.3055	0.0	0
1:19:56:10	7	4	22	17.3055	0.0	0
1:19:56:10	7	4	22	17.3055	0.0	0
1:19:56:10	7	4	22	17.3055	0.0	0
1:19:56:10	7	4	22	17.3055	0.0	0
1:19:56:10	7	4	22	17.3055	0.0	0
1:19:56:10	7	4	22	17.3055	0.0	0
1:19:56:10	7	4	22	17.3055	0.0	0
1:19:56:10	7	4	22	17.3055	0.0	0
1:19:56:10	7	4	22	17.3055	0.0	0
1:19:56:10	7	4	22	17.3055	0.0	0
1:19:56:10	7	4	22	17.3055	0.0	0
1:19:56:10	7	4	22	17.3055	0.0	0
1:19:56:10	7	4	22	17.3055	0.0	0
1:19:56:10	7	4	22	17.3055	0.0	0
1:19:56:10	7	4	22	17.3055	0.0	0
1:19:56:10	7	4	22	17.3055	0.0	0
1:19:56:10	7	4	22	17.3055	0.0	0
1:19:56:10	7	4	22	17.3055	0.0	0
1:19:56:10	7	4	22	17.3055	0.0	0
1:19:56:10	7	4	22	17.3055	0.0	0
1:19:56:10	7	4	22	17.3055	0.0	0
1:19:56:10	7	4	22	17.3055	0.0	0
1:19:56:10	7	4	22	17.3055	0.0	0
1:19:56:10	7	4	22	17.3055	0.0	0
1:19:56:10	7	4	22	17.3055	0.0	0
1:19:56:10	7	4	22	17.3055	0.0	0
1:19:56:10	7	4	22	17.3055	0.0	0
1:19:56:10	7	4	22	17.3055	0.0	0
1:19:56:10	7	4	22	17.3055	0.0	0
1:19:56:10	7	4	22	17.3055	0.0	0
1:19:56:10	7	4	22	17.3055	0.0	0
1:19:56:10	7	4	22	17.3055	0.0	0
1:19:56:10	7	4	22	17.3055	0.0	0
1:19:56:10	7	4	22	17.3055	0.0	0
1:19:56:10	7	4	22	17.3055	0.0	0
1:19:56:10	7	4	22	17.3055	0.0	0
1:19:56:10	7	4	22	17.3055	0.0	0
1:19:56:10	7	4	22	17.3055	0.0	0
1:19:56:10	7	4	22	17.3055	0.0	0
1:19:56:10	7	4	22	17.3055	0.0	0
1:19:56:10	7	4	22	17.3055	0.0	0
1:19:56:10	7	4	22	17.3055	0.0	0
1:19:56:10	7	4	22	17.3055	0.0	0
1:19:56:10	7	4	22	17.3055	0.0	0
1:19:56:10	7	4	22	17.3055	0.0	0
1:19:56:10	7	4	22	17.3055	0.0	0
1:19:56:10	7	4	22	17.3055	0.0	0
1:19:56:10	7	4	22	17.3055	0.0	0
1:19:56:10	7	4	22	17.3055	0.0	0
1:19:56:10	7	4	22	17.3055	0.0	0
1:19:56:10	7	4	22	17.3055	0.0	0
1:19:56:10	7	4	22	17.3055	0.0	0
1:19:56:10	7	4	22	17.3055	0.0	0
1:19:56:10	7	4	22	17.3055	0.0	0
1:19:56:10	7	4	22	17.3055	0.0	0
1:19:56:10	7	4	22	17.3055	0.0	0
1:19:56:10	7	4	22	17.3055	0.0	0
1:19:56:10	7	4	22	17.3055	0.0	0
1:19:56:10	7	4	22	17.3055	0.0	0
1:19:56:10	7	4	22	17.3055	0.0	0
1:19:56:10	7	4	22	17.3055	0.0	0
1:19:56:10	7	4	22	17.3055	0.0	0
1:19:56:10	7	4	22	17.3055	0.0	0
1:19:56:10	7	4	22	17.3055	0.0	0
1:19:56:10	7	4	22	17.3055	0.0	0
1:19:56:10	7	4	22	17.3055	0.0	0
1:19:56:10	7	4	22	17.3055	0.0	0
1:19:56:10	7	4	22	17.3055	0.0	0
1:19:56:10	7	4	22	17.3055	0.0	0
1:19:56:10	7	4	22	17.3055	0.0	0
1:19:56:10	7	4	22	17.3055	0.0	0
1:19:56:10	7	4	22	17.3055	0.0	0
1:19:56:10	7	4	22	17.3055	0.0	0
1:19:56:10	7	4	22	17.3055	0.0	0
1:19:56:10	7	4	22	17.3055	0.0	0
1:19:56:10	7	4	22	17.3055	0.0	0
1:19:56:10	7	4	22	17.3055	0.0	0
1:19:56:10	7	4	22	17.3055	0.0	0
1:19:56:10	7	4	22	17.3055	0.0	0
1:19:56:10	7	4	22	17.3055	0.0	0
1:19:56:10	7	4	22	17.3055	0.0	0
1:19:56:10	7	4	22	17.3055	0.0	0
1:19:56:10	7	4	22	17.3055	0.0	0
1:19:56:10	7	4	22	17.3055	0.0	0
1:19:56:10	7	4	22	17.3055	0.0	0
1:19:56:10	7	4	22	17.3055	0.0	0
1:19:56:10	7	4	22	17.3055	0.0	0
1:19:56:10	7	4	22	17.3055	0.0	0
1:19:56:10	7	4	22	17.3055	0.0	0
1:19:56:10	7	4	22	17.3055	0.0	0
1:19:56:10	7	4	22	17.3055	0.0	0
1:19:56:10	7	4	22	17.3055	0.0	0
1:19:56:10	7	4	22	17.3055	0.0	0
1:19:56:10	7	4	22	17.3055	0.0	0
1:19:56:10	7	4	22	17.3055	0.0	0
1:19:56:10	7	4	22	17.3055	0.0	0
1:19:56:10	7	4	22	17.3055	0.0	0
1:19:56:10	7	4	22	17.3055	0.0	0
1:19:56:10	7	4	22	17.3055	0.0	0
1:19:56:10	7	4	22	17.3055	0.0	0
1:19:56:10	7	4	22	17.3055	0.0	0
1:19:56:10	7	4	22	17.3055	0.0	0
1:19:56:10	7	4	22	17.3055	0.0	0
1:19:56:10	7	4	22	17.3055	0.0	0
1:19:56:10	7	4	22	17.3055	0.0	0
1:19:56:10	7	4	22	17.3055	0.0	0
1:19:56:10	7	4	22	17.3055	0.0	0
1:19:56:10	7	4	22	17.3055	0.0	0
1:19:56:10	7	4	22	17.3055	0.0	0
1:19:56:10	7	4	22	17.3055	0.0	0
1:19:56:10	7	4	22	17.3055	0.0	0
1:19:56:10	7	4	22	17.3055	0.0	0
1:19:56:10	7	4	22	17.3055	0.0	0
1:19:56:10	7	4	22	17.3055	0.0	0
1:19:56:10	7	4	22	17.3055	0.0	0
1:19:56:10	7	4	22	17.3055	0.0	0
1:19:56:10	7	4	22	17.3055	0.0	0
1:19:56:10	7	4	22	17.3055	0.0	0
1:19:56:10	7	4	22	17.3055	0.0	0
1:19:56:10	7	4	22	17.3055	0.0	0
1:19:56:10	7	4	22	17.3055	0.0	0
1:19:56:10	7	4	22	17.3055	0.0	0
1:19:56:10	7	4	22	17.3055	0.0	0
1:19:56:10	7	4	22	17.3055	0.0	0
1:19:56:10	7	4	22	17.3055	0.0	0
1:19:56:10	7	4	22	17.3055	0.0	0
1:19:56:10	7	4	22	17.3055	0.0	0
1:19:56:10	7	4	22	17.3055	0.0	0
1:19:56:10	7	4	22	17.3055	0.0	0
1:19:56:10	7	4	22	17.3055	0.0	0
1:19:56:10	7	4	22	17.3055	0.0	0
1:19:56:10	7	4	22	17.3055	0.0	0
1:19:56:10	7	4	22	17.3055	0.0	0
1:19:56:10	7	4	22	17.3055	0.0	0
1:19:56:10	7	4	22	17.3055	0.0	0
1:19:56:10	7	4	22	17.3055	0.0	0
1:19:56:10	7	4	22	17.3055	0.0	0
1:19:56:10	7	4	22	17.3055	0.0	0
1:19:56:10	7	4	22	17.3055	0.0	0
1:19:56:10	7	4	22	17.3055	0.0	0
1:19:56:10	7	4	22	17.3055	0.0	0
1:19:56:10	7	4	22	17.3055	0.0	0
1:19:56:10	7	4	22	17.3055	0.0	0
1:19:56:10	7	4	22	17.3055	0.0	0
1:19:56:10	7	4	22	17.3055	0.0	0
1:19:56:10	7	4	22	17.3055	0.0	0
1:19:56:10	7	4	22	17.3055	0.0	0
1:19:56:10	7	4	22	17.3055	0.0	0
1:19:56:10	7	4	22	17.3055	0.0	0
1:19:56:10	7	4	22	17.3055	0.0	0
1:19:56:10	7	4	22	17.3055	0.0	0
1:19:56:10	7	4	22	17.3055	0.0	0
1:19:56:10	7	4	22	17.3055	0.0	0
1:19:56:10	7	4	22	17.3055	0.0	0
1:19:56:10	7	4	22	17.3055	0.0	0
1:19:56:10	7	4	22	17.3055	0.0	0
1:19:56:10	7	4	22	17.3055	0.0	0
1:19:56:10	7	4	22	17.3055	0.0	0
1:19:56:10	7	4	22	17.3055	0.0	0
1:19:56:10	7	4	22	17.3055	0.0	0
1:19:56:10	7	4	22	17.3055	0.0	0
1:19:56:10	7	4	22	17.3055	0.0	0
1:19:56:10	7	4	22	17.3055	0.0	0
1:19:56:10	7	4	22	17.3055	0.0	0
1:19:56:10	7	4	22	17.3055	0.0	0
1:19:56:10	7	4	22	17.3055	0.0	0
1:19:56:10	7	4	22	17.3055	0.0	0
1:19:56:10	7	4	22	17.3055	0.0	0
1:19:56:10	7	4	22	17.3055	0.0	0
1:19:56:10	7	4	22	17.3055	0.0	0
1:19:56:10	7	4	22	17.3055	0.0	0
1:19:56:10	7	4	22	17.3055	0.0	0
1:19:56:10	7	4	22	17.3055	0.0	0
1:19:56:10	7	4	22	17.3055	0.0	0
1:19:56:10	7	4	22	17.3055	0.0	0
1:19:56:10	7	4	22	17.3055	0.0	0
1:19:56:10	7	4	22	17.3055	0.0	0
1:19:56:10	7	4	22	17.3055	0.0	0
1:19:56:10	7	4	22	17.3055	0.0	0
1:19:56:10	7	4	22	17.3055	0.0	0
1:19:56:10	7	4	22	17.3055	0.0	0
1:19:56:10	7	4	22	17.3055	0.0	0
1:19:56:10	7	4	22	17.3055	0.0	0
1:19:56:10	7	4	22	17.3055	0.0	0
1:19:56:10	7	4	22	17.3055	0.0	0
1:19:56:10	7	4	22	17.3055	0.0	0
1:19:56:10	7	4	22	17.3055	0.0	0
1:19:56:10	7	4	22	17.3055	0.0	0
1:19:56:10	7	4	22	17.3055	0.0	0
1:19:56:10	7	4	22	17.3055	0.0	0
1:19:56:10	7	4	22	17.3055	0.0	0
1:19:56:10	7	4	22	17.3055	0.0	0
1:19:56:10	7	4	22	17.3055	0.0	0
1:19:56:10	7	4	22	17.3055	0.0	0
1:19:56:10	7	4	22	17.3055	0.0	0
1:19:56:10	7	4	22	17.3055	0.0	0
1:19:56:10	7	4	22	17.3055	0.0	0
1:19:56:10	7	4	22	17.3055	0.0	0
1:19:56:10	7	4	22	17.3055	0.0	0
1:19:56:10	7	4	22	17.3055	0.0	0
1:19:56:10	7	4	22	17.3055	0.0	0
1:19:56:10	7	4	22	17.3055	0.0	0
1:19:56:10	7	4	22	17.3055	0.0	0
1:19:56:10	7	4	22	17.3055	0.0	0
1:19:56:10	7	4	22	17.3055	0.0	0
1:19:56:10	7	4	22	17.3055	0.0	0
1:19:56:10	7	4	22	17.3055	0.0	0
1:19:56:10	7	4	22	17.3055	0.0	0
1:19:56:10	7	4	22	17.3055	0.0	0
1:19:56:10	7	4	22	17.3055	0.0	0
1:19:56:10	7	4	22	17.3055	0.0	0
1:19:56:10	7	4	22	17.3055	0.0	0
1:19:56:10	7	4	22	17.3055	0.0	0
1:19:56:10	7	4	22	17.3055	0.0	0
1:19:56:10	7	4	22	17.3055	0.0	0
1:19:56:10	7	4	22	17.3055	0.0	0
1:19:56:10	7	4	22	17.3055	0.0	0
1:19:56:10	7	4	22	17.3055	0.0	0
1:19:56:10	7	4	22	17.3055	0.0	0
1:19:56:10	7	4	22	17.3055	0.0	0
1:19:56:10	7	4	22	17.3055	0.0	0
1:19:56:10	7	4	22	17.3055	0.0	0
1:19:56:10	7	4	22	17.3055	0.0	0
1:19:56:10	7	4	22	17.3055	0.0	0
1:19:56:10	7	4	22	17.3055	0.0	0
1:19:56:10	7	4	22	17.3055	0.0	0
1:19:56:10	7	4	22	17.3055	0.0	0
1:19:56:10	7	4	22	17.3055	0.0	0
1:19:56:10	7	4	22	17.3055	0.0	0
1:19:56:10	7	4	22	17.3055	0.0	0
1:19:56:10	7	4	22	17.3055	0.0	0
1:19:56:10	7	4	22	17.3055	0.0	0
1:19:56:10	7	4	22	17.3055	0.0	0
1:19:56:10	7	4	22	17.3055	0.0	0
1:19:56:10	7	4	22	17.3055	0.0	0
1:19:56:10	7	4	22	17.3055	0.0	0
1:19:56:10	7	4	22	17.3055	0.0	0
1:19:56:10	7	4	22	17.3055	0.0	0
1:19:56:10	7	4	22	17.3055	0.0	0
1:19:56:10	7	4	22	17.3055	0.0	0
1:19:56:10	7	4	22	17.3055	0.0	0
1:19:56:10	7	4	22	17.3055	0.0	0
1:19:56:10	7	4	22	17.3055	0.0	0
1:19:56:10	7	4	22	17.3055	0.0	0
1:19:56:10	7	4	22	17.3055	0.0	0
1:19:56:10	7	4	22	17.3055	0.0	0
1:19:56:10	7	4	22	17.3055	0.0	0
1:19:56:10	7	4	22	17.3055	0.0	0
1:19:56:10	7	4	22	17.3055	0.0	0
1:19:56:10	7	4	22	17.3055	0.0	0
1:19:56:10	7	4	22	17.3055	0.0	0
1:19:56:10	7	4	22	17.3055	0.0	0
1:19:56:10	7	4	22	17.3055	0.0	0
1:19:56:10	7	4	22	17.3055	0.0	0
1:19:56:10	7	4	22	17.3055	0.0	0
1:19:56:10	7	4	22	17.3055	0.0	0
1:19:56:10	7	4	22	17.3055	0.0	0
1:19:56:10	7	4	22	17.3055	0.0	0
1:19:56:10	7	4	22	17.3055	0.0	0
1:19:56:10	7	4	22	17.3055	0.0	0
1:19:56:10	7	4	22	17.3055	0.0	0
1:19:56:10	7	4	22	17.3055	0.0	0
1:19:56:10	7	4	22	17.3055	0.0	0
1:19:56:10	7	4	22	17.3055	0.0	0
1:19:56:10	7	4	22	17.3055	0.0	0
1:19:56:10	7	4	22	17.3055	0.0	0
1:19:56:10	7	4	22	17.3055	0.0	0
1:19:56:10	7	4	22	17.3055	0.0	0
1:19:56:10	7	4	22	17.3055	0.0	0
1:19:56:10	7	4	22	17.3055	0.0	0
1:19:56:10	7	4	22	17.3055	0.0	0
1:19:56:10	7	4	22	17.3055	0.0	0
1:19:56:10	7	4	22	17.3055	0.0	0
1:19:56:10	7	4	22	17.3055	0.0	0
1:19:56:10	7	4	22	17.3055	0.0	0
1:19:56:10	7	4	22	17.3055	0.0	0
1:19:56:10	7	4	22	17.3055	0.0	0
1:19:56:10	7	4	22	17.3055	0.0	0
1:19:56:10	7	4	22	17.3055	0.0	0
1:19:56:10	7	4	22	17.3055	0.0	0
1:19:56:10	7	4	22	17.3055	0.0	0
1:19:56:10	7	4	22	17.3055	0.0	0
1:19:56:10	7	4	22	17.3055	0.0	0
1:19:56:10	7	4	22	17.3055	0.0	0
1:19:56:10	7	4	22	17.3055	0.0	0
1:19:56:10	7	4	22	17.3055	0.0	0
1:19:56:10	7	4	22	17.3055	0.0	0
1:19:56:10	7	4	22	17.3055	0.0	0
1:19:56:10	7	4	22	17.3055	0.0	0
1:19:56:10	7	4	22	17.3055	0.0	0
1:19:56:10	7	4	22	17.3055	0.0	0
1:19:56:10	7	4	22	17.3055	0.0	0
1:19:56:10	7	4	22	17.3055	0.0	0
1:19:56:10	7	4	22	17.3055	0.0	0
1:19:56:10	7	4	22	17.3055	0.0	0
1:19:56:10	7	4	22	17.3055	0.0	0
1:19:56:10	7	4	22	17.3055	0.0	0
1:19:56:10	7	4	22	17.3055	0.0	0
1:19:56:10	7	4	22	17.3055	0.0	0
1:19:56:10	7	4	22	17.3055	0.0	0
1:19:56:10	7	4	22	17.3055	0.0	0
1:19:56:10	7	4	22	17.3055	0.0	0
1:19:56:10	7	4	22	17.3055	0.0	0
1:19:56:10	7	4	22	17.3055	0.0	0
1:19:56:10	7	4	22	17.3055	0.0	0
1:19:56:10	7	4	22	17.3055	0.0	0
1:19:56:10	7	4	22	17.3055	0.0	0
1:19:56:10	7	4	22	17.3055	0.0	0
1:19:56:10	7	4	22	17.3055	0.0	0
1:19:56:10	7	4	22	17.3055	0.0	0
1:19:56:10	7	4	22	17.3055	0.0	0
1:19:56:10	7	4	22	17.3055	0.0	0
1:19:56:10	7	4	22	17.3055	0.0	0
1:19:56:10	7	4	22	17.3055	0.0	0
1:19:56:10	7	4	22	17.3055	0.0	0
1:19:56:10	7	4	22	17.3055	0.0	0
1:19:56:10	7	4	22	17.3055	0.0	0
1:19:56:10	7	4	22	17.3055	0.0	0
1:19:56:10	7	4	22	17.3055	0.0	0
1:19:56:10	7	4	22	17.3055	0.0	0
1:19:56:10	7	4	22	17.3055	0.0	0
1:19:56:10	7	4	22	17.3055	0.0	0
1:19:56:10	7	4	22	17.3055	0.0	0
1:19:56:10	7	4	22	17.3055	0.0	0
1:19:56:10	7	4	22	17.3055	0.0	0
1:19:56:10	7	4	22	17.3055	0.0	0
1:19:56:10	7	4	22	17.3055	0.0	0
1:19:56:10	7	4	22	17.3055	0.0	0
1:19:56:10	7	4	22	17.3055	0.0	0
1:19:56:10	7	4	22	17.3055	0.0	0
1:19:56:10	7	4	22	17.3055	0.0	0
1:19:56:10	7	4	22	17.3055	0.0	0
1:19:56:10	7	4	22	17.3055	0.0	0
1:19:56:10	7	4	22	17.3055	0.0	0
1:19:56:10	7	4	22	17.3055	0.0	0
1:19:56:10	7	4	22	17.3055	0.0	0
1:19:56:10	7	4	22	17.3055	0.0	0
1:19:56:10	7	4	22	17.3055	0.0	0
1:19:56:10	7	4	22	17.3055	0.0	0
1:19:56:10	7	4	22	17.3055	0.0	0
1:19:56:10	7	4	22	17.3055	0.0	0
1:19:56:10	7	4	22	17.3055	0.0	0
1:19:56:10	7	4	22	17.3055	0.0	0
1:19:56:10	7	4	22	17.3055	0.0	0
1:19:56:10	7	4	22	17.3055	0.0	0
1:19:56:10	7	4	22	17.3055	0.0	0
1:19:56:10	7	4	22	17.3055	0.0	0
1:19:56:10	7	4	22	17.3055	0.0	0
1:19:56:10	7	4	22	17.3055	0.0	0
1:19:56:10	7	4	22	17.3055	0.0	0
1:19:56:10	7	4	22	17.3055	0.0	0
1:19:56:10	7	4	22	17.3055	0.0	0
1:19:56:10	7	4	22	17.3055	0.0	0
1:19:56:10	7	4	22	17.3055	0.0	0
1:19:56:10	7	4	22	17.3055	0.0	0
1:19:56:10	7	4	22	17.3055	0.0	0
1:19:56:10	7	4	22	17.3055	0.0	0
1:19:56:10	7	4	22	17.3055	0.0	0
1:19:56:10	7	4	22	17.3055	0.0	0
1:19:56:10	7	4	22	17.3055	0.0	0
1:19:56:10	7	4	22	17.3055	0.0	0
1:19:56:10	7	4	22	17.3055	0.0	0
1:19:56:10	7	4	22	17.3055	0.0	0
1:19:56:10	7	4	22	17.3055	0.0	0
1:19:56:10	7	4	22	17.3055	0.0	0
1:19:56:10	7	4	22	17.3055	0.0	0
1:19:56:10	7	4	22	17.3055	0.0	0
1:19:56:10	7	4	22	17.3055	0.0	0
1:19:56:10	7	4	22	17.3055	0.0	0
1:19:56:10	7	4	22	17.3055	0.0	0
1:19:56:10	7	4	22	17.3055	0.0	0
1:19:56:10	7	4	22	17.3055	0.0	0
1:19:56:10	7	4	22	17.3055	0.0	0
1:19:56:10	7	4	22	17.3055	0.0	0
1:19:56:10	7	4	22	17.3055	0.0	0
1:19:56:10	7	4	22	17.3055	0.0	0
1:19:56:10	7	4	22	17.3055	0.0	0
1:19:56:10	7	4	22	17.3055	0.0	0
1:19:56:10	7	4	22	17.3055	0.0	0
