1:22:33:45	7	6	22	25.6426	99.5019	99.5019
1:22:35:0	7	6	22	25.6426	99.5019	100
1:22:36:10	7	6	22	25.6426	99.5019	100
1:22:37:25	7	6	22	25.6426	99.5019	100
1:22:38:35	7	6	22	25.6426	99.5019	100
1:22:39:50	7	6	22	25.6426	99.5019	100
1:22:41:0	7	6	22	25.6426	99.5019	100
1:22:42:15	7	6	22	25.6426	99.5019	100
1:22:43:25	7	6	22	25.6426	99.5019	100
1:22:44:40	7	6	22	25.6426	99.5019	100
1:22:45:50	7	6	22	25.6426	99.5019	100
1:22:47:5	7	6	22	25.6426	99.5019	100
1:22:48:15	7	6	22	25.6426	99.5019	100
1:22:49:30	7	6	22	25.6426	99.5019	100
1:22:50:40	7	6	22	25.6426	99.5019	100
1:22:51:55	7	6	22	25.6426	99.5019	100
1:22:53:5	7	6	22	25.6426	99.5019	100
1:22:54:20	7	6	22	25.6426	99.5019	100
1:22:55:30	7	6	22	25.6426	99.5019	100
1:22:56:45	7	6	22	25.6426	99.5019	100
1:22:57:55	7	6	22	25.6426	99.5019	100
1:22:59:10	7	6	22	25.6426	99.5019	100
1:23:0:20	7	6	22	25.6426	99.5019	100
1:23:1:35	7	6	22	25.6426	99.5019	100
1:23:2:45	7	6	22	25.6426	99.5019	100
1:23:4:0	7	6	22	25.6426	99.5019	100
1:23:5:15	7	6	22	25.6426	99.5019	100
1:23:6:25	7	6	22	25.6426	99.5019	100
1:23:7:35	7	6	22	25.6426	99.5019	100
1:23:8:50	7	6	22	25.6426	99.5019	100
1:23:10:0	7	6	22	25.6426	99.5019	100
1:23:11:15	7	6	22	25.6426	99.5019	100
1:23:12:25	7	6	22	25.6426	99.5019	100
1:23:13:40	7	6	22	25.6426	99.5019	100
1:23:14:50	7	6	22	25.6426	99.5019	100
1:23:16:5	7	6	22	25.6426	99.5019	100
1:23:17:15	7	6	22	25.6426	99.5019	100
1:23:18:30	7	6	22	25.6426	99.5019	100
1:23:19:40	7	6	22	25.6426	99.5019	100
1:23:20:55	7	6	22	25.6426	99.5019	100
1:23:22:5	7	6	22	25.6426	99.5019	100
1:23:23:20	7	6	22	25.6426	99.5019	100
1:23:24:30	7	6	22	25.6426	99.5019	100
1:23:25:45	7	6	22	25.6426	99.5019	100
1:23:26:55	7	6	22	25.6426	99.5019	100
1:23:28:10	7	6	22	25.6426	99.5019	100
1:23:29:20	7	6	22	25.6426	99.5019	100
1:23:30:35	7	6	22	25.6426	99.5019	100
1:23:31:45	7	6	22	25.6426	99.5019	100
1:23:33:0	7	6	22	25.6426	99.5019	100
1:23:34:10	7	6	22	25.6426	99.5019	100
1:23:35:25	7	6	22	25.6426	99.5019	100
1:23:36:35	7	6	22	25.6426	99.5019	100
1:23:37:50	7	6	22	25.6426	99.5019	100
1:23:39:0	7	6	22	25.6426	99.5019	100
1:23:40:15	7	6	22	25.6426	99.5019	100
1:23:41:25	7	6	22	25.6426	99.5019	100
1:23:42:40	7	6	22	25.6426	99.5019	100
1:23:43:50	7	6	22	25.6426	99.5019	100
1:23:45:5	7	6	22	25.6426	99.5019	100
1:23:46:15	7	6	22	25.6426	99.5019	100
1:23:47:30	7	6	22	25.6426	99.5019	100
1:23:48:40	7	6	22	25.6426	99.5019	100
1:23:49:55	7	6	22	25.6426	99.5019	100
1:23:51:5	7	6	22	25.6426	99.5019	100
1:23:52:20	7	6	22	25.6426	99.5019	100
1:23:53:30	7	6	22	25.6426	99.5019	100
1:23:54:45	7	6	22	25.6426	99.5019	100
1:23:55:55	7	6	22	25.6426	99.5019	100
1:23:57:10	7	6	22	25.6426	99.5019	100
1:23:58:20	7	6	22	25.6426	99.5019	100
1:23:59:35	7	6	22	25.6426	99.5019	100
2:0:0:45	7	6	22	25.6426	99.5019	100
2:0:2:0	7	6	22	25.6426	99.5019	100
2:0:3:10	7	6	22	25.6426	99.5019	100
2:0:4:25	7	6	22	25.6426	99.5019	100
2:0:5:35	7	6	22	25.6426	99.5019	100
2:0:6:50	7	6	22	25.6426	99.5019	100
2:0:8:0	7	6	22	25.6426	99.5019	100
2:0:9:15	7	6	22	25.6426	99.5019	100
2:0:10:25	7	6	22	25.6426	99.5019	100
2:0:11:40	7	6	22	25.6426	99.5019	100
2:0:12:50	7	6	22	25.6426	99.5019	100
2:0:14:5	7	6	22	25.6426	99.5019	100
2:0:15:15	7	6	22	25.6426	99.5019	100
2:0:16:30	7	6	22	25.6426	99.5019	100
2:0:17:40	7	6	22	25.6426	99.5019	100
2:0:18:55	7	6	22	25.6426	99.5019	100
2:0:20:5	7	6	22	25.6426	99.5019	100
2:0:21:20	7	6	22	25.6426	99.5019	100
2:0:22:30	7	6	22	25.6426	99.5019	100
2:0:23:45	7	6	22	25.6426	99.5019	100
2:0:24:55	7	6	22	25.6426	99.5019	100
2:0:26:10	7	6	22	25.6426	99.5019	100
2:0:27:20	7	6	22	25.6426	99.5019	100
2:0:28:35	7	6	22	25.6426	99.5019	100
2:0:29:40	7	6	22	25.6426	99.5019	100
2:0:30:55	7	6	22	25.6426	99.5019	100
2:0:32:5	7	6	22	25.6426	99.5019	100
2:0:33:20	7	6	22	25.6426	99.5019	100
2:0:34:30	7	6	22	25.6426	99.5019	100
2:0:35:45	7	6	22	25.6426	99.5019	100
2:0:36:55	7	6	22	25.6426	99.5019	100
2:0:38:10	7	6	22	25.6426	99.5019	100
2:0:39:20	7	6	22	25.6426	99.5019	100
2:0:40:35	7	6	22	25.6426	99.5019	100
2:0:41:45	7	6	22	25.6426	99.5019	100
2:0:43:0	7	6	22	25.6426	99.5019	100
2:0:44:10	7	6	22	25.6426	99.5019	100
2:0:45:25	7	6	22	25.6426	99.5019	100
2:0:46:35	7	6	22	25.6426	99.5019	100
2:0:47:50	7	6	22	25.6426	99.5019	100
2:0:49:0	7	6	22	25.6426	99.5019	100
2:0:50:15	7	6	22	25.6426	99.5019	100
2:0:51:25	7	6	22	25.6426	99.5019	100
2:0:52:40	7	6	22	25.6426	99.5019	100
2:0:53:55	7	6	22	25.6426	99.5019	100
2:0:55:5	7	6	22	25.6426	99.5019	100
2:0:56:20	7	6	22	25.6426	99.5019	100
2:0:57:30	7	6	22	25.6426	99.5019	100
2:0:58:40	7	6	22	25.6426	99.5019	100
2:0:59:55	7	6	22	25.6426	99.5019	100
2:1:1:10	7	6	22	25.6426	99.5019	100
2:1:2:20	7	6	22	25.6426	99.5019	100
2:1:3:35	7	6	22	25.6426	99.5019	100
2:1:4:45	7	6	22	25.6426	99.5019	100
2:1:5:55	7	6	22	25.6426	99.5019	100
2:1:7:10	7	6	22	25.6426	99.5019	100
2:1:8:20	7	6	22	25.6426	99.5019	100
2:1:9:35	7	6	22	25.6426	99.5019	100
2:1:10:45	7	6	22	25.6426	99.5019	100
2:1:12:0	7	6	22	25.6426	99.5019	100
2:1:13:10	7	6	22	25.6426	99.5019	100
2:1:14:25	7	6	22	25.6426	99.5019	100
2:1:15:40	7	6	22	25.6426	99.5019	100
2:1:16:50	7	6	22	25.6426	99.5019	100
2:1:18:5	7	6	22	25.6426	99.5019	100
2:1:19:15	7	6	22	25.6426	99.5019	100
2:1:20:30	7	6	22	25.6426	99.5019	100
2:1:21:40	7	6	22	25.6426	99.5019	100
2:1:22:55	7	6	22	25.6426	99.5019	100
2:1:24:5	7	6	22	25.6426	99.5019	100
2:1:25:15	7	6	22	25.6426	99.5019	100
2:1:26:30	7	6	22	25.6426	99.5019	100
2:1:27:40	7	6	22	25.6426	99.5019	100
2:1:28:55	7	6	22	25.6426	99.5019	100
2:1:30:5	7	6	22	25.6426	99.5019	100
2:1:31:20	7	6	22	25.6426	99.5019	100
2:1:32:35	7	6	22	25.6426	99.5019	100
2:1:33:45	7	6	22	25.6426	99.5019	100
2:1:35:0	7	6	22	25.6426	99.5019	100
2:1:36:10	7	6	22	25.6426	99.5019	100
2:1:37:25	7	6	22	25.6426	99.5019	100
2:1:38:35	7	6	22	25.6426	99.5019	100
2:1:39:50	7	6	22	25.6426	99.5019	100
2:1:41:0	7	6	22	25.6426	99.5019	100
2:1:42:15	7	6	22	25.6426	99.5019	100
2:1:43:25	7	6	22	25.6426	99.5019	100
2:1:44:40	7	6	22	25.6426	99.5019	100
2:1:45:50	7	6	22	25.6426	99.5019	100
2:1:47:0	7	6	22	25.6426	99.5019	100
2:1:48:15	7	6	22	25.6426	99.5019	100
2:1:49:25	7	6	22	25.6426	99.5019	100
2:1:50:40	7	6	22	25.6426	99.5019	100
2:1:51:55	7	6	22	25.6426	99.5019	100
2:1:53:5	7	6	22	25.6426	99.5019	100
2:1:54:20	7	6	22	25.6426	99.5019	100
2:1:55:30	7	6	22	25.6426	99.5019	100
2:1:56:45	7	6	22	25.6426	99.5019	100
2:1:57:55	7	6	22	25.6426	99.5019	100
2:1:59:5	7	6	22	25.6426	99.5019	100
2:2:0:20	7	6	22	25.6426	99.5019	100
2:2:1:30	7	6	22	25.6426	99.5019	100
2:2:2:45	7	6	22	25.6426	99.5019	100
2:2:3:55	7	6	22	25.6426	99.5019	100
2:2:5:10	7	6	22	25.6426	99.5019	100
2:2:6:25	7	6	22	25.6426	99.5019	100
2:2:7:35	7	6	22	25.6426	99.5019	100
2:2:8:50	7	6	22	25.6426	99.5019	100
2:2:10:0	7	6	22	25.6426	99.5019	100
2:2:11:15	7	6	22	25.6426	99.5019	100
2:2:12:25	7	6	22	25.6426	99.5019	100
2:2:13:40	7	6	22	25.6426	99.5019	100
2:2:14:50	7	6	22	25.6426	99.5019	100
2:2:16:0	7	6	22	25.6426	99.5019	100
2:2:17:15	7	6	22	25.6426	99.5019	100
2:2:18:25	7	6	22	25.6426	99.5019	100
2:2:19:40	7	6	22	25.6426	99.5019	100
2:2:20:50	7	6	22	25.6426	99.5019	100
2:2:22:5	7	6	22	25.6426	99.5019	100
2:2:23:15	7	6	22	25.6426	99.5019	100
2:2:24:30	7	6	22	25.6426	99.5019	100
2:2:25:40	7	6	22	25.6426	99.5019	100
2:2:26:55	7	6	22	25.6426	99.5019	100
2:2:28:5	7	6	22	25.6426	99.5019	100
2:2:29:20	7	6	22	25.6426	99.5019	100
2:2:30:30	7	6	22	25.6426	99.5019	100
2:2:31:45	7	6	22	25.6426	99.5019	100
2:2:32:55	7	6	22	25.6426	99.5019	100
2:2:34:10	7	6	22	25.6426	99.5019	100
2:2:35:20	7	6	22	25.6426	99.5019	100
2:2:36:35	7	6	22	25.6426	99.5019	100
2:2:37:45	7	6	22	25.6426	99.5019	100
2:2:39:0	7	6	22	25.6426	99.5019	100
2:2:40:10	7	6	22	25.6426	99.5019	100
2:2:41:25	7	6	22	25.6426	99.5019	100
2:2:42:35	7	6	22	25.6426	99.5019	100
2:2:43:50	7	6	22	25.6426	99.5019	100
2:2:45:0	7	6	22	25.6426	99.5019	100
2:2:46:15	7	6	22	25.6426	99.5019	100
2:2:47:25	7	6	22	25.6426	99.5019	100
2:2:48:40	7	6	22	25.6426	99.5019	100
2:2:49:50	7	6	22	25.6426	99.5019	100
2:2:51:5	7	6	22	25.6426	99.5019	100
2:2:52:15	7	6	22	25.6426	99.5019	100
2:2:53:30	7	6	22	25.6426	99.5019	100
2:2:54:40	7	6	22	25.6426	99.5019	100
2:2:55:55	7	6	22	25.6426	99.5019	100
2:2:57:5	7	6	22	25.6426	99.5019	100
2:2:58:20	7	6	22	25.6426	99.5019	100
2:2:59:30	7	6	22	25.6426	99.5019	100
2:3:0:45	7	6	22	25.6426	99.5019	100
2:3:1:55	7	6	22	25.6426	99.5019	100
2:3:3:10	7	6	22	25.6426	99.5019	100
2:3:4:20	7	6	22	25.6426	99.5019	100
2:3:5:35	7	6	22	25.6426	99.5019	100
2:3:6:45	7	6	22	25.6426	99.5019	100
2:3:8:0	7	6	22	25.6426	99.5019	100
2:3:9:10	7	6	22	25.6426	99.5019	100
2:3:10:25	7	6	22	25.6426	99.5019	100
2:3:11:35	7	6	22	25.6426	99.5019	100
2:3:12:50	7	6	22	25.6426	99.5019	100
2:3:14:0	7	6	22	25.6426	99.5019	100
2:3:15:15	7	6	22	25.6426	99.5019	100
2:3:16:25	7	6	22	25.6426	99.5019	100
2:3:17:40	7	6	22	25.6426	99.5019	100
2:3:18:50	7	6	22	25.6426	99.5019	100
2:3:20:5	7	6	22	25.6426	99.5019	100
2:3:21:15	7	6	22	25.6426	99.5019	100
2:3:22:30	7	6	22	25.6426	99.5019	100
2:3:23:40	7	6	22	25.6426	99.5019	100
2:3:24:55	7	6	22	25.6426	99.5019	100
2:3:26:5	7	6	22	25.6426	99.5019	100
2:3:27:20	7	6	22	25.6426	99.5019	100
2:3:28:30	7	6	22	25.6426	99.5019	100
2:3:29:45	7	6	22	25.6426	99.5019	100
2:3:30:55	7	6	22	25.6426	99.5019	100
2:3:32:10	7	6	22	25.6426	99.5019	100
2:3:33:20	7	6	22	25.6426	99.5019	100
2:3:34:35	7	6	22	25.6426	99.5019	100
2:3:35:45	7	6	22	25.6426	99.5019	100
2:3:37:0	7	6	22	25.6426	99.5019	100
2:3:38:10	7	6	22	25.6426	99.5019	100
2:3:39:25	7	6	22	25.6426	99.5019	100
2:3:40:35	7	6	22	25.6426	99.5019	100
2:3:41:50	7	6	22	25.6426	99.5019	100
2:3:43:0	7	6	22	25.6426	99.5019	100
2:3:44:15	7	6	22	25.6426	99.5019	100
2:3:45:25	7	6	22	25.6426	99.5019	100
2:3:46:40	7	6	22	25.6426	99.5019	100
2:3:47:50	7	6	22	25.6426	99.5019	100
2:3:49:5	7	6	22	25.6426	99.5019	100
2:3:50:15	7	6	22	25.6426	99.5019	100
2:3:51:30	7	6	22	25.6426	99.5019	100
2:3:52:40	7	6	22	25.6426	99.5019	100
2:3:53:55	7	6	22	25.6426	99.5019	100
2:3:55:5	7	6	22	25.6426	99.5019	100
2:3:56:20	7	6	22	25.6426	99.5019	100
2:3:57:30	7	6	22	25.6426	99.5019	100
2:3:58:45	7	6	22	25.6426	99.5019	100
2:3:59:55	7	6	22	25.6426	99.5019	100
2:4:1:10	7	6	22	25.6426	99.5019	100
2:4:2:20	7	6	22	25.6426	99.5019	100
2:4:3:35	7	6	22	25.6426	99.5019	100
2:4:4:45	7	6	22	25.6426	99.5019	100
2:4:6:0	7	6	22	25.6426	99.5019	100
2:4:7:10	7	6	22	25.6426	99.5019	100
2:4:8:25	7	6	22	25.6426	99.5019	100
2:4:9:35	7	6	22	25.6426	99.5019	100
2:4:10:50	7	6	22	25.6426	99.5019	100
2:4:12:0	7	6	22	25.6426	99.5019	100
2:4:13:15	7	6	22	25.6426	99.5019	100
2:4:14:25	7	6	22	25.6426	99.5019	100
2:4:15:40	7	6	22	25.6426	99.5019	100
2:4:16:50	7	6	22	25.6426	99.5019	100
2:4:18:0	7	6	22	25.6426	99.5019	100
2:4:19:15	7	6	22	25.6426	99.5019	100
2:4:20:25	7	6	22	25.6426	99.5019	100
2:4:21:40	7	6	22	25.6426	99.5019	100
2:4:22:55	7	6	22	25.6426	99.5019	100
2:4:24:5	7	6	22	25.6426	99.5019	100
2:4:25:15	7	6	22	25.6426	99.5019	100
2:4:26:30	7	6	22	25.6426	99.5019	100
2:4:27:40	7	6	22	25.6426	99.5019	100
2:4:28:55	7	6	22	25.6426	99.5019	100
2:4:30:5	7	6	22	25.6426	99.5019	100
2:4:31:20	7	6	22	25.6426	99.5019	100
2:4:32:30	7	6	22	25.6426	99.5019	100
2:4:33:45	7	6	22	25.6426	99.5019	100
2:4:34:55	7	6	22	25.6426	99.5019	100
2:4:36:10	7	6	22	25.6426	99.5019	100
2:4:37:20	7	6	22	25.6426	99.5019	100
2:4:38:35	7	6	22	25.6426	99.5019	100
2:4:39:50	7	6	22	25.6426	99.5019	100
2:4:41:0	7	6	22	25.6426	99.5019	100
2:4:42:10	7	6	22	25.6426	99.5019	100
2:4:43:25	7	6	22	25.6426	99.5019	100
2:4:44:35	7	6	22	25.6426	99.5019	100
2:4:45:50	7	6	22	25.6426	99.5019	100
2:4:47:0	7	6	22	25.6426	99.5019	100
2:4:48:15	7	6	22	25.6426	99.5019	100
2:4:49:25	7	6	22	25.6426	99.5019	100
2:4:50:40	7	6	22	25.6426	99.5019	100
2:4:51:50	7	6	22	25.6426	99.5019	100
2:4:53:5	7	6	22	25.6426	99.5019	100
2:4:54:15	7	6	22	25.6426	99.5019	100
2:4:55:30	7	6	22	25.6426	99.5019	100
2:4:56:40	7	6	22	25.6426	99.5019	100
2:4:57:55	7	6	22	25.6426	99.5019	100
2:4:59:5	7	6	22	25.6426	99.5019	100
2:5:0:20	7	6	22	25.6426	99.5019	100
2:5:1:30	7	6	22	25.6426	99.5019	100
2:5:2:45	7	6	22	25.6426	99.5019	100
2:5:3:55	7	6	22	25.6426	99.5019	100
2:5:5:10	7	6	22	25.6426	99.5019	100
2:5:6:20	7	6	22	25.6426	99.5019	100
2:5:7:35	7	6	22	25.6426	99.5019	100
2:5:8:45	7	6	22	25.6426	99.5019	100
2:5:10:0	7	6	22	25.6426	99.5019	100
2:5:11:10	7	6	22	25.6426	99.5019	100
2:5:12:25	7	6	22	25.6426	99.5019	100
2:5:13:35	7	6	22	25.6426	99.5019	100
2:5:14:50	7	6	22	25.6426	99.5019	100
2:5:16:0	7	6	22	25.6426	99.5019	100
2:5:17:15	7	6	22	25.6426	99.5019	100
2:5:18:25	7	6	22	25.6426	99.5019	100
2:5:19:40	7	6	22	25.6426	99.5019	100
2:5:20:50	7	6	22	25.6426	99.5019	100
2:5:22:5	7	6	22	25.6426	99.5019	100
2:5:23:15	7	6	22	25.6426	99.5019	100
2:5:24:30	7	6	22	25.6426	99.5019	100
2:5:25:40	7	6	22	25.6426	99.5019	100
2:5:26:55	7	6	22	25.6426	99.5019	100
2:5:28:5	7	6	22	25.6426	99.5019	100
2:5:29:20	7	6	22	25.6426	99.5019	100
2:5:30:30	7	6	22	25.6426	99.5019	100
2:5:31:45	7	6	22	25.6426	99.5019	100
2:5:32:55	7	6	22	25.6426	99.5019	100
2:5:34:10	7	6	22	25.6426	99.5019	100
2:5:35:20	7	6	22	25.6426	99.5019	100
2:5:36:35	7	6	22	25.6426	99.5019	100
2:5:37:45	7	6	22	25.6426	99.5019	100
2:5:39:0	7	6	22	25.6426	99.5019	100
2:5:40:10	7	6	22	25.6426	99.5019	100
2:5:41:25	7	6	22	25.6426	99.5019	100
2:5:42:35	7	6	22	25.6426	99.5019	100
2:5:43:50	7	6	22	25.6426	99.5019	100
2:5:45:0	7	6	22	25.6426	99.5019	100
2:5:46:15	7	6	22	25.6426	99.5019	100
2:5:47:25	7	6	22	25.6426	99.5019	100
2:5:48:40	7	6	22	25.6426	99.5019	100
2:5:49:50	7	6	22	25.6426	99.5019	100
2:5:51:5	7	6	22	25.6426	99.5019	100
2:5:52:15	7	6	22	25.6426	99.5019	100
2:5:53:30	7	6	22	25.6426	99.5019	100
2:5:54:40	7	6	22	25.6426	99.5019	100
2:5:55:55	7	6	22	25.6426	99.5019	100
2:5:57:5	7	6	22	25.6426	99.5019	100
2:5:58:20	7	6	22	25.6426	99.5019	100
2:5:59:30	7	6	22	25.6426	99.5019	100
2:6:0:45	7	6	22	25.6426	99.5019	100
2:6:1:55	7	6	22	25.6426	99.5019	100
2:6:3:10	7	6	22	25.6426	99.5019	100
2:6:4:20	7	6	22	25.6426	99.5019	100
2:6:5:35	7	6	22	25.6426	99.5019	100
2:6:6:45	7	6	22	25.6426	99.5019	100
2:6:8:0	7	6	22	25.6426	99.5019	100
2:6:9:10	7	6	22	25.6426	99.5019	100
2:6:10:25	7	6	22	25.6426	99.5019	100
2:6:11:35	7	6	22	25.6426	99.5019	100
2:6:12:50	7	6	22	25.6426	99.5019	100
2:6:14:5	7	6	22	25.6426	99.5019	100
2:6:15:15	7	6	22	25.6426	99.5019	100
2:6:16:30	7	6	22	25.6426	99.5019	100
2:6:17:40	7	6	22	25.6426	99.5019	100
2:6:18:55	7	6	22	25.6426	99.5019	100
2:6:20:5	7	6	22	25.6426	99.5019	100
2:6:21:20	7	6	22	25.6426	99.5019	100
2:6:22:30	7	6	22	25.6426	99.5019	100
2:6:23:45	7	6	22	25.6426	99.5019	100
2:6:24:55	7	6	22	25.6426	99.5019	100
2:6:26:10	7	6	22	25.6426	99.5019	100
2:6:27:20	7	6	22	25.6426	99.5019	100
2:6:28:35	7	6	22	25.6426	99.5019	100
2:6:29:50	7	6	22	25.6426	99.5019	100
2:6:31:0	7	6	22	25.6426	99.5019	100
2:6:32:15	7	6	22	25.6426	99.5019	100
2:6:33:25	7	6	22	25.6426	99.5019	100
2:6:34:40	7	6	22	25.6426	99.5019	100
2:6:35:50	7	6	22	25.6426	99.5019	100
2:6:37:5	7	6	22	25.6426	99.5019	100
2:6:38:15	7	6	22	25.6426	99.5019	100
2:6:39:30	7	6	22	25.6426	99.5019	100
2:6:40:40	7	6	22	25.6426	99.5019	100
2:6:41:55	7	6	22	25.6426	99.5019	100
2:6:43:5	7	6	22	25.6426	99.5019	100
2:6:44:20	7	6	22	25.6426	99.5019	100
2:6:45:30	7	6	22	25.6426	99.5019	100
2:6:46:45	7	6	22	25.6426	99.5019	100
2:6:47:55	7	6	22	25.6426	99.5019	100
2:6:49:10	7	6	22	25.6426	99.5019	100
2:6:50:20	7	6	22	25.6426	99.5019	100
2:6:51:35	7	6	22	25.6426	99.5019	100
2:6:52:45	7	6	22	25.6426	99.5019	100
2:6:54:0	7	6	22	25.6426	99.5019	100
2:6:55:10	7	6	22	25.6426	99.5019	100
2:6:56:25	7	6	22	25.6426	99.5019	100
2:6:57:35	7	6	22	25.6426	99.5019	100
2:6:58:50	7	6	22	25.6426	99.5019	100
2:7:0:0	7	6	22	25.6426	99.5019	100
2:7:1:15	7	6	22	25.6426	99.5019	100
2:7:2:30	7	6	22	25.6426	99.5019	100
2:7:3:40	7	6	22	25.6426	99.5019	100
2:7:4:50	7	6	22	25.6426	99.5019	100
2:7:6:5	7	6	22	25.6426	99.5019	100
2:7:7:20	7	6	22	25.6426	99.5019	100
2:7:8:30	7	6	22	25.6426	99.5019	100
2:7:9:45	7	6	22	25.6426	99.5019	100
2:7:10:55	7	6	22	25.6426	99.5019	100
2:7:12:10	7	6	22	25.6426	99.5019	100
2:7:13:20	7	6	22	25.6426	99.5019	100
2:7:14:35	7	6	22	25.6426	99.5019	100
2:7:15:45	7	6	22	25.6426	99.5019	100
2:7:17:0	7	6	22	25.6426	99.5019	100
2:7:18:10	7	6	22	25.6426	99.5019	100
2:7:19:25	7	6	22	25.6426	99.5019	100
2:7:20:35	7	6	22	25.6426	99.5019	100
2:7:21:50	7	6	22	25.6426	99.5019	100
2:7:23:0	7	6	22	25.6426	99.5019	100
2:7:24:15	7	6	22	25.6426	99.5019	100
2:7:25:25	7	6	22	25.6426	99.5019	100
2:7:26:40	7	6	22	25.6426	99.5019	100
2:7:27:50	7	6	22	25.6426	99.5019	100
2:7:29:5	7	6	22	25.6426	99.5019	100
2:7:30:15	7	6	22	25.6426	99.5019	100
2:7:31:30	7	6	22	25.6426	99.5019	100
2:7:32:40	7	6	22	25.6426	99.5019	100
2:7:33:55	7	6	22	25.6426	99.5019	100
2:7:35:5	7	6	22	25.6426	99.5019	100
2:7:36:20	7	6	22	25.6426	99.5019	100
2:7:37:30	7	6	22	25.6426	99.5019	100
2:7:38:45	7	6	22	25.6426	99.5019	100
2:7:39:55	7	6	22	25.6426	99.5019	100
2:7:41:10	7	6	22	25.6426	99.5019	100
2:7:42:20	7	6	22	25.6426	99.5019	100
2:7:43:35	7	6	22	25.6426	99.5019	100
2:7:44:45	7	6	22	25.6426	99.5019	100
2:7:46:0	7	6	22	25.6426	99.5019	100
2:7:47:10	7	6	22	25.6426	99.5019	100
2:7:48:25	7	6	22	25.6426	99.5019	100
2:7:49:40	7	6	22	25.6426	99.5019	100
2:7:50:50	7	6	22	25.6426	99.5019	100
2:7:52:5	7	6	22	25.6426	99.5019	100
2:7:53:15	7	6	22	25.6426	99.5019	100
2:7:54:30	7	6	22	25.6426	99.5019	100
2:7:55:40	7	6	22	25.6426	99.5019	100
2:7:56:55	7	6	22	25.6426	99.5019	100
2:7:58:5	7	6	22	25.6426	99.5019	100
2:7:59:20	7	6	22	25.6426	99.5019	100
2:8:0:30	7	6	22	25.6426	99.5019	100
2:8:1:45	7	6	22	25.6426	99.5019	100
2:8:2:55	7	6	22	25.6426	99.5019	100
2:8:4:10	7	6	22	25.6426	99.5019	100
2:8:5:20	7	6	22	25.6426	99.5019	100
2:8:6:35	7	6	22	25.6426	99.5019	100
2:8:7:45	7	6	22	25.6426	99.5019	100
2:8:9:0	7	6	22	25.6426	99.5019	100
2:8:10:10	7	6	22	25.6426	99.5019	100
2:8:11:25	7	6	22	25.6426	99.5019	100
2:8:12:40	7	6	22	25.6426	99.5019	100
2:8:13:50	7	6	22	25.6426	99.5019	100
2:8:15:0	7	6	22	25.6426	99.5019	100
2:8:16:15	7	6	22	25.6426	99.5019	100
2:8:17:25	7	6	22	25.6426	99.5019	100
2:8:18:40	7	6	22	25.6426	99.5019	100
2:8:19:55	7	6	22	25.6426	99.5019	100
2:8:21:5	7	6	22	25.6426	99.5019	100
2:8:22:20	7	6	22	25.6426	99.5019	100
2:8:23:30	7	6	22	25.6426	99.5019	100
2:8:24:45	7	6	22	25.6426	99.5019	100
2:8:25:55	7	6	22	25.6426	99.5019	100
2:8:27:10	7	6	22	25.6426	99.5019	100
2:8:28:20	7	6	22	25.6426	99.5019	100
2:8:29:35	7	6	22	25.6426	99.5019	100
2:8:30:45	7	6	22	25.6426	99.5019	100
2:8:32:0	7	6	22	25.6426	99.5019	100
2:8:33:10	7	6	22	25.6426	99.5019	100
2:8:34:25	7	6	22	25.6426	99.5019	100
2:8:35:35	7	6	22	25.6426	99.5019	100
2:8:36:50	7	6	22	25.6426	99.5019	100
2:8:38:0	7	6	22	25.6426	99.5019	100
2:8:39:15	7	6	22	25.6426	99.5019	100
2:8:40:25	7	6	22	25.6426	99.5019	100
2:8:41:40	7	6	22	25.6426	99.5019	100
2:8:42:50	7	6	22	25.6426	99.5019	100
2:8:44:5	7	6	22	25.6426	99.5019	100
2:8:45:15	7	6	22	25.6426	99.5019	100
2:8:46:30	7	6	22	25.6426	99.5019	100
2:8:47:40	7	6	22	25.6426	99.5019	100
2:8:48:55	7	6	22	25.6426	99.5019	100
2:8:50:5	7	6	22	25.6426	99.5019	100
2:8:51:20	7	6	22	25.6426	99.5019	100
2:8:52:30	7	6	22	25.6426	99.5019	100
2:8:53:45	7	6	22	25.6426	99.5019	100
2:8:54:55	7	6	22	25.6426	99.5019	100
2:8:56:10	7	6	22	25.6426	99.5019	100
2:8:57:25	7	6	22	25.6426	99.5019	100
2:8:58:35	7	6	22	25.6426	99.5019	100
2:8:59:50	7	6	22	25.6426	99.5019	100
2:9:1:0	7	6	22	25.6426	99.5019	100
2:9:2:15	7	6	22	25.6426	99.5019	100
2:9:3:25	7	6	22	25.6426	99.5019	100
2:9:4:40	7	6	22	25.6426	99.5019	100
2:9:5:50	7	6	22	25.6426	99.5019	100
2:9:7:5	7	6	22	25.6426	99.5019	100
2:9:8:15	7	6	22	25.6426	99.5019	100
2:9:9:30	7	6	22	25.6426	99.5019	100
2:9:10:40	7	6	22	25.6426	99.5019	100
2:9:11:55	7	6	22	25.6426	99.5019	100
2:9:13:5	7	6	22	25.6426	99.5019	100
2:9:14:20	7	6	22	25.6426	99.5019	100
2:9:15:30	7	6	22	25.6426	99.5019	100
2:9:16:45	7	6	22	25.6426	99.5019	100
2:9:17:55	7	6	22	25.6426	99.5019	100
2:9:19:10	7	6	22	25.6426	99.5019	100
2:9:20:20	7	6	22	25.6426	99.5019	100
2:9:21:35	7	6	22	25.6426	99.5019	100
2:9:22:45	7	6	22	25.6426	99.5019	100
2:9:24:0	7	6	22	25.6426	99.5019	100
2:9:25:10	7	6	22	25.6426	99.5019	100
2:9:26:25	7	6	22	25.6426	99.5019	100
2:9:27:35	7	6	22	25.6426	99.5019	100
2:9:28:50	7	6	22	25.6426	99.5019	100
2:9:30:5	7	6	22	25.6426	99.5019	100
2:9:31:15	7	6	22	25.6426	99.5019	100
2:9:32:30	7	6	22	25.6426	99.5019	100
2:9:33:40	7	6	22	25.6426	99.5019	100
2:9:34:50	7	6	22	25.6426	99.5019	100
2:9:36:5	7	6	22	25.6426	99.5019	100
2:9:37:20	7	6	22	25.6426	99.5019	100
2:9:38:30	7	6	22	25.6426	99.5019	100
2:9:39:45	7	6	22	25.6426	99.5019	100
2:9:40:55	7	6	22	25.6426	99.5019	100
2:9:42:10	7	6	22	25.6426	99.5019	100
2:9:43:20	7	6	22	25.6426	99.5019	100
2:9:44:35	7	6	22	25.6426	99.5019	100
2:9:45:45	7	6	22	25.6426	99.5019	100
2:9:47:0	7	6	22	25.6426	99.5019	100
2:9:48:10	7	6	22	25.6426	99.5019	100
2:9:49:25	7	6	22	25.6426	99.5019	100
2:9:50:35	7	6	22	25.6426	99.5019	100
2:9:51:50	7	6	22	25.6426	99.5019	100
2:9:53:0	7	6	22	25.6426	99.5019	100
2:9:54:15	7	6	22	25.6426	99.5019	100
2:9:55:25	7	6	22	25.6426	99.5019	100
2:9:56:40	7	6	22	25.6426	99.5019	100
2:9:57:50	7	6	22	25.6426	99.5019	100
2:9:59:5	7	6	22	25.6426	99.5019	100
2:10:0:15	7	6	22	25.6426	99.5019	100
2:10:1:30	7	6	22	25.6426	99.5019	100
2:10:2:40	7	6	22	25.6426	99.5019	100
2:10:3:55	7	6	22	25.6426	99.5019	100
2:10:5:5	7	6	22	25.6426	99.5019	100
2:10:6:20	7	6	22	25.6426	99.5019	100
2:10:7:35	7	6	22	25.6426	99.5019	100
2:10:8:45	7	6	22	25.6426	99.5019	100
2:10:10:0	7	6	22	25.6426	99.5019	100
2:10:11:10	7	6	22	25.6426	99.5019	100
2:10:12:20	7	6	22	25.6426	99.5019	100
2:10:13:35	7	6	22	25.6426	99.5019	100
2:10:14:50	7	6	22	25.6426	99.5019	100
2:10:16:0	7	6	22	25.6426	99.5019	100
2:10:17:15	7	6	22	25.6426	99.5019	100
2:10:18:25	7	6	22	25.6426	99.5019	100
2:10:19:40	7	6	22	25.6426	99.5019	100
2:10:20:50	7	6	22	25.6426	99.5019	100
2:10:22:5	7	6	22	25.6426	99.5019	100
2:10:23:15	7	6	22	25.6426	99.5019	100
2:10:24:30	7	6	22	25.6426	99.5019	100
2:10:25:40	7	6	22	25.6426	99.5019	100
2:10:26:55	7	6	22	25.6426	99.5019	100
2:10:28:10	7	6	22	25.6426	99.5019	100
2:10:29:20	7	6	22	25.6426	99.5019	100
2:10:30:30	7	6	22	25.6426	99.5019	100
2:10:31:45	7	6	22	25.6426	99.5019	100
2:10:33:0	7	6	22	25.6426	99.5019	100
2:10:34:10	7	6	22	25.6426	99.5019	100
2:10:35:25	7	6	22	25.6426	99.5019	100
2:10:36:35	7	6	22	25.6426	99.5019	100
2:10:37:50	7	6	22	25.6426	99.5019	100
2:10:39:0	7	6	22	25.6426	99.5019	100
2:10:40:15	7	6	22	25.6426	99.5019	100
2:10:41:25	7	6	22	25.6426	99.5019	100
2:10:42:40	7	6	22	25.6426	99.5019	100
2:10:43:50	7	6	22	25.6426	99.5019	100
2:10:45:5	7	6	22	25.6426	99.5019	100
2:10:46:15	7	6	22	25.6426	99.5019	100
2:10:47:30	7	6	22	25.6426	99.5019	100
2:10:48:40	7	6	22	25.6426	99.5019	100
2:10:49:55	7	6	22	25.6426	99.5019	100
2:10:51:5	7	6	22	25.6426	99.5019	100
2:10:52:20	7	6	22	25.6426	99.5019	100
2:10:53:30	7	6	22	25.6426	99.5019	100
2:10:54:45	7	6	22	25.6426	99.5019	100
2:10:55:55	7	6	22	25.6426	99.5019	100
2:10:57:10	7	6	22	25.6426	99.5019	100
2:10:58:20	7	6	22	25.6426	99.5019	100
2:10:59:35	7	6	22	25.6426	99.5019	100
2:11:0:45	7	6	22	25.6426	99.5019	100
2:11:2:0	7	6	22	25.6426	99.5019	100
2:11:3:10	7	6	22	25.6426	99.5019	100
2:11:4:25	7	6	22	25.6426	99.5019	100
2:11:5:40	7	6	22	25.6426	99.5019	100
2:11:6:50	7	6	22	25.6426	99.5019	100
2:11:8:0	7	6	22	25.6426	99.5019	100
2:11:9:15	7	6	22	25.6426	99.5019	100
2:11:10:25	7	6	22	25.6426	99.5019	100
2:11:11:40	7	6	22	25.6426	99.5019	100
2:11:12:55	7	6	22	25.6426	99.5019	100
2:11:14:5	7	6	22	25.6426	99.5019	100
2:11:15:20	7	6	22	25.6426	99.5019	100
2:11:16:30	7	6	22	25.6426	99.5019	100
2:11:17:45	7	6	22	25.6426	99.5019	100
2:11:18:55	7	6	22	25.6426	99.5019	100
2:11:20:10	7	6	22	25.6426	99.5019	100
2:11:21:20	7	6	22	25.6426	99.5019	100
2:11:22:35	7	6	22	25.6426	99.5019	100
2:11:23:45	7	6	22	25.6426	99.5019	100
2:11:25:0	7	6	22	25.6426	99.5019	100
2:11:26:10	7	6	22	25.6426	99.5019	100
2:11:27:25	7	6	22	25.6426	99.5019	100
2:11:28:35	7	6	22	25.6426	99.5019	100
2:11:29:50	7	6	22	25.6426	99.5019	100
2:11:31:0	7	6	22	25.6426	99.5019	100
2:11:32:15	7	6	22	25.6426	99.5019	100
2:11:33:30	7	6	22	25.6426	99.5019	100
2:11:34:40	7	6	22	25.6426	99.5019	100
2:11:35:55	7	6	22	25.6426	99.5019	100
2:11:37:5	7	6	22	25.6426	99.5019	100
2:11:38:20	7	6	22	25.6426	99.5019	100
2:11:39:30	7	6	22	25.6426	99.5019	100
2:11:40:45	7	6	22	25.6426	99.5019	100
2:11:41:55	7	6	22	25.6426	99.5019	100
2:11:43:10	7	6	22	25.6426	99.5019	100
2:11:44:20	7	6	22	25.6426	99.5019	100
2:11:45:35	7	6	22	25.6426	99.5019	100
2:11:46:45	7	6	22	25.6426	99.5019	100
2:11:48:0	7	6	22	25.6426	99.5019	100
2:11:49:10	7	6	22	25.6426	99.5019	100
2:11:50:25	7	6	22	25.6426	99.5019	100
2:11:51:35	7	6	22	25.6426	99.5019	100
2:11:52:50	7	6	22	25.6426	99.5019	100
2:11:54:0	7	6	22	25.6426	99.5019	100
2:11:55:15	7	6	22	25.6426	99.5019	100
2:11:56:25	7	6	22	25.6426	99.5019	100
2:11:57:40	7	6	22	25.6426	99.5019	100
2:11:58:50	7	6	22	25.6426	99.5019	100
2:12:0:5	7	6	22	25.6426	99.5019	100
2:12:1:15	7	6	22	25.6426	99.5019	100
2:12:2:30	7	6	22	25.6426	99.5019	100
2:12:3:40	7	6	22	25.6426	99.5019	100
2:12:4:55	7	6	22	25.6426	99.5019	100
2:12:6:5	7	6	22	25.6426	99.5019	100
2:12:7:20	7	6	22	25.6426	99.5019	100
2:12:8:30	7	6	22	25.6426	99.5019	100
2:12:9:45	7	6	22	25.6426	99.5019	100
2:12:10:55	7	6	22	25.6426	99.5019	100
2:12:12:10	7	6	22	25.6426	99.5019	100
2:12:13:20	7	6	22	25.6426	99.5019	100
2:12:14:35	7	6	22	25.6426	99.5019	100
2:12:15:45	7	6	22	25.6426	99.5019	100
2:12:17:0	7	6	22	25.6426	99.5019	100
2:12:18:10	7	6	22	25.6426	99.5019	100
2:12:19:25	7	6	22	25.6426	99.5019	100
2:12:20:35	7	6	22	25.6426	99.5019	100
2:12:21:50	7	6	22	25.6426	99.5019	100
2:12:23:0	7	6	22	25.6426	99.5019	100
2:12:24:15	7	6	22	25.6426	99.5019	100
2:12:25:25	7	6	22	25.6426	99.5019	100
2:12:26:40	7	6	22	25.6426	99.5019	100
2:12:27:55	7	6	22	25.6426	99.5019	100
2:12:29:5	7	6	22	25.6426	99.5019	100
2:12:30:15	7	6	22	25.6426	99.5019	100
2:12:31:30	7	6	22	25.6426	99.5019	100
2:12:32:45	7	6	22	25.6426	99.5019	100
2:12:33:55	7	6	22	25.6426	99.5019	100
2:12:35:10	7	6	22	25.6426	99.5019	100
2:12:36:20	7	6	22	25.6426	99.5019	100
2:12:37:35	7	6	22	25.6426	99.5019	100
2:12:38:45	7	6	22	25.6426	99.5019	100
2:12:40:0	7	6	22	25.6426	99.5019	100
2:12:41:10	7	6	22	25.6426	99.5019	100
2:12:42:25	7	6	22	25.6426	99.5019	100
2:12:43:40	7	6	22	25.6426	99.5019	100
2:12:44:50	7	6	22	25.6426	99.5019	100
2:12:46:5	7	6	22	25.6426	99.5019	100
2:12:47:15	7	6	22	25.6426	99.5019	100
2:12:48:30	7	6	22	25.6426	99.5019	100
2:12:49:45	7	6	22	25.6426	99.5019	100
2:12:50:55	7	6	22	25.6426	99.5019	100
2:12:52:10	7	6	22	25.6426	99.5019	100
2:12:53:20	7	6	22	25.6426	99.5019	100
2:12:54:35	7	6	22	25.6426	99.5019	100
2:12:55:50	7	6	22	25.6426	99.5019	100
2:12:57:0	7	6	22	25.6426	99.5019	100
2:12:58:15	7	6	22	25.6426	99.5019	100
2:12:59:25	7	6	22	25.6426	99.5019	100
2:13:0:40	7	6	22	25.6426	99.5019	100
2:13:1:50	7	6	22	25.6426	99.5019	100
2:13:3:5	7	6	22	25.6426	99.5019	100
2:13:4:15	7	6	22	25.6426	99.5019	100
2:13:5:30	7	6	22	25.6426	99.5019	100
2:13:6:45	7	6	22	25.6426	99.5019	100
2:13:7:55	7	6	22	25.6426	99.5019	100
2:13:9:10	7	6	22	25.6426	99.5019	100
2:13:10:20	7	6	22	25.6426	99.5019	100
2:13:11:35	7	6	22	25.6426	99.5019	100
2:13:12:45	7	6	22	25.6426	99.5019	100
2:13:14:0	7	6	22	25.6426	99.5019	100
2:13:15:15	7	6	22	25.6426	99.5019	100
2:13:16:25	7	6	22	25.6426	99.5019	100
2:13:17:40	7	6	22	25.6426	99.5019	100
2:13:18:50	7	6	22	25.6426	99.5019	100
2:13:20:5	7	6	22	25.6426	99.5019	100
2:13:21:15	7	6	22	25.6426	99.5019	100
2:13:22:30	7	6	22	25.6426	99.5019	100
2:13:23:40	7	6	22	25.6426	99.5019	100
2:13:24:55	7	6	22	25.6426	99.5019	100
2:13:26:5	7	6	22	25.6426	99.5019	100
2:13:27:20	7	6	22	25.6426	99.5019	100
2:13:28:35	7	6	22	25.6426	99.5019	100
2:13:29:45	7	6	22	25.6426	99.5019	100
2:13:31:0	7	6	22	25.6426	99.5019	100
2:13:32:10	7	6	22	25.6426	99.5019	100
2:13:33:25	7	6	22	25.6426	99.5019	100
2:13:34:35	7	6	22	25.6426	99.5019	100
2:13:35:50	7	6	22	25.6426	99.5019	100
2:13:37:5	7	6	22	25.6426	99.5019	100
2:13:38:15	7	6	22	25.6426	99.5019	100
2:13:39:30	7	6	22	25.6426	99.5019	100
2:13:40:40	7	6	22	25.6426	99.5019	100
2:13:41:55	7	6	22	25.6426	99.5019	100
2:13:43:5	7	6	22	25.6426	99.5019	100
2:13:44:20	7	6	22	25.6426	99.5019	100
2:13:45:30	7	6	22	25.6426	99.5019	100
2:13:46:45	7	6	22	25.6426	99.5019	100
2:13:48:0	7	6	22	25.6426	99.5019	100
2:13:49:10	7	6	22	25.6426	99.5019	100
2:13:50:25	7	6	22	25.6426	99.5019	100
2:13:51:35	7	6	22	25.6426	99.5019	100
2:13:52:50	7	6	22	25.6426	99.5019	100
2:13:54:5	7	6	22	25.6426	99.5019	100
2:13:55:15	7	6	22	25.6426	99.5019	100
2:13:56:30	7	6	22	25.6426	99.5019	100
2:13:57:40	7	6	22	25.6426	99.5019	100
2:13:58:55	7	6	22	25.6426	99.5019	100
2:14:0:5	7	6	22	25.6426	99.5019	100
2:14:1:20	7	6	22	25.6426	99.5019	100
2:14:2:35	7	6	22	25.6426	99.5019	100
2:14:3:45	7	6	22	25.6426	99.5019	100
2:14:5:0	7	6	22	25.6426	99.5019	100
2:14:6:10	7	6	22	25.6426	99.5019	100
2:14:7:25	7	6	22	25.6426	99.5019	100
2:14:8:35	7	6	22	25.6426	99.5019	100
2:14:9:50	7	6	22	25.6426	99.5019	100
2:14:11:5	7	6	22	25.6426	99.5019	100
2:14:12:15	7	6	22	25.6426	99.5019	100
2:14:13:30	7	6	22	25.6426	99.5019	100
2:14:14:40	7	6	22	25.6426	99.5019	100
2:14:15:55	7	6	22	25.6426	99.5019	100
2:14:17:5	7	6	22	25.6426	99.5019	100
2:14:18:20	7	6	22	25.6426	99.5019	100
2:14:19:35	7	6	22	25.6426	99.5019	100
2:14:20:45	7	6	22	25.6426	99.5019	100
2:14:22:0	7	6	22	25.6426	99.5019	100
2:14:23:10	7	6	22	25.6426	99.5019	100
2:14:24:25	7	6	22	25.6426	99.5019	100
2:14:25:35	7	6	22	25.6426	99.5019	100
2:14:26:50	7	6	22	25.6426	99.5019	100
2:14:28:0	7	6	22	25.6426	99.5019	100
2:14:29:15	7	6	22	25.6426	99.5019	100
2:14:30:30	7	6	22	25.6426	99.5019	100
2:14:31:40	7	6	22	25.6426	99.5019	100
2:14:32:55	7	6	22	25.6426	99.5019	100
2:14:34:5	7	6	22	25.6426	99.5019	100
2:14:35:20	7	6	22	25.6426	99.5019	100
2:14:36:30	7	6	22	25.6426	99.5019	100
2:14:37:45	7	6	22	25.6426	99.5019	100
2:14:38:55	7	6	22	25.6426	99.5019	100
2:14:40:10	7	6	22	25.6426	99.5019	100
2:14:41:25	7	6	22	25.6426	99.5019	100
2:14:42:35	7	6	22	25.6426	99.5019	100
2:14:43:50	7	6	22	25.6426	99.5019	100
2:14:45:0	7	6	22	25.6426	99.5019	100
2:14:46:15	7	6	22	25.6426	99.5019	100
2:14:47:25	7	6	22	25.6426	99.5019	100
2:14:48:40	7	6	22	25.6426	99.5019	100
2:14:49:55	7	6	22	25.6426	99.5019	100
2:14:51:5	7	6	22	25.6426	99.5019	100
2:14:52:20	7	6	22	25.6426	99.5019	100
2:14:53:30	7	6	22	25.6426	99.5019	100
2:14:54:45	7	6	22	25.6426	99.5019	100
2:14:55:55	7	6	22	25.6426	99.5019	100
2:14:57:10	7	6	22	25.6426	99.5019	100
2:14:58:25	7	6	22	25.6426	99.5019	100
2:14:59:35	7	6	22	25.6426	99.5019	100
2:15:0:50	7	6	22	25.6426	99.5019	100
2:15:2:0	7	6	22	25.6426	99.5019	100
2:15:3:15	7	6	22	25.6426	99.5019	100
2:15:4:25	7	6	22	25.6426	99.5019	100
2:15:5:40	7	6	22	25.6426	99.5019	100
2:15:6:55	7	6	22	25.6426	99.5019	100
2:15:8:5	7	6	22	25.6426	99.5019	100
2:15:9:20	7	6	22	25.6426	99.5019	100
2:15:10:30	7	6	22	25.6426	99.5019	100
2:15:11:45	7	6	22	25.6426	99.5019	100
2:15:12:55	7	6	22	25.6426	99.5019	100
2:15:14:10	7	6	22	25.6426	99.5019	100
2:15:15:20	7	6	22	25.6426	99.5019	100
2:15:16:35	7	6	22	25.6426	99.5019	100
2:15:17:50	7	6	22	25.6426	99.5019	100
2:15:19:0	7	6	22	25.6426	99.5019	100
2:15:20:15	7	6	22	25.6426	99.5019	100
2:15:21:25	7	6	22	25.6426	99.5019	100
2:15:22:40	7	6	22	25.6426	99.5019	100
2:15:23:50	7	6	22	25.6426	99.5019	100
2:15:25:5	7	6	22	25.6426	99.5019	100
2:15:26:20	7	6	22	25.6426	99.5019	100
2:15:27:30	7	6	22	25.6426	99.5019	100
2:15:28:45	7	6	22	25.6426	99.5019	100
2:15:29:55	7	6	22	25.6426	99.5019	100
2:15:31:10	7	6	22	25.6426	99.5019	100
2:15:32:25	7	6	22	25.6426	99.5019	100
2:15:33:35	7	6	22	25.6426	99.5019	100
2:15:34:50	7	6	22	25.6426	99.5019	100
2:15:36:0	7	6	22	25.6426	99.5019	100
2:15:37:15	7	6	22	25.6426	99.5019	100
2:15:38:25	7	6	22	25.6426	99.5019	100
2:15:39:40	7	6	22	25.6426	99.5019	100
2:15:40:50	7	6	22	25.6426	99.5019	100
2:15:42:5	7	6	22	25.6426	99.5019	100
2:15:43:20	7	6	22	25.6426	99.5019	100
2:15:44:30	7	6	22	25.6426	99.5019	100
2:15:45:45	7	6	22	25.6426	99.5019	100
2:15:46:55	7	6	22	25.6426	99.5019	100
2:15:48:10	7	6	22	25.6426	99.5019	100
2:15:49:20	7	6	22	25.6426	99.5019	100
2:15:50:35	7	6	22	25.6426	99.5019	100
2:15:51:45	7	6	22	25.6426	99.5019	100
2:15:53:0	7	6	22	25.6426	99.5019	100
2:15:54:15	7	6	22	25.6426	99.5019	100
2:15:55:25	7	6	22	25.6426	99.5019	100
2:15:56:40	7	6	22	25.6426	99.5019	100
2:15:57:50	7	6	22	25.6426	99.5019	100
2:15:59:5	7	6	22	25.6426	99.5019	100
2:16:0:15	7	6	22	25.6426	99.5019	100
2:16:1:30	7	6	22	25.6426	99.5019	100
2:16:2:45	7	6	22	25.6426	99.5019	100
2:16:3:55	7	6	22	25.6426	99.5019	100
2:16:5:10	7	6	22	25.6426	99.5019	100
2:16:6:20	7	6	22	25.6426	99.5019	100
2:16:7:35	7	6	22	25.6426	99.5019	100
2:16:8:45	7	6	22	25.6426	99.5019	100
2:16:10:0	7	6	22	25.6426	99.5019	100
2:16:11:10	7	6	22	25.6426	99.5019	100
2:16:12:25	7	6	22	25.6426	99.5019	100
2:16:13:40	7	6	22	25.6426	99.5019	100
2:16:14:50	7	6	22	25.6426	99.5019	100
2:16:16:5	7	6	22	25.6426	99.5019	100
2:16:17:15	7	6	22	25.6426	99.5019	100
2:16:18:30	7	6	22	25.6426	99.5019	100
2:16:19:40	7	6	22	25.6426	99.5019	100
2:16:20:55	7	6	22	25.6426	99.5019	100
2:16:22:10	7	6	22	25.6426	99.5019	100
2:16:23:20	7	6	22	25.6426	99.5019	100
2:16:24:35	7	6	22	25.6426	99.5019	100
2:16:25:45	7	6	22	25.6426	99.5019	100
2:16:27:0	7	6	22	25.6426	99.5019	100
2:16:28:10	7	6	22	25.6426	99.5019	100
2:16:29:25	7	6	22	25.6426	99.5019	100
2:16:30:40	7	6	22	25.6426	99.5019	100
2:16:31:50	7	6	22	25.6426	99.5019	100
2:16:33:5	7	6	22	25.6426	99.5019	100
2:16:34:15	7	6	22	25.6426	99.5019	100
2:16:35:30	7	6	22	25.6426	99.5019	100
2:16:36:45	7	6	22	25.6426	99.5019	100
2:16:37:55	7	6	22	25.6426	99.5019	100
2:16:39:10	7	6	22	25.6426	99.5019	100
2:16:40:20	7	6	22	25.6426	99.5019	100
2:16:41:35	7	6	22	25.6426	99.5019	100
2:16:42:45	7	6	22	25.6426	99.5019	100
2:16:44:0	7	6	22	25.6426	99.5019	100
2:16:45:10	7	6	22	25.6426	99.5019	100
2:16:46:25	7	6	22	25.6426	99.5019	100
2:16:47:40	7	6	22	25.6426	99.5019	100
2:16:48:50	7	6	22	25.6426	99.5019	100
2:16:50:5	7	6	22	25.6426	99.5019	100
2:16:51:15	7	6	22	25.6426	99.5019	100
2:16:52:30	7	6	22	25.6426	99.5019	100
2:16:53:40	7	6	22	25.6426	99.5019	100
2:16:54:55	7	6	22	25.6426	99.5019	100
2:16:56:5	7	6	22	25.6426	99.5019	100
2:16:57:20	7	6	22	25.6426	99.5019	100
2:16:58:35	7	6	22	25.6426	99.5019	100
2:16:59:45	7	6	22	25.6426	99.5019	100
2:17:1:0	7	6	22	25.6426	99.5019	100
2:17:2:10	7	6	22	25.6426	99.5019	100
2:17:3:25	7	6	22	25.6426	99.5019	100
2:17:4:35	7	6	22	25.6426	99.5019	100
2:17:5:50	7	6	22	25.6426	99.5019	100
2:17:7:5	7	6	22	25.6426	99.5019	100
2:17:8:15	7	6	22	25.6426	99.5019	100
2:17:9:30	7	6	22	25.6426	99.5019	100
2:17:10:40	7	6	22	25.6426	99.5019	100
2:17:11:55	7	6	22	25.6426	99.5019	100
2:17:13:5	7	6	22	25.6426	99.5019	100
2:17:14:20	7	6	22	25.6426	99.5019	100
2:17:15:30	7	6	22	25.6426	99.5019	100
2:17:16:45	7	6	22	25.6426	99.5019	100
2:17:17:55	7	6	22	25.6426	99.5019	100
2:17:19:10	7	6	22	25.6426	99.5019	100
2:17:20:25	7	6	22	25.6426	99.5019	100
2:17:21:35	7	6	22	25.6426	99.5019	100
2:17:22:50	7	6	22	25.6426	99.5019	100
2:17:24:0	7	6	22	25.6426	99.5019	100
2:17:25:15	7	6	22	25.6426	99.5019	100
2:17:26:25	7	6	22	25.6426	99.5019	100
2:17:27:40	7	6	22	25.6426	99.5019	100
2:17:28:55	7	6	22	25.6426	99.5019	100
2:17:30:5	7	6	22	25.6426	99.5019	100
2:17:31:20	7	6	22	25.6426	99.5019	100
2:17:32:30	7	6	22	25.6426	99.5019	100
2:17:33:45	7	6	22	25.6426	99.5019	100
2:17:34:55	7	6	22	25.6426	99.5019	100
2:17:36:10	7	6	22	25.6426	99.5019	100
2:17:37:25	7	6	22	25.6426	99.5019	100
2:17:38:35	7	6	22	25.6426	99.5019	100
2:17:39:50	7	6	22	25.6426	99.5019	100
2:17:41:0	7	6	22	25.6426	99.5019	100
2:17:42:15	7	6	22	25.6426	99.5019	100
2:17:43:25	7	6	22	25.6426	99.5019	100
2:17:44:40	7	6	22	25.6426	99.5019	100
2:17:45:50	7	6	22	25.6426	99.5019	100
2:17:47:5	7	6	22	25.6426	99.5019	100
2:17:48:20	7	6	22	25.6426	99.5019	100
2:17:49:30	7	6	22	25.6426	99.5019	100
2:17:50:45	7	6	22	25.6426	99.5019	100
2:17:51:55	7	6	22	25.6426	99.5019	100
2:17:53:10	7	6	22	25.6426	99.5019	100
2:17:54:25	7	6	22	25.6426	99.5019	100
2:17:55:35	7	6	22	25.6426	99.5019	100
2:17:56:50	7	6	22	25.6426	99.5019	100
2:17:58:0	7	6	22	25.6426	99.5019	100
2:17:59:15	7	6	22	25.6426	99.5019	100
2:18:0:25	7	6	22	25.6426	99.5019	100
2:18:1:40	7	6	22	25.6426	99.5019	100
2:18:2:55	7	6	22	25.6426	99.5019	100
2:18:4:5	7	6	22	25.6426	99.5019	100
2:18:5:20	7	6	22	25.6426	99.5019	100
2:18:6:30	7	6	22	25.6426	99.5019	100
2:18:7:45	7	6	22	25.6426	99.5019	100
2:18:8:55	7	6	22	25.6426	99.5019	100
2:18:10:10	7	6	22	25.6426	99.5019	100
2:18:11:25	7	6	22	25.6426	99.5019	100
2:18:12:35	7	6	22	25.6426	99.5019	100
2:18:13:50	7	6	22	25.6426	99.5019	100
2:18:15:0	7	6	22	25.6426	99.5019	100
2:18:16:15	7	6	22	25.6426	99.5019	100
2:18:17:25	7	6	22	25.6426	99.5019	100
2:18:18:40	7	6	22	25.6426	99.5019	100
2:18:19:55	7	6	22	25.6426	99.5019	100
2:18:21:5	7	6	22	25.6426	99.5019	100
2:18:22:20	7	6	22	25.6426	99.5019	100
2:18:23:30	7	6	22	25.6426	99.5019	100
2:18:24:45	7	6	22	25.6426	99.5019	100
2:18:25:55	7	6	22	25.6426	99.5019	100
2:18:27:10	7	6	22	25.6426	99.5019	100
2:18:28:20	7	6	22	25.6426	99.5019	100
2:18:29:35	7	6	22	25.6426	99.5019	100
2:18:30:50	7	6	22	25.6426	99.5019	100
2:18:32:0	7	6	22	25.6426	99.5019	100
2:18:33:15	7	6	22	25.6426	99.5019	100
2:18:34:25	7	6	22	25.6426	99.5019	100
2:18:35:40	7	6	22	25.6426	99.5019	100
2:18:36:50	7	6	22	25.6426	99.5019	100
2:18:38:5	7	6	22	25.6426	99.5019	100
2:18:39:20	7	6	22	25.6426	99.5019	100
2:18:40:30	7	6	22	25.6426	99.5019	100
2:18:41:45	7	6	22	25.6426	99.5019	100
2:18:42:55	7	6	22	25.6426	99.5019	100
2:18:44:10	7	6	22	25.6426	99.5019	100
2:18:45:20	7	6	22	25.6426	99.5019	100
2:18:46:35	7	6	22	25.6426	99.5019	100
2:18:47:50	7	6	22	25.6426	99.5019	100
2:18:49:0	7	6	22	25.6426	99.5019	100
2:18:50:15	7	6	22	25.6426	99.5019	100
2:18:51:25	7	6	22	25.6426	99.5019	100
2:18:52:40	7	6	22	25.6426	99.5019	100
2:18:53:50	7	6	22	25.6426	99.5019	100
2:18:55:5	7	6	22	25.6426	99.5019	100
2:18:56:15	7	6	22	25.6426	99.5019	100
2:18:57:30	7	6	22	25.6426	99.5019	100
2:18:58:45	7	6	22	25.6426	99.5019	100
2:18:59:55	7	6	22	25.6426	99.5019	100
2:19:1:10	7	6	22	25.6426	99.5019	100
2:19:2:20	7	6	22	25.6426	99.5019	100
2:19:3:35	7	6	22	25.6426	99.5019	100
2:19:4:50	7	6	22	25.6426	99.5019	100
2:19:6:0	7	6	22	25.6426	99.5019	100
2:19:7:15	7	6	22	25.6426	99.5019	100
2:19:8:25	7	6	22	25.6426	99.5019	100
2:19:9:40	7	6	22	25.6426	99.5019	100
2:19:10:50	7	6	22	25.6426	99.5019	100
2:19:12:5	7	6	22	25.6426	99.5019	100
2:19:13:20	7	6	22	25.6426	99.5019	100
2:19:14:30	7	6	22	25.6426	99.5019	100
2:19:15:45	7	6	22	25.6426	99.5019	100
2:19:16:55	7	6	22	25.6426	99.5019	100
2:19:18:10	7	6	22	25.6426	99.5019	100
2:19:19:20	7	6	22	25.6426	99.5019	100
2:19:20:35	7	6	22	25.6426	99.5019	100
2:19:21:45	7	6	22	25.6426	99.5019	100
2:19:23:0	7	6	22	25.6426	99.5019	100
2:19:24:15	7	6	22	25.6426	99.5019	100
2:19:25:25	7	6	22	25.6426	99.5019	100
2:19:26:40	7	6	22	25.6426	99.5019	100
2:19:27:50	7	6	22	25.6426	99.5019	100
2:19:29:5	7	6	22	25.6426	99.5019	100
2:19:30:15	7	6	22	25.6426	99.5019	100
2:19:31:30	7	6	22	25.6426	99.5019	100
2:19:32:40	7	6	22	25.6426	99.5019	100
2:19:33:55	7	6	22	25.6426	99.5019	100
2:19:35:10	7	6	22	25.6426	99.5019	100
2:19:36:20	7	6	22	25.6426	99.5019	100
2:19:37:35	7	6	22	25.6426	99.5019	100
2:19:38:45	7	6	22	25.6426	99.5019	100
2:19:40:0	7	6	22	25.6426	99.5019	100
2:19:41:10	7	6	22	25.6426	99.5019	100
2:19:42:25	7	6	22	25.6426	99.5019	100
2:19:43:40	7	6	22	25.6426	99.5019	100
2:19:44:50	7	6	22	25.6426	99.5019	100
2:19:46:5	7	6	22	25.6426	99.5019	100
2:19:47:15	7	6	22	25.6426	99.5019	100
2:19:48:30	7	6	22	25.6426	99.5019	100
2:19:49:40	7	6	22	25.6426	99.5019	100
2:19:50:55	7	6	22	25.6426	99.5019	100
2:19:52:5	7	6	22	25.6426	99.5019	100
2:19:53:20	7	6	22	25.6426	99.5019	100
2:19:54:35	7	6	22	25.6426	99.5019	100
2:19:55:45	7	6	22	25.6426	99.5019	100
2:19:57:0	7	6	22	25.6426	99.5019	100
2:19:58:10	7	6	22	25.6426	99.5019	100
2:19:59:25	7	6	22	25.6426	99.5019	100
2:20:0:35	7	6	22	25.6426	99.5019	100
2:20:1:50	7	6	22	25.6426	99.5019	100
2:20:3:0	7	6	22	25.6426	99.5019	100
2:20:4:15	7	6	22	25.6426	99.5019	100
2:20:5:25	7	6	22	25.6426	99.5019	100
2:20:6:40	7	6	22	25.6426	99.5019	100
2:20:7:55	7	6	22	25.6426	99.5019	100
2:20:9:5	7	6	22	25.6426	99.5019	100
2:20:10:20	7	6	22	25.6426	99.5019	100
2:20:11:30	7	6	22	25.6426	99.5019	100
2:20:12:45	7	6	22	25.6426	99.5019	100
2:20:13:55	7	6	22	25.6426	99.5019	100
2:20:15:10	7	6	22	25.6426	99.5019	100
2:20:16:25	7	6	22	25.6426	99.5019	100
2:20:17:35	7	6	22	25.6426	99.5019	100
2:20:18:50	7	6	22	25.6426	99.5019	100
2:20:20:0	7	6	22	25.6426	99.5019	100
2:20:21:15	7	6	22	25.6426	99.5019	100
2:20:22:25	7	6	22	25.6426	99.5019	100
2:20:23:40	7	6	22	25.6426	99.5019	100
2:20:24:55	7	6	22	25.6426	99.5019	100
2:20:26:5	7	6	22	25.6426	99.5019	100
2:20:27:20	7	6	22	25.6426	99.5019	100
2:20:28:30	7	6	22	25.6426	99.5019	100
2:20:29:45	7	6	22	25.6426	99.5019	100
2:20:30:55	7	6	22	25.6426	99.5019	100
2:20:32:10	7	6	22	25.6426	99.5019	100
2:20:33:25	7	6	22	25.6426	99.5019	100
2:20:34:35	7	6	22	25.6426	99.5019	100
2:20:35:50	7	6	22	25.6426	99.5019	100
2:20:37:0	7	6	22	25.6426	99.5019	100
2:20:38:15	7	6	22	25.6426	99.5019	100
2:20:39:25	7	6	22	25.6426	99.5019	100
2:20:40:40	7	6	22	25.6426	99.5019	100
2:20:41:55	7	6	22	25.6426	99.5019	100
2:20:43:5	7	6	22	25.6426	99.5019	100
2:20:44:20	7	6	22	25.6426	99.5019	100
2:20:45:30	7	6	22	25.6426	99.5019	100
2:20:46:45	7	6	22	25.6426	99.5019	100
2:20:47:55	7	6	22	25.6426	99.5019	100
2:20:49:10	7	6	22	25.6426	99.5019	100
2:20:50:20	7	6	22	25.6426	99.5019	100
2:20:51:35	7	6	22	25.6426	99.5019	100
2:20:52:50	7	6	22	25.6426	99.5019	100
2:20:54:0	7	6	22	25.6426	99.5019	100
2:20:55:15	7	6	22	25.6426	99.5019	100
2:20:56:25	7	6	22	25.6426	99.5019	100
2:20:57:40	7	6	22	25.6426	99.5019	100
2:20:58:50	7	6	22	25.6426	99.5019	100
2:21:0:5	7	6	22	25.6426	99.5019	100
2:21:1:15	7	6	22	25.6426	99.5019	100
2:21:2:30	7	6	22	25.6426	99.5019	100
2:21:3:45	7	6	22	25.6426	99.5019	100
2:21:4:55	7	6	22	25.6426	99.5019	100
2:21:6:10	7	6	22	25.6426	99.5019	100
2:21:7:20	7	6	22	25.6426	99.5019	100
2:21:8:35	7	6	22	25.6426	99.5019	100
2:21:9:45	7	6	22	25.6426	99.5019	100
2:21:11:0	7	6	22	25.6426	99.5019	100
2:21:12:15	7	6	22	25.6426	99.5019	100
2:21:13:25	7	6	22	25.6426	99.5019	100
2:21:14:40	7	6	22	25.6426	99.5019	100
2:21:15:50	7	6	22	25.6426	99.5019	100
2:21:17:5	7	6	22	25.6426	99.5019	100
2:21:18:15	7	6	22	25.6426	99.5019	100
2:21:19:30	7	6	22	25.6426	99.5019	100
2:21:20:45	7	6	22	25.6426	99.5019	100
2:21:21:55	7	6	22	25.6426	99.5019	100
2:21:23:10	7	6	22	25.6426	99.5019	100
2:21:24:20	7	6	22	25.6426	99.5019	100
2:21:25:35	7	6	22	25.6426	99.5019	100
2:21:26:50	7	6	22	25.6426	99.5019	100
2:21:28:0	7	6	22	25.6426	99.5019	100
2:21:29:15	7	6	22	25.6426	99.5019	100
2:21:30:25	7	6	22	25.6426	99.5019	100
2:21:31:40	7	6	22	25.6426	99.5019	100
2:21:32:50	7	6	22	25.6426	99.5019	100
2:21:34:5	7	6	22	25.6426	99.5019	100
2:21:35:20	7	6	22	25.6426	99.5019	100
2:21:36:30	7	6	22	25.6426	99.5019	100
2:21:37:45	7	6	22	25.6426	99.5019	100
2:21:38:55	7	6	22	25.6426	99.5019	100
2:21:40:10	7	6	22	25.6426	99.5019	100
2:21:41:20	7	6	22	25.6426	99.5019	100
2:21:42:35	7	6	22	25.6426	99.5019	100
2:21:43:50	7	6	22	25.6426	99.5019	100
2:21:45:0	7	6	22	25.6426	99.5019	100
2:21:46:15	7	6	22	25.6426	99.5019	100
2:21:47:25	7	6	22	25.6426	99.5019	100
2:21:48:40	7	6	22	25.6426	99.5019	100
2:21:49:50	7	6	22	25.6426	99.5019	100
2:21:51:5	7	6	22	25.6426	99.5019	100
2:21:52:15	7	6	22	25.6426	99.5019	100
2:21:53:30	7	6	22	25.6426	99.5019	100
2:21:54:45	7	6	22	25.6426	99.5019	100
2:21:55:55	7	6	22	25.6426	99.5019	100
2:21:57:10	7	6	22	25.6426	99.5019	100
2:21:58:20	7	6	22	25.6426	99.5019	100
2:21:59:35	7	6	22	25.6426	99.5019	100
2:22:0:45	7	6	22	25.6426	99.5019	100
2:22:2:0	7	6	22	25.6426	99.5019	100
2:22:3:10	7	6	22	25.6426	99.5019	100
2:22:4:25	7	6	22	25.6426	99.5019	100
2:22:5:40	7	6	22	25.6426	99.5019	100
2:22:6:50	7	6	22	25.6426	99.5019	100
2:22:8:5	7	6	22	25.6426	99.5019	100
2:22:9:15	7	6	22	25.6426	99.5019	100
2:22:10:30	7	6	22	25.6426	99.5019	100
2:22:11:40	7	6	22	25.6426	99.5019	100
2:22:12:55	7	6	22	25.6426	99.5019	100
2:22:14:5	7	6	22	25.6426	99.5019	100
2:22:15:20	7	6	22	25.6426	99.5019	100
2:22:16:35	7	6	22	25.6426	99.5019	100
2:22:17:45	7	6	22	25.6426	99.5019	100
2:22:19:0	7	6	22	25.6426	99.5019	100
2:22:20:10	7	6	22	25.6426	99.5019	100
2:22:21:25	7	6	22	25.6426	99.5019	100
2:22:22:35	7	6	22	25.6426	99.5019	100
2:22:23:50	7	6	22	25.6426	99.5019	100
2:22:25:0	7	6	22	25.6426	99.5019	100
2:22:26:15	7	6	22	25.6426	99.5019	100
2:22:27:30	7	6	22	25.6426	99.5019	100
2:22:28:40	7	6	22	25.6426	99.5019	100
2:22:29:55	7	6	22	25.6426	99.5019	100
2:22:31:5	7	6	22	25.6426	99.5019	100
2:22:32:20	7	6	22	25.6426	99.5019	100
2:22:33:30	7	6	22	25.6426	99.5019	100
2:22:34:45	7	6	22	25.6426	99.5019	100
2:22:36:0	7	6	22	25.6426	99.5019	100
2:22:37:10	7	6	22	25.6426	99.5019	100
2:22:38:25	7	6	22	25.6426	99.5019	100
2:22:39:35	7	6	22	25.6426	99.5019	100
2:22:40:50	7	6	22	25.6426	99.5019	100
2:22:42:0	7	6	22	25.6426	99.5019	100
2:22:43:15	7	6	22	25.6426	99.5019	100
2:22:44:30	7	6	22	25.6426	99.5019	100
2:22:45:40	7	6	22	25.6426	99.5019	100
2:22:46:55	7	6	22	25.6426	99.5019	100
2:22:48:5	7	6	22	25.6426	99.5019	100
2:22:49:20	7	6	22	25.6426	99.5019	100
2:22:50:30	7	6	22	25.6426	99.5019	100
2:22:51:45	7	6	22	25.6426	99.5019	100
2:22:53:0	7	6	22	25.6426	99.5019	100
2:22:54:10	7	6	22	25.6426	99.5019	100
2:22:55:25	7	6	22	25.6426	99.5019	100
2:22:56:35	7	6	22	25.6426	99.5019	100
2:22:57:50	7	6	22	25.6426	99.5019	100
2:22:59:0	7	6	22	25.6426	99.5019	100
2:23:0:15	7	6	22	25.6426	99.5019	100
2:23:1:30	7	6	22	25.6426	99.5019	100
2:23:2:40	7	6	22	25.6426	99.5019	100
2:23:3:55	7	6	22	25.6426	99.5019	100
2:23:5:5	7	6	22	25.6426	99.5019	100
2:23:6:20	7	6	22	25.6426	99.5019	100
2:23:7:30	7	6	22	25.6426	99.5019	100
2:23:8:45	7	6	22	25.6426	99.5019	100
2:23:10:0	7	6	22	25.6426	99.5019	100
2:23:11:10	7	6	22	25.6426	99.5019	100
2:23:12:25	7	6	22	25.6426	99.5019	100
2:23:13:35	7	6	22	25.6426	99.5019	100
2:23:14:50	7	6	22	25.6426	99.5019	100
2:23:16:0	7	6	22	25.6426	99.5019	100
2:23:17:15	7	6	22	25.6426	99.5019	100
2:23:18:25	7	6	22	25.6426	99.5019	100
2:23:19:40	7	6	22	25.6426	99.5019	100
2:23:20:55	7	6	22	25.6426	99.5019	100
2:23:22:5	7	6	22	25.6426	99.5019	100
2:23:23:20	7	6	22	25.6426	99.5019	100
2:23:24:30	7	6	22	25.6426	99.5019	100
2:23:25:45	7	6	22	25.6426	99.5019	100
2:23:26:55	7	6	22	25.6426	99.5019	100
2:23:28:10	7	6	22	25.6426	99.5019	100
2:23:29:20	7	6	22	25.6426	99.5019	100
2:23:30:35	7	6	22	25.6426	99.5019	100
2:23:31:50	7	6	22	25.6426	99.5019	100
2:23:33:0	7	6	22	25.6426	99.5019	100
2:23:34:15	7	6	22	25.6426	99.5019	100
2:23:35:25	7	6	22	25.6426	99.5019	100
2:23:36:40	7	6	22	25.6426	99.5019	100
2:23:37:50	7	6	22	25.6426	99.5019	100
2:23:39:5	7	6	22	25.6426	99.5019	100
2:23:40:20	7	6	22	25.6426	99.5019	100
2:23:41:30	7	6	22	25.6426	99.5019	100
2:23:42:45	7	6	22	25.6426	99.5019	100
2:23:43:55	7	6	22	25.6426	99.5019	100
2:23:45:10	7	6	22	25.6426	99.5019	100
2:23:46:20	7	6	22	25.6426	99.5019	100
2:23:47:35	7	6	22	25.6426	99.5019	100
2:23:48:50	7	6	22	25.6426	99.5019	100
2:23:50:0	7	6	22	25.6426	99.5019	100
2:23:51:15	7	6	22	25.6426	99.5019	100
2:23:52:25	7	6	22	25.6426	99.5019	100
2:23:53:40	7	6	22	25.6426	99.5019	100
2:23:54:50	7	6	22	25.6426	99.5019	100
2:23:56:5	7	6	22	25.6426	99.5019	100
2:23:57:20	7	6	22	25.6426	99.5019	100
2:23:58:30	7	6	22	25.6426	99.5019	100
2:23:59:45	7	6	22	25.6426	99.5019	100
3:0:0:55	7	6	22	25.6426	99.5019	100
3:0:2:10	7	6	22	25.6426	99.5019	100
3:0:3:20	7	6	22	25.6426	99.5019	100
3:0:4:35	7	6	22	25.6426	99.5019	100
3:0:5:50	7	6	22	25.6426	99.5019	100
3:0:7:0	7	6	22	25.6426	99.5019	100
3:0:8:15	7	6	22	25.6426	99.5019	100
3:0:9:25	7	6	22	25.6426	99.5019	100
3:0:10:40	7	6	22	25.6426	99.5019	100
3:0:11:50	7	6	22	25.6426	99.5019	100
3:0:13:5	7	6	22	25.6426	99.5019	100
3:0:14:20	7	6	22	25.6426	99.5019	100
3:0:15:30	7	6	22	25.6426	99.5019	100
3:0:16:45	7	6	22	25.6426	99.5019	100
3:0:17:55	7	6	22	25.6426	99.5019	100
3:0:19:10	7	6	22	25.6426	99.5019	100
3:0:20:20	7	6	22	25.6426	99.5019	100
3:0:21:35	7	6	22	25.6426	99.5019	100
3:0:22:45	7	6	22	25.6426	99.5019	100
3:0:24:0	7	6	22	25.6426	99.5019	100
3:0:25:15	7	6	22	25.6426	99.5019	100
3:0:26:25	7	6	22	25.6426	99.5019	100
3:0:27:40	7	6	22	25.6426	99.5019	100
3:0:28:50	7	6	22	25.6426	99.5019	100
3:0:30:5	7	6	22	25.6426	99.5019	100
3:0:31:15	7	6	22	25.6426	99.5019	100
3:0:32:30	7	6	22	25.6426	99.5019	100
3:0:33:40	7	6	22	25.6426	99.5019	100
3:0:34:55	7	6	22	25.6426	99.5019	100
3:0:36:10	7	6	22	25.6426	99.5019	100
3:0:37:20	7	6	22	25.6426	99.5019	100
3:0:38:35	7	6	22	25.6426	99.5019	100
3:0:39:45	7	6	22	25.6426	99.5019	100
3:0:41:0	7	6	22	25.6426	99.5019	100
3:0:42:10	7	6	22	25.6426	99.5019	100
3:0:43:25	7	6	22	25.6426	99.5019	100
3:0:44:35	7	6	22	25.6426	99.5019	100
3:0:45:50	7	6	22	25.6426	99.5019	100
3:0:47:5	7	6	22	25.6426	99.5019	100
3:0:48:15	7	6	22	25.6426	99.5019	100
3:0:49:30	7	6	22	25.6426	99.5019	100
3:0:50:40	7	6	22	25.6426	99.5019	100
3:0:51:55	7	6	22	25.6426	99.5019	100
3:0:53:5	7	6	22	25.6426	99.5019	100
3:0:54:20	7	6	22	25.6426	99.5019	100
3:0:55:35	7	6	22	25.6426	99.5019	100
3:0:56:45	7	6	22	25.6426	99.5019	100
3:0:58:0	7	6	22	25.6426	99.5019	100
3:0:59:10	7	6	22	25.6426	99.5019	100
3:1:0:25	7	6	22	25.6426	99.5019	100
3:1:1:35	7	6	22	25.6426	99.5019	100
3:1:2:50	7	6	22	25.6426	99.5019	100
3:1:4:0	7	6	22	25.6426	99.5019	100
3:1:5:15	7	6	22	25.6426	99.5019	100
3:1:6:30	7	6	22	25.6426	99.5019	100
3:1:7:40	7	6	22	25.6426	99.5019	100
3:1:8:55	7	6	22	25.6426	99.5019	100
3:1:10:5	7	6	22	25.6426	99.5019	100
3:1:11:20	7	6	22	25.6426	99.5019	100
3:1:12:30	7	6	22	25.6426	99.5019	100
3:1:13:45	7	6	22	25.6426	99.5019	100
3:1:14:55	7	6	22	25.6426	99.5019	100
3:1:16:10	7	6	22	25.6426	99.5019	100
3:1:17:25	7	6	22	25.6426	99.5019	100
3:1:18:35	7	6	22	25.6426	99.5019	100
3:1:19:50	7	6	22	25.6426	99.5019	100
3:1:21:5	7	6	22	25.6426	99.5019	100
3:1:22:15	7	6	22	25.6426	99.5019	100
3:1:23:30	7	6	22	25.6426	99.5019	100
3:1:24:40	7	6	22	25.6426	99.5019	100
3:1:25:55	7	6	22	25.6426	99.5019	100
3:1:27:5	7	6	22	25.6426	99.5019	100
3:1:28:20	7	6	22	25.6426	99.5019	100
3:1:29:30	7	6	22	25.6426	99.5019	100
3:1:30:45	7	6	22	25.6426	99.5019	100
3:1:31:55	7	6	22	25.6426	99.5019	100
3:1:33:10	7	6	22	25.6426	99.5019	100
3:1:34:25	7	6	22	25.6426	99.5019	100
3:1:35:35	7	6	22	25.6426	99.5019	100
3:1:36:50	7	6	22	25.6426	99.5019	100
3:1:38:0	7	6	22	25.6426	99.5019	100
3:1:39:15	7	6	22	25.6426	99.5019	100
3:1:40:25	7	6	22	25.6426	99.5019	100
3:1:41:40	7	6	22	25.6426	99.5019	100
3:1:42:55	7	6	22	25.6426	99.5019	100
3:1:44:5	7	6	22	25.6426	99.5019	100
3:1:45:20	7	6	22	25.6426	99.5019	100
3:1:46:30	7	6	22	25.6426	99.5019	100
3:1:47:45	7	6	22	25.6426	99.5019	100
3:1:48:55	7	6	22	25.6426	99.5019	100
3:1:50:10	7	6	22	25.6426	99.5019	100
3:1:51:25	7	6	22	25.6426	99.5019	100
3:1:52:35	7	6	22	25.6426	99.5019	100
3:1:53:50	7	6	22	25.6426	99.5019	100
3:1:55:0	7	6	22	25.6426	99.5019	100
3:1:56:15	7	6	22	25.6426	99.5019	100
3:1:57:25	7	6	22	25.6426	99.5019	100
3:1:58:40	7	6	22	25.6426	99.5019	100
3:1:59:50	7	6	22	25.6426	99.5019	100
3:2:1:5	7	6	22	25.6426	99.5019	100
3:2:2:15	7	6	22	25.6426	99.5019	100
3:2:3:30	7	6	22	25.6426	99.5019	100
3:2:4:45	7	6	22	25.6426	99.5019	100
3:2:5:55	7	6	22	25.6426	99.5019	100
3:2:7:10	7	6	22	25.6426	99.5019	100
3:2:8:20	7	6	22	25.6426	99.5019	100
3:2:9:35	7	6	22	25.6426	99.5019	100
3:2:10:50	7	6	22	25.6426	99.5019	100
3:2:12:0	7	6	22	25.6426	99.5019	100
3:2:13:15	7	6	22	25.6426	99.5019	100
3:2:14:25	7	6	22	25.6426	99.5019	100
3:2:15:40	7	6	22	25.6426	99.5019	100
3:2:16:50	7	6	22	25.6426	99.5019	100
3:2:18:5	7	6	22	25.6426	99.5019	100
3:2:19:20	7	6	22	25.6426	99.5019	100
3:2:20:30	7	6	22	25.6426	99.5019	100
3:2:21:45	7	6	22	25.6426	99.5019	100
3:2:22:55	7	6	22	25.6426	99.5019	100
3:2:24:10	7	6	22	25.6426	99.5019	100
3:2:25:25	7	6	22	25.6426	99.5019	100
3:2:26:35	7	6	22	25.6426	99.5019	100
3:2:27:50	7	6	22	25.6426	99.5019	100
3:2:29:0	7	6	22	25.6426	99.5019	100
3:2:30:15	7	6	22	25.6426	99.5019	100
3:2:31:30	7	6	22	25.6426	99.5019	100
3:2:32:40	7	6	22	25.6426	99.5019	100
3:2:33:55	7	6	22	25.6426	99.5019	100
3:2:35:5	7	6	22	25.6426	99.5019	100
3:2:36:20	7	6	22	25.6426	99.5019	100
3:2:37:30	7	6	22	25.6426	99.5019	100
3:2:38:45	7	6	22	25.6426	99.5019	100
3:2:40:0	7	6	22	25.6426	99.5019	100
3:2:41:10	7	6	22	25.6426	99.5019	100
3:2:42:25	7	6	22	25.6426	99.5019	100
3:2:43:35	7	6	22	25.6426	99.5019	100
3:2:44:50	7	6	22	25.6426	99.5019	100
3:2:46:0	7	6	22	25.6426	99.5019	100
3:2:47:15	7	6	22	25.6426	99.5019	100
3:2:48:25	7	6	22	25.6426	99.5019	100
3:2:49:40	7	6	22	25.6426	99.5019	100
3:2:50:50	7	6	22	25.6426	99.5019	100
3:2:52:5	7	6	22	25.6426	99.5019	100
3:2:53:20	7	6	22	25.6426	99.5019	100
3:2:54:30	7	6	22	25.6426	99.5019	100
3:2:55:45	7	6	22	25.6426	99.5019	100
3:2:56:55	7	6	22	25.6426	99.5019	100
3:2:58:10	7	6	22	25.6426	99.5019	100
3:2:59:20	7	6	22	25.6426	99.5019	100
3:3:0:35	7	6	22	25.6426	99.5019	100
3:3:1:45	7	6	22	25.6426	99.5019	100
3:3:3:0	7	6	22	25.6426	99.5019	100
3:3:4:15	7	6	22	25.6426	99.5019	100
3:3:5:25	7	6	22	25.6426	99.5019	100
3:3:6:40	7	6	22	25.6426	99.5019	100
3:3:7:50	7	6	22	25.6426	99.5019	100
3:3:9:5	7	6	22	25.6426	99.5019	100
3:3:10:15	7	6	22	25.6426	99.5019	100
3:3:11:30	7	6	22	25.6426	99.5019	100
3:3:12:40	7	6	22	25.6426	99.5019	100
3:3:13:55	7	6	22	25.6426	99.5019	100
3:3:15:10	7	6	22	25.6426	99.5019	100
3:3:16:20	7	6	22	25.6426	99.5019	100
3:3:17:35	7	6	22	25.6426	99.5019	100
3:3:18:45	7	6	22	25.6426	99.5019	100
3:3:20:0	7	6	22	25.6426	99.5019	100
3:3:21:10	7	6	22	25.6426	99.5019	100
3:3:22:25	7	6	22	25.6426	99.5019	100
3:3:23:40	7	6	22	25.6426	99.5019	100
3:3:24:50	7	6	22	25.6426	99.5019	100
3:3:26:5	7	6	22	25.6426	99.5019	100
3:3:27:15	7	6	22	25.6426	99.5019	100
3:3:28:30	7	6	22	25.6426	99.5019	100
3:3:29:40	7	6	22	25.6426	99.5019	100
3:3:30:55	7	6	22	25.6426	99.5019	100
3:3:32:5	7	6	22	25.6426	99.5019	100
3:3:33:20	7	6	22	25.6426	99.5019	100
3:3:34:35	7	6	22	25.6426	99.5019	100
3:3:35:45	7	6	22	25.6426	99.5019	100
3:3:37:0	7	6	22	25.6426	99.5019	100
3:3:38:10	7	6	22	25.6426	99.5019	100
3:3:39:25	7	6	22	25.6426	99.5019	100
3:3:40:35	7	6	22	25.6426	99.5019	100
3:3:41:50	7	6	22	25.6426	99.5019	100
3:3:43:0	7	6	22	25.6426	99.5019	100
3:3:44:15	7	6	22	25.6426	99.5019	100
3:3:45:30	7	6	22	25.6426	99.5019	100
3:3:46:40	7	6	22	25.6426	99.5019	100
3:3:47:55	7	6	22	25.6426	99.5019	100
3:3:49:5	7	6	22	25.6426	99.5019	100
3:3:50:20	7	6	22	25.6426	99.5019	100
3:3:51:35	7	6	22	25.6426	99.5019	100
3:3:52:45	7	6	22	25.6426	99.5019	100
3:3:54:0	7	6	22	25.6426	99.5019	100
3:3:55:10	7	6	22	25.6426	99.5019	100
3:3:56:25	7	6	22	25.6426	99.5019	100
3:3:57:40	7	6	22	25.6426	99.5019	100
3:3:58:50	7	6	22	25.6426	99.5019	100
3:4:0:5	7	6	22	25.6426	99.5019	100
3:4:1:15	7	6	22	25.6426	99.5019	100
3:4:2:30	7	6	22	25.6426	99.5019	100
3:4:3:40	7	6	22	25.6426	99.5019	100
3:4:4:55	7	6	22	25.6426	99.5019	100
3:4:6:5	7	6	22	25.6426	99.5019	100
3:4:7:20	7	6	22	25.6426	99.5019	100
3:4:8:35	7	6	22	25.6426	99.5019	100
3:4:9:45	7	6	22	25.6426	99.5019	100
3:4:11:0	7	6	22	25.6426	99.5019	100
3:4:12:10	7	6	22	25.6426	99.5019	100
3:4:13:25	7	6	22	25.6426	99.5019	100
3:4:14:35	7	6	22	25.6426	99.5019	100
3:4:15:50	7	6	22	25.6426	99.5019	100
3:4:17:5	7	6	22	25.6426	99.5019	100
3:4:18:15	7	6	22	25.6426	99.5019	100
3:4:19:30	7	6	22	25.6426	99.5019	100
3:4:20:40	7	6	22	25.6426	99.5019	100
3:4:21:55	7	6	22	25.6426	99.5019	100
3:4:23:5	7	6	22	25.6426	99.5019	100
3:4:24:20	7	6	22	25.6426	99.5019	100
3:4:25:30	7	6	22	25.6426	99.5019	100
3:4:26:45	7	6	22	25.6426	99.5019	100
3:4:27:55	7	6	22	25.6426	99.5019	100
3:4:29:10	7	6	22	25.6426	99.5019	100
3:4:30:25	7	6	22	25.6426	99.5019	100
3:4:31:35	7	6	22	25.6426	99.5019	100
3:4:32:50	7	6	22	25.6426	99.5019	100
3:4:34:0	7	6	22	25.6426	99.5019	100
3:4:35:15	7	6	22	25.6426	99.5019	100
3:4:36:25	7	6	22	25.6426	99.5019	100
3:4:37:40	7	6	22	25.6426	99.5019	100
3:4:38:50	7	6	22	25.6426	99.5019	100
3:4:40:5	7	6	22	25.6426	99.5019	100
3:4:41:15	7	6	22	25.6426	99.5019	100
3:4:42:30	7	6	22	25.6426	99.5019	100
3:4:43:45	7	6	22	25.6426	99.5019	100
3:4:44:55	7	6	22	25.6426	99.5019	100
3:4:46:10	7	6	22	25.6426	99.5019	100
3:4:47:20	7	6	22	25.6426	99.5019	100
3:4:48:35	7	6	22	25.6426	99.5019	100
3:4:49:50	7	6	22	25.6426	99.5019	100
3:4:51:0	7	6	22	25.6426	99.5019	100
3:4:52:15	7	6	22	25.6426	99.5019	100
3:4:53:25	7	6	22	25.6426	99.5019	100
3:4:54:40	7	6	22	25.6426	99.5019	100
3:4:55:50	7	6	22	25.6426	99.5019	100
3:4:57:5	7	6	22	25.6426	99.5019	100
3:4:58:20	7	6	22	25.6426	99.5019	100
3:4:59:30	7	6	22	25.6426	99.5019	100
3:5:0:45	7	6	22	25.6426	99.5019	100
3:5:1:55	7	6	22	25.6426	99.5019	100
3:5:3:10	7	6	22	25.6426	99.5019	100
3:5:4:20	7	6	22	25.6426	99.5019	100
3:5:5:35	7	6	22	25.6426	99.5019	100
3:5:6:50	7	6	22	25.6426	99.5019	100
3:5:8:0	7	6	22	25.6426	99.5019	100
3:5:9:15	7	6	22	25.6426	99.5019	100
3:5:10:25	7	6	22	25.6426	99.5019	100
3:5:11:40	7	6	22	25.6426	99.5019	100
3:5:12:55	7	6	22	25.6426	99.5019	100
3:5:14:5	7	6	22	25.6426	99.5019	100
3:5:15:20	7	6	22	25.6426	99.5019	100
3:5:16:30	7	6	22	25.6426	99.5019	100
3:5:17:45	7	6	22	25.6426	99.5019	100
3:5:18:55	7	6	22	25.6426	99.5019	100
3:5:20:10	7	6	22	25.6426	99.5019	100
3:5:21:25	7	6	22	25.6426	99.5019	100
3:5:22:35	7	6	22	25.6426	99.5019	100
3:5:23:50	7	6	22	25.6426	99.5019	100
3:5:25:0	7	6	22	25.6426	99.5019	100
3:5:26:15	7	6	22	25.6426	99.5019	100
3:5:27:25	7	6	22	25.6426	99.5019	100
3:5:28:40	7	6	22	25.6426	99.5019	100
3:5:29:50	7	6	22	25.6426	99.5019	100
3:5:31:5	7	6	22	25.6426	99.5019	100
3:5:32:20	7	6	22	25.6426	99.5019	100
3:5:33:30	7	6	22	25.6426	99.5019	100
3:5:34:45	7	6	22	25.6426	99.5019	100
3:5:35:55	7	6	22	25.6426	99.5019	100
3:5:37:10	7	6	22	25.6426	99.5019	100
3:5:38:20	7	6	22	25.6426	99.5019	100
3:5:39:35	7	6	22	25.6426	99.5019	100
3:5:40:45	7	6	22	25.6426	99.5019	100
3:5:42:0	7	6	22	25.6426	99.5019	100
3:5:43:15	7	6	22	25.6426	99.5019	100
3:5:44:25	7	6	22	25.6426	99.5019	100
3:5:45:40	7	6	22	25.6426	99.5019	100
3:5:46:50	7	6	22	25.6426	99.5019	100
3:5:48:5	7	6	22	25.6426	99.5019	100
3:5:49:15	7	6	22	25.6426	99.5019	100
3:5:50:30	7	6	22	25.6426	99.5019	100
3:5:51:45	7	6	22	25.6426	99.5019	100
3:5:52:55	7	6	22	25.6426	99.5019	100
3:5:54:10	7	6	22	25.6426	99.5019	100
3:5:55:20	7	6	22	25.6426	99.5019	100
3:5:56:35	7	6	22	25.6426	99.5019	100
3:5:57:45	7	6	22	25.6426	99.5019	100
3:5:59:0	7	6	22	25.6426	99.5019	100
3:6:0:10	7	6	22	25.6426	99.5019	100
3:6:1:25	7	6	22	25.6426	99.5019	100
3:6:2:40	7	6	22	25.6426	99.5019	100
3:6:3:50	7	6	22	25.6426	99.5019	100
3:6:5:5	7	6	22	25.6426	99.5019	100
3:6:6:15	7	6	22	25.6426	99.5019	100
3:6:7:30	7	6	22	25.6426	99.5019	100
3:6:8:40	7	6	22	25.6426	99.5019	100
3:6:9:55	7	6	22	25.6426	99.5019	100
3:6:11:5	7	6	22	25.6426	99.5019	100
3:6:12:20	7	6	22	25.6426	99.5019	100
3:6:13:35	7	6	22	25.6426	99.5019	100
3:6:14:45	7	6	22	25.6426	99.5019	100
3:6:16:0	7	6	22	25.6426	99.5019	100
3:6:17:10	7	6	22	25.6426	99.5019	100
3:6:18:25	7	6	22	25.6426	99.5019	100
3:6:19:35	7	6	22	25.6426	99.5019	100
3:6:20:50	7	6	22	25.6426	99.5019	100
3:6:22:5	7	6	22	25.6426	99.5019	100
3:6:23:15	7	6	22	25.6426	99.5019	100
3:6:24:30	7	6	22	25.6426	99.5019	100
3:6:25:40	7	6	22	25.6426	99.5019	100
3:6:26:55	7	6	22	25.6426	99.5019	100
3:6:28:5	7	6	22	25.6426	99.5019	100
3:6:29:20	7	6	22	25.6426	99.5019	100
3:6:30:35	7	6	22	25.6426	99.5019	100
3:6:31:45	7	6	22	25.6426	99.5019	100
3:6:33:0	7	6	22	25.6426	99.5019	100
3:6:34:10	7	6	22	25.6426	99.5019	100
3:6:35:25	7	6	22	25.6426	99.5019	100
3:6:36:35	7	6	22	25.6426	99.5019	100
3:6:37:50	7	6	22	25.6426	99.5019	100
3:6:39:0	7	6	22	25.6426	99.5019	100
3:6:40:15	7	6	22	25.6426	99.5019	100
3:6:41:30	7	6	22	25.6426	99.5019	100
3:6:42:40	7	6	22	25.6426	99.5019	100
3:6:43:55	7	6	22	25.6426	99.5019	100
3:6:45:5	7	6	22	25.6426	99.5019	100
3:6:46:20	7	6	22	25.6426	99.5019	100
3:6:47:35	7	6	22	25.6426	99.5019	100
3:6:48:45	7	6	22	25.6426	99.5019	100
3:6:50:0	7	6	22	25.6426	99.5019	100
3:6:51:10	7	6	22	25.6426	99.5019	100
3:6:52:25	7	6	22	25.6426	99.5019	100
3:6:53:35	7	6	22	25.6426	99.5019	100
3:6:54:50	7	6	22	25.6426	99.5019	100
3:6:56:0	7	6	22	25.6426	99.5019	100
3:6:57:15	7	6	22	25.6426	99.5019	100
3:6:58:30	7	6	22	25.6426	99.5019	100
3:6:59:40	7	6	22	25.6426	99.5019	100
3:7:0:55	7	6	22	25.6426	99.5019	100
3:7:2:5	7	6	22	25.6426	99.5019	100
3:7:3:20	7	6	22	25.6426	99.5019	100
3:7:4:30	7	6	22	25.6426	99.5019	100
3:7:5:45	7	6	22	25.6426	99.5019	100
3:7:6:55	7	6	22	25.6426	99.5019	100
3:7:8:10	7	6	22	25.6426	99.5019	100
3:7:9:25	7	6	22	25.6426	99.5019	100
3:7:10:35	7	6	22	25.6426	99.5019	100
3:7:11:50	7	6	22	25.6426	99.5019	100
3:7:13:0	7	6	22	25.6426	99.5019	100
3:7:14:15	7	6	22	25.6426	99.5019	100
3:7:15:25	7	6	22	25.6426	99.5019	100
3:7:16:40	7	6	22	25.6426	99.5019	100
3:7:17:55	7	6	22	25.6426	99.5019	100
3:7:19:5	7	6	22	25.6426	99.5019	100
3:7:20:20	7	6	22	25.6426	99.5019	100
3:7:21:30	7	6	22	25.6426	99.5019	100
3:7:22:45	7	6	22	25.6426	99.5019	100
3:7:23:55	7	6	22	25.6426	99.5019	100
3:7:25:10	7	6	22	25.6426	99.5019	100
3:7:26:20	7	6	22	25.6426	99.5019	100
3:7:27:35	7	6	22	25.6426	99.5019	100
3:7:28:50	7	6	22	25.6426	99.5019	100
3:7:30:0	7	6	22	25.6426	99.5019	100
3:7:31:15	7	6	22	25.6426	99.5019	100
3:7:32:25	7	6	22	25.6426	99.5019	100
3:7:33:40	7	6	22	25.6426	99.5019	100
3:7:34:50	7	6	22	25.6426	99.5019	100
3:7:36:5	7	6	22	25.6426	99.5019	100
3:7:37:15	7	6	22	25.6426	99.5019	100
3:7:38:30	7	6	22	25.6426	99.5019	100
3:7:39:45	7	6	22	25.6426	99.5019	100
3:7:40:55	7	6	22	25.6426	99.5019	100
3:7:42:10	7	6	22	25.6426	99.5019	100
3:7:43:20	7	6	22	25.6426	99.5019	100
3:7:44:35	7	6	22	25.6426	99.5019	100
3:7:45:50	7	6	22	25.6426	99.5019	100
3:7:47:0	7	6	22	25.6426	99.5019	100
3:7:48:15	7	6	22	25.6426	99.5019	100
3:7:49:25	7	6	22	25.6426	99.5019	100
3:7:50:40	7	6	22	25.6426	99.5019	100
3:7:51:50	7	6	22	25.6426	99.5019	100
3:7:53:5	7	6	22	25.6426	99.5019	100
3:7:54:20	7	6	22	25.6426	99.5019	100
3:7:55:30	7	6	22	25.6426	99.5019	100
3:7:56:45	7	6	22	25.6426	99.5019	100
3:7:57:55	7	6	22	25.6426	99.5019	100
3:7:59:10	7	6	22	25.6426	99.5019	100
3:8:0:20	7	6	22	25.6426	99.5019	100
3:8:1:35	7	6	22	25.6426	99.5019	100
3:8:2:50	7	6	22	25.6426	99.5019	100
3:8:4:0	7	6	22	25.6426	99.5019	100
3:8:5:15	7	6	22	25.6426	99.5019	100
3:8:6:25	7	6	22	25.6426	99.5019	100
3:8:7:40	7	6	22	25.6426	99.5019	100
3:8:8:50	7	6	22	25.6426	99.5019	100
3:8:10:5	7	6	22	25.6426	99.5019	100
3:8:11:15	7	6	22	25.6426	99.5019	100
3:8:12:30	7	6	22	25.6426	99.5019	100
3:8:13:45	7	6	22	25.6426	99.5019	100
3:8:14:55	7	6	22	25.6426	99.5019	100
3:8:16:10	7	6	22	25.6426	99.5019	100
3:8:17:20	7	6	22	25.6426	99.5019	100
3:8:18:35	7	6	22	25.6426	99.5019	100
3:8:19:45	7	6	22	25.6426	99.5019	100
3:8:21:0	7	6	22	25.6426	99.5019	100
3:8:22:10	7	6	22	25.6426	99.5019	100
3:8:23:25	7	6	22	25.6426	99.5019	100
3:8:24:35	7	6	22	25.6426	99.5019	100
3:8:25:50	7	6	22	25.6426	99.5019	100
3:8:27:5	7	6	22	25.6426	99.5019	100
3:8:28:15	7	6	22	25.6426	99.5019	100
3:8:29:30	7	6	22	25.6426	99.5019	100
3:8:30:40	7	6	22	25.6426	99.5019	100
3:8:31:55	7	6	22	25.6426	99.5019	100
3:8:33:5	7	6	22	25.6426	99.5019	100
3:8:34:20	7	6	22	25.6426	99.5019	100
3:8:35:30	7	6	22	25.6426	99.5019	100
3:8:36:45	7	6	22	25.6426	99.5019	100
3:8:38:0	7	6	22	25.6426	99.5019	100
3:8:39:10	7	6	22	25.6426	99.5019	100
3:8:40:25	7	6	22	25.6426	99.5019	100
3:8:41:35	7	6	22	25.6426	99.5019	100
3:8:42:50	7	6	22	25.6426	99.5019	100
3:8:44:0	7	6	22	25.6426	99.5019	100
3:8:45:15	7	6	22	25.6426	99.5019	100
3:8:46:25	7	6	22	25.6426	99.5019	100
3:8:47:40	7	6	22	25.6426	99.5019	100
3:8:48:55	7	6	22	25.6426	99.5019	100
3:8:50:5	7	6	22	25.6426	99.5019	100
3:8:51:20	7	6	22	25.6426	99.5019	100
3:8:52:30	7	6	22	25.6426	99.5019	100
3:8:53:45	7	6	22	25.6426	99.5019	100
3:8:54:55	7	6	22	25.6426	99.5019	100
3:8:56:10	7	6	22	25.6426	99.5019	100
3:8:57:20	7	6	22	25.6426	99.5019	100
3:8:58:35	7	6	22	25.6426	99.5019	100
3:8:59:50	7	6	22	25.6426	99.5019	100
3:9:1:0	7	6	22	25.6426	99.5019	100
3:9:2:15	7	6	22	25.6426	99.5019	100
3:9:3:25	7	6	22	25.6426	99.5019	100
3:9:4:40	7	6	22	25.6426	99.5019	100
3:9:5:50	7	6	22	25.6426	99.5019	100
3:9:7:5	7	6	22	25.6426	99.5019	100
3:9:8:20	7	6	22	25.6426	99.5019	100
3:9:9:30	7	6	22	25.6426	99.5019	100
3:9:10:45	7	6	22	25.6426	99.5019	100
3:9:11:55	7	6	22	25.6426	99.5019	100
3:9:13:10	7	6	22	25.6426	99.5019	100
3:9:14:20	7	6	22	25.6426	99.5019	100
3:9:15:35	7	6	22	25.6426	99.5019	100
3:9:16:50	7	6	22	25.6426	99.5019	100
3:9:18:0	7	6	22	25.6426	99.5019	100
3:9:19:15	7	6	22	25.6426	99.5019	100
3:9:20:25	7	6	22	25.6426	99.5019	100
3:9:21:40	7	6	22	25.6426	99.5019	100
3:9:22:50	7	6	22	25.6426	99.5019	100
3:9:24:5	7	6	22	25.6426	99.5019	100
3:9:25:20	7	6	22	25.6426	99.5019	100
3:9:26:30	7	6	22	25.6426	99.5019	100
3:9:27:45	7	6	22	25.6426	99.5019	100
3:9:28:55	7	6	22	25.6426	99.5019	100
3:9:30:10	7	6	22	25.6426	99.5019	100
3:9:31:20	7	6	22	25.6426	99.5019	100
3:9:32:35	7	6	22	25.6426	99.5019	100
3:9:33:50	7	6	22	25.6426	99.5019	100
3:9:35:0	7	6	22	25.6426	99.5019	100
3:9:36:15	7	6	22	25.6426	99.5019	100
3:9:37:25	7	6	22	25.6426	99.5019	100
3:9:38:40	7	6	22	25.6426	99.5019	100
3:9:39:50	7	6	22	25.6426	99.5019	100
3:9:41:5	7	6	22	25.6426	99.5019	100
3:9:42:15	7	6	22	25.6426	99.5019	100
3:9:43:30	7	6	22	25.6426	99.5019	100
3:9:44:45	7	6	22	25.6426	99.5019	100
3:9:45:55	7	6	22	25.6426	99.5019	100
3:9:47:10	7	6	22	25.6426	99.5019	100
3:9:48:20	7	6	22	25.6426	99.5019	100
3:9:49:35	7	6	22	25.6426	99.5019	100
3:9:50:45	7	6	22	25.6426	99.5019	100
3:9:52:0	7	6	22	25.6426	99.5019	100
3:9:53:15	7	6	22	25.6426	99.5019	100
3:9:54:25	7	6	22	25.6426	99.5019	100
3:9:55:40	7	6	22	25.6426	99.5019	100
3:9:56:50	7	6	22	25.6426	99.5019	100
3:9:58:5	7	6	22	25.6426	99.5019	100
3:9:59:15	7	6	22	25.6426	99.5019	100
3:10:0:30	7	6	22	25.6426	99.5019	100
3:10:1:45	7	6	22	25.6426	99.5019	100
3:10:2:55	7	6	22	25.6426	99.5019	100
3:10:4:10	7	6	22	25.6426	99.5019	100
3:10:5:20	7	6	22	25.6426	99.5019	100
3:10:6:35	7	6	22	25.6426	99.5019	100
3:10:7:45	7	6	22	25.6426	99.5019	100
3:10:9:0	7	6	22	25.6426	99.5019	100
3:10:10:15	7	6	22	25.6426	99.5019	100
3:10:11:25	7	6	22	25.6426	99.5019	100
3:10:12:40	7	6	22	25.6426	99.5019	100
3:10:13:50	7	6	22	25.6426	99.5019	100
3:10:15:5	7	6	22	25.6426	99.5019	100
3:10:16:15	7	6	22	25.6426	99.5019	100
3:10:17:30	7	6	22	25.6426	99.5019	100
3:10:18:40	7	6	22	25.6426	99.5019	100
3:10:19:55	7	6	22	25.6426	99.5019	100
3:10:21:10	7	6	22	25.6426	99.5019	100
3:10:22:20	7	6	22	25.6426	99.5019	100
3:10:23:35	7	6	22	25.6426	99.5019	100
3:10:24:45	7	6	22	25.6426	99.5019	100
3:10:26:0	7	6	22	25.6426	99.5019	100
3:10:27:15	7	6	22	25.6426	99.5019	100
3:10:28:25	7	6	22	25.6426	99.5019	100
3:10:29:40	7	6	22	25.6426	99.5019	100
3:10:30:50	7	6	22	25.6426	99.5019	100
3:10:32:5	7	6	22	25.6426	99.5019	100
3:10:33:15	7	6	22	25.6426	99.5019	100
3:10:34:30	7	6	22	25.6426	99.5019	100
3:10:35:45	7	6	22	25.6426	99.5019	100
3:10:36:55	7	6	22	25.6426	99.5019	100
3:10:38:10	7	6	22	25.6426	99.5019	100
3:10:39:20	7	6	22	25.6426	99.5019	100
3:10:40:35	7	6	22	25.6426	99.5019	100
3:10:41:45	7	6	22	25.6426	99.5019	100
3:10:43:0	7	6	22	25.6426	99.5019	100
3:10:44:10	7	6	22	25.6426	99.5019	100
3:10:45:10	7	6	22	25.6426	99.5019	100
3:10:45:10	7	6	22	25.6426	99.5019	100
3:10:45:10	7	6	22	25.6426	99.5019	100
3:10:45:10	7	6	22	25.6426	99.5019	100
3:10:45:10	7	6	22	25.6426	99.5019	100
3:10:45:10	7	6	22	25.6426	99.5019	100
3:10:45:10	7	6	22	25.6426	99.5019	100
3:10:45:10	7	6	22	25.6426	99.5019	100
3:10:45:10	7	6	22	25.6426	99.5019	100
3:10:45:10	7	6	22	25.6426	99.5019	100
3:10:45:10	7	6	22	25.6426	99.5019	100
3:10:45:10	7	6	22	25.6426	99.5019	100
3:10:45:10	7	6	22	25.6426	99.5019	100
3:10:45:10	7	6	22	25.6426	99.5019	100
3:10:45:10	7	6	22	25.6426	99.5019	100
3:10:45:10	7	6	22	25.6426	99.5019	100
3:10:45:10	7	6	22	25.6426	99.5019	100
3:10:45:10	7	6	22	25.6426	99.5019	100
3:10:45:10	7	6	22	25.6426	99.5019	100
3:10:45:10	7	6	22	25.6426	99.5019	100
3:10:45:10	7	6	22	25.6426	99.5019	100
3:10:45:10	7	6	22	25.6426	99.5019	100
3:10:45:10	7	6	22	25.6426	99.5019	100
3:10:45:10	7	6	22	25.6426	99.5019	100
3:10:45:10	7	6	22	25.6426	99.5019	100
3:10:45:10	7	6	22	25.6426	99.5019	100
3:10:45:10	7	6	22	25.6426	99.5019	100
3:10:45:10	7	6	22	25.6426	99.5019	100
3:10:45:10	7	6	22	25.6426	99.5019	100
3:10:45:10	7	6	22	25.6426	99.5019	100
3:10:45:10	7	6	22	25.6426	99.5019	100
3:10:45:10	7	6	22	25.6426	99.5019	100
3:10:45:10	7	6	22	25.6426	99.5019	100
3:10:45:10	7	6	22	25.6426	99.5019	100
3:10:45:10	7	6	22	25.6426	99.5019	100
3:10:45:10	7	6	22	25.6426	99.5019	100
3:10:45:10	7	6	22	25.6426	99.5019	100
3:10:45:10	7	6	22	25.6426	99.5019	100
3:10:45:10	7	6	22	25.6426	99.5019	100
3:10:45:10	7	6	22	25.6426	99.5019	100
3:10:45:10	7	6	22	25.6426	99.5019	100
3:10:45:10	7	6	22	25.6426	99.5019	100
3:10:45:10	7	6	22	25.6426	99.5019	100
3:10:45:10	7	6	22	25.6426	99.5019	100
3:10:45:10	7	6	22	25.6426	99.5019	100
3:10:45:10	7	6	22	25.6426	99.5019	100
3:10:45:10	7	6	22	25.6426	99.5019	100
3:10:45:10	7	6	22	25.6426	99.5019	100
3:10:45:10	7	6	22	25.6426	99.5019	100
3:10:45:10	7	6	22	25.6426	99.5019	100
3:10:45:10	7	6	22	25.6426	99.5019	100
3:10:45:10	7	6	22	25.6426	99.5019	100
3:10:45:10	7	6	22	25.6426	99.5019	100
3:10:45:10	7	6	22	25.6426	99.5019	100
3:10:45:10	7	6	22	25.6426	99.5019	100
3:10:45:10	7	6	22	25.6426	99.5019	100
3:10:45:10	7	6	22	25.6426	99.5019	100
3:10:45:10	7	6	22	25.6426	99.5019	100
3:10:45:10	7	6	22	25.6426	99.5019	100
3:10:45:10	7	6	22	25.6426	99.5019	100
3:10:45:10	7	6	22	25.6426	99.5019	100
3:10:45:10	7	6	22	25.6426	99.5019	100
3:10:45:10	7	6	22	25.6426	99.5019	100
3:10:45:10	7	6	22	25.6426	99.5019	100
3:10:45:10	7	6	22	25.6426	99.5019	100
3:10:45:10	7	6	22	25.6426	99.5019	100
3:10:45:10	7	6	22	25.6426	99.5019	100
3:10:45:10	7	6	22	25.6426	99.5019	100
3:10:45:10	7	6	22	25.6426	99.5019	100
3:10:45:10	7	6	22	25.6426	99.5019	100
3:10:45:10	7	6	22	25.6426	99.5019	100
3:10:45:10	7	6	22	25.6426	99.5019	100
3:10:45:10	7	6	22	25.6426	99.5019	100
3:10:45:10	7	6	22	25.6426	99.5019	100
3:8:1:55	7	6	22	28.2464	99.5172	100
3:8:3:5	7	6	22	27.1128	99.5172	100
3:8:4:20	7	6	22	26.1414	76.2816	75.76099999999994
3:8:5:30	7	6	22	25.5199	69.8822	69.416
3:8:6:45	7	6	22	24.9346	74.8171	75.28949999999993
3:8:7:50	7	6	22	24.2831	75.1103	75.55149999999992
3:8:9:5	7	6	22	23.8638	65.9475	65.4765
3:8:10:20	7	6	22	23.5026	64.7914	64.31050000000002
3:8:11:30	7	6	22	23.155	62.0702	61.56700000000002
3:8:12:45	7	6	22	22.8272	56.256	55.805000000000035
3:8:13:55	7	6	22	22.1823	48.2948	47.78600000000006
3:8:15:10	7	6	22	22.2704	16.2952	15.77850000000008
3:8:16:20	7	6	22	22.2704	26.1189	26.55249999999991
3:8:17:30	7	6	22	22.1399	26.1189	28.81599999999991
3:8:18:40	7	6	22	21.9113	23.5308	23.037500000000037
3:8:19:55	7	6	22	22.0089	10.7681	10.230000000000025
3:8:21:10	7	6	22	22.0089	16.5065	16.830000000000027
3:8:22:20	7	6	22	22.1324	16.5065	16.431000000000033
3:8:23:35	7	6	22	22.385	24.2679	24.547500000000035
3:8:24:45	7	6	22	21.6371	41.3414	41.67300000000011
3:8:26:0	7	6	22	21.8366	0.0	0
3:8:27:10	7	6	22	22.0572	12.7119	13.078000000000038
3:8:28:25	7	6	22	22.1688	24.4695	24.78550000000011
3:8:29:40	7	6	22	22.1688	31.0968	31.508500000000073
3:8:30:50	7	6	22	21.9924	32.261	32.638500000000086
3:8:32:5	7	6	22	21.9924	23.3931	22.86050000000003
3:8:33:15	7	6	22	21.9924	23.3931	23.666500000000035
3:8:34:30	7	6	22	21.9924	23.3931	23.590500000000034
3:8:35:40	7	6	22	21.9924	23.3931	23.514500000000034
3:8:36:55	7	6	22	22.1904	23.3931	23.438500000000033
3:8:38:10	7	6	22	21.9636	35.875	36.23250000000006
3:8:39:20	7	6	22	21.8838	22.8773	22.40450000000001
3:8:40:35	7	6	22	21.8838	18.4512	17.98750000000009
3:8:41:45	7	6	22	22.2801	17.6995	17.22450000000009
3:8:43:0	7	6	22	22.6159	41.4977	41.8220000000001
3:8:44:15	7	6	22	21.0655	64.1737	64.46850000000005
3:8:45:25	7	6	22	21.192	0.0	0
3:8:46:40	7	6	22	21.3977	6.2575	6.629500000000004
3:8:47:50	7	6	22	21.7271	10.8662	11.28750000000002
3:8:49:5	7	6	22	21.9923	25.1962	25.647000000000002
3:8:50:15	7	6	22	22.3475	38.1313	38.509000000000015
3:8:51:30	7	6	22	21.4879	59.6962	60.19400000000002
3:8:52:40	7	6	22	21.2339	6.8209	6.018999999999991
3:8:53:50	7	6	22	21.3925	0.0	0
3:8:55:5	7	6	22	21.5952	3.4213	3.9179999999999815
3:8:56:15	7	6	22	21.7643	9.8366	10.225499999999972
3:8:57:30	7	6	22	22.0181	15.8137	16.15549999999997
3:8:58:40	7	6	22	21.9228	29.0562	29.450000000000074
3:8:59:55	7	6	22	21.8702	22.6359	22.167499999999958
3:9:1:5	7	6	22	21.8702	18.9463	18.45300000000007
3:9:2:20	7	6	22	22.1608	17.8842	17.418000000000067
3:9:3:30	7	6	22	22.4557	34.6874	35.00899999999993
3:9:4:45	7	6	22	21.1298	53.921	54.33250000000005
3:9:5:55	7	6	22	21.3482	0.0	0
3:9:7:5	7	6	22	21.5022	11.805	12.123499999999936
3:9:8:20	7	6	22	21.6173	14.0278	14.52349999999992
3:9:9:30	7	6	22	21.7266	15.8903	16.25700000000002
3:9:10:45	7	6	22	22.1976	18.6227	18.95900000000008
3:9:11:55	7	6	22	21.5141	45.8785	46.293500000000094
3:9:13:10	7	6	22	21.6951	2.2016	1.4869999999999663
3:9:14:25	7	6	22	21.8574	11.422	11.81050000000003
3:9:15:35	7	6	22	22.287	17.9997	18.405999999999917
3:9:16:50	7	6	22	22.6723	43.7179	44.09249999999995
3:9:18:0	7	6	22	22.201	69.4831	69.859
3:9:19:15	7	6	22	21.7159	44.4905	44.02100000000003
3:9:20:25	7	6	22	21.6711	17.413	16.856000000000083
3:9:21:40	7	6	22	21.8926	14.0725	13.528499999999951
3:9:22:55	7	6	22	21.8926	24.3857	24.861000000000114
3:9:24:5	7	6	22	22.182	23.1698	22.679500000000118
3:9:25:20	7	6	22	21.9372	40.0905	40.41649999999994
3:9:26:30	7	6	22	21.7811	25.3732	24.87750000000008
3:9:27:45	7	6	22	21.8337	15.8761	15.326999999999938
3:9:28:55	7	6	22	21.9177	16.9635	17.33750000000005
3:9:30:10	7	6	22	22.1421	20.3767	20.87150000000002
3:9:31:20	7	6	22	22.4961	33.8106	34.21449999999997
3:9:32:35	7	6	22	20.5123	57.2097	57.52349999999991
3:9:33:45	7	6	22	20.7589	0.0	0
3:9:35:0	7	6	22	20.9415	10.5809	11.071000000000044
3:9:36:15	7	6	22	21.1248	9.782	9.296000000000095
3:9:37:25	7	6	22	21.4024	9.782	9.712500000000048
3:9:38:40	7	6	22	21.8098	17.79	18.088000000000033
3:9:39:50	7	6	22	21.4565	36.8017	37.20499999999998
3:9:41:5	7	6	22	21.5944	10.778	10.301499999999919
3:9:42:15	7	6	22	21.8612	15.2038	15.596500000000031
3:9:43:30	7	6	22	22.1733	27.8314	28.19300000000002
3:9:44:40	7	6	22	22.0742	45.4073	45.75750000000008
3:9:45:50	7	6	22	21.8213	39.9889	39.48850000000009
3:9:47:5	7	6	22	21.8213	24.7889	24.287500000000076
3:9:48:15	7	6	22	21.7983	24.2408	23.765000000000086
3:9:49:30	7	6	22	21.7983	20.9552	20.483000000000114
3:9:50:40	7	6	22	21.9147	19.0821	18.581000000000124
3:9:51:55	7	6	22	22.2324	23.6985	24.130000000000052
3:9:53:5	7	6	22	21.8024	42.9339	43.34549999999996
3:9:54:20	7	6	22	21.7967	16.6802	16.13099999999997
3:9:55:35	7	6	22	21.9759	16.3985	15.934500000000124
3:9:56:45	7	6	22	21.8977	25.2193	25.577999999999996
3:9:58:0	7	6	22	21.9733	19.8564	19.358000000000068
3:9:59:10	7	6	22	22.217	23.1687	23.63999999999993
3:10:0:25	7	6	22	22.5112	38.3406	38.83549999999995
3:10:1:35	7	6	22	22.9908	58.4655	58.90999999999994
3:10:2:50	7	6	22	19.987	93.3737	93.72500000000002
3:10:4:5	7	6	22	20.231	0.0	0
3:10:5:15	7	6	22	20.4889	10.2813	10.749000000000208
3:10:6:30	7	6	22	20.9485	9.0891	8.602500000000166
3:10:7:40	7	6	22	21.0244	21.7145	22.076000000000064
3:10:8:55	7	6	22	21.3394	14.681	14.196500000000114
3:10:10:5	7	6	22	21.4087	24.1304	24.536000000000193
3:10:11:20	7	6	22	21.5314	21.3659	20.859500000000093
3:10:12:30	7	6	22	21.5314	22.2986	22.575500000000215
3:10:13:45	7	6	22	21.6869	17.7445	17.27600000000022
3:10:15:0	7	6	22	21.74	22.2866	22.697500000000232
3:10:16:10	7	6	22	21.8516	22.2866	22.240500000000054
3:10:17:25	7	6	22	22.1834	26.3007	26.629000000000236
3:10:18:35	7	6	22	21.9023	45.7351	46.15400000000008
3:10:19:50	7	6	22	21.0178	45.7351	28.057500000000175
3:10:21:0	7	6	22	21.3169	0.0	0
3:10:22:15	7	6	22	21.6214	13.628	14.041999999999959
3:10:23:30	7	6	22	21.9504	25.2016	25.508000000000024
3:10:24:40	7	6	22	21.4322	41.2894	41.58449999999984
3:10:25:55	7	6	22	21.6512	6.2979	5.760500000000057
3:10:27:5	7	6	22	21.7926	16.4504	16.908499999999904
3:10:28:20	7	6	22	21.8704	21.0903	21.516499999999965
3:10:29:30	7	6	22	22.2812	23.3011	23.792499999999954
3:10:30:45	7	6	22	22.2812	23.3011	48.809499999999844
3:10:31:55	7	6	22	21.6294	49.1884	49.56749999999984
3:10:33:10	7	6	22	21.6294	10.6781	10.01249999999996
3:10:34:25	7	6	22	21.8954	10.0797	9.565499999999954
3:10:35:35	7	6	22	22.1598	22.7808	23.149499999999843
3:10:36:50	7	6	22	22.5749	37.4889	37.95949999999996
3:10:38:0	7	6	22	21.2843	64.8006	65.21699999999989
3:10:39:15	7	6	22	21.4749	0.0	0
3:10:40:25	7	6	22	21.9486	11.3883	11.684999999999999
3:10:41:40	7	6	22	22.3751	35.9278	36.27149999999985
3:10:42:55	7	6	22	21.5233	60.7601	61.1114999999999
3:10:44:5	7	6	22	21.7217	8.1623	7.362999999999843
3:10:45:20	7	6	22	21.9342	19.4591	19.750999999999802
3:10:46:30	7	6	22	21.8894	29.3499	29.788499999999928
3:10:47:45	7	6	22	21.8894	25.6499	25.155999999999782
3:10:48:55	7	6	22	21.8894	24.7772	24.273999999999777
3:10:50:10	7	6	22	21.8894	23.6374	23.16799999999976
3:10:51:25	7	6	22	21.8894	22.5346	22.061999999999745
3:10:52:35	7	6	22	22.2393	21.4975	20.95599999999973
3:10:53:50	7	6	22	21.7718	42.1278	42.59349999999982
3:10:55:0	7	6	22	21.9012	13.422	12.84949999999974
3:10:56:15	7	6	22	21.9012	20.8214	21.31599999999976
3:10:57:25	7	6	22	22.3802	20.1397	19.680999999999752
3:10:58:40	7	6	22	22.4478	49.3615	49.82799999999969
3:10:59:55	7	6	22	21.6948	55.2921	55.628999999999834
3:11:1:5	7	6	22	21.8631	11.5393	10.823999999999828
3:11:2:20	7	6	22	22.0173	21.9957	22.476499999999742
3:11:3:30	7	6	22	21.8674	29.9919	30.288999999999707
3:11:4:45	7	6	22	22.2188	20.4966	19.947499999999774
3:11:6:0	7	6	22	22.1005	41.7241	42.211999999999875
3:11:7:10	7	6	22	22.0178	35.4843	34.95349999999979
3:11:8:25	7	6	22	21.9827	31.6709	31.17449999999986
3:11:9:35	7	6	22	21.8854	29.9674	29.484499999999873
3:11:10:50	7	6	22	21.8854	23.6946	23.162499999999845
3:11:12:0	7	6	22	21.8854	22.959	22.502999999999854
3:11:13:15	7	6	22	22.0162	21.8332	21.35699999999986
3:11:14:30	7	6	22	22.7747	28.3168	28.712999999999912
3:11:15:40	7	6	22	21.271	77.1738	77.52349999999979
3:11:16:55	7	6	22	21.5524	0.0	0
3:11:18:5	7	6	22	21.767	18.1481	18.519499999999862
3:11:19:20	7	6	22	21.8936	26.2784	26.58549999999991
3:11:20:30	7	6	22	21.713	30.9762	31.41149999999989
3:11:21:45	7	6	22	21.8395	18.4422	17.975499999999993
3:11:23:0	7	6	22	21.8395	23.9406	24.230999999999998
3:11:24:10	7	6	22	22.0492	22.4532	21.993500000000008
3:11:25:25	7	6	22	22.4741	33.7282	34.01899999999989
3:11:26:35	7	6	22	21.9249	60.6742	61.08099999999995
3:11:27:50	7	6	22	21.897	28.5176	27.999500000000012
3:11:29:0	7	6	22	21.897	28.5176	28.180999999999855
3:11:30:15	7	6	22	21.7702	28.5176	27.290499999999852
3:11:31:25	7	6	22	21.7702	18.5792	18.01849999999988
3:11:32:40	7	6	22	22.3355	16.834	16.354499999999867
3:11:33:55	7	6	22	22.0441	50.4734	50.800999999999895
3:11:35:5	7	6	22	22.0441	32.8557	32.38849999999992
3:11:36:20	7	6	22	22.0441	33.9498	34.28649999999992
3:11:37:30	7	6	22	21.7612	34.2553	34.72749999999992
3:11:38:45	7	6	22	21.8865	17.2415	16.779999999999827
3:11:39:55	7	6	22	21.8865	23.5713	23.951000000000008
3:11:41:10	7	6	22	21.8865	22.6938	22.18950000000001
3:11:42:20	7	6	22	21.9103	21.5965	21.054500000000026
3:11:43:35	7	6	22	22.645	21.5965	21.4664999999999
3:11:44:50	7	6	22	21.5949	67.8895	68.20599999999992
3:11:46:0	7	6	22	21.8431	3.6359	2.7259999999998854
3:11:47:15	7	6	22	22.0356	19.7619	20.05849999999992
3:11:48:25	7	6	22	22.0356	29.3454	29.76099999999985
3:11:49:40	7	6	22	21.7503	29.3454	29.154499999999842
3:11:50:55	7	6	22	21.9429	11.436	10.965999999999866
3:11:52:5	7	6	22	22.1829	21.9308	22.414500000000007
3:11:53:20	7	6	22	22.6078	36.0412	36.48049999999991
3:11:54:30	7	6	22	21.8865	64.287	64.72799999999998
3:11:55:45	7	6	22	22.0197	22.3813	21.797000000000025
3:11:56:55	7	6	22	21.9595	32.4729	32.92649999999995
3:11:58:10	7	6	22	21.8357	29.0966	28.54449999999984
3:11:59:20	7	6	22	22.1858	20.8461	20.393499999999882
3:12:0:35	7	6	22	22.1134	41.6562	42.12599999999995
3:12:1:45	7	6	22	21.8986	38.0935	37.52749999999983
3:12:3:0	7	6	22	21.9364	25.5933	25.061499999999807
3:12:4:15	7	6	22	21.8925	27.2588	27.57849999999984
3:12:5:25	7	6	22	21.8925	24.3523	23.89999999999978
3:12:6:40	7	6	22	22.4734	23.5348	23.044499999999765
3:12:7:50	7	6	22	21.7928	59.3596	59.72799999999996
3:12:9:5	7	6	22	21.9107	17.8997	17.318499999999837
3:12:10:15	7	6	22	22.0124	26.0076	26.312999999999764
3:12:11:30	7	6	22	21.8045	30.9651	31.44099999999982
3:12:12:40	7	6	22	21.9107	18.0833	17.5429999999999
3:12:13:55	7	6	22	21.9107	23.0435	23.530499999999748
3:12:15:5	7	6	22	22.3172	22.5744	22.106499999999745
3:12:16:20	7	6	22	22.7746	47.2877	47.63599999999981
3:12:17:35	7	6	22	21.4186	78.2292	78.50649999999979
3:12:18:45	7	6	22	21.7206	1.0328	0
3:12:20:0	7	6	22	21.9228	20.1874	20.59599999999998
3:12:21:10	7	6	22	21.8271	29.0716	29.434999999999842
3:12:22:25	7	6	22	21.7757	21.9933	21.43150000000002
3:12:23:35	7	6	22	21.9396	17.3779	16.839999999999957
3:12:24:50	7	6	22	22.1441	25.2171	25.507499999999848
3:12:26:5	7	6	22	21.7687	37.0562	37.376500000000036
3:12:27:15	7	6	22	21.9141	13.9137	13.393999999999867
3:12:28:30	7	6	22	22.5141	22.0979	22.409000000000013
3:12:29:40	7	6	22	21.7774	59.4265	59.82299999999987
3:12:30:55	7	6	22	21.9914	14.682	14.078499999999941
3:12:32:5	7	6	22	22.1135	28.996	29.44599999999985
3:12:33:20	7	6	22	21.9714	35.7963	36.22649999999982
3:12:34:35	7	6	22	21.5695	27.9607	27.514499999999853
3:12:35:45	7	6	22	21.8649	2.3585	1.8154999999999895
3:12:37:0	7	6	22	22.0001	18.4266	18.720999999999812
3:12:38:10	7	6	22	22.0001	24.3454	24.680999999999884
3:12:39:25	7	6	22	22.4408	24.3454	24.005999999999876
3:12:40:35	7	6	22	22.4215	52.2213	52.65249999999985
3:12:41:50	7	6	22	21.7454	53.284	53.60249999999999
3:12:43:5	7	6	22	21.911	14.5304	13.967499999999887
3:12:44:15	7	6	22	22.0157	25.0784	25.56599999999998
3:12:45:30	7	6	22	21.892	30.1584	30.65349999999983
3:12:46:40	7	6	22	22.0012	22.7411	22.246499999999866
3:12:47:55	7	6	22	21.9347	28.5583	28.882999999999942
3:12:49:5	7	6	22	21.9347	24.4775	24.026499999999857
3:12:50:20	7	6	22	22.026	24.1794	23.705999999999857
3:12:51:30	7	6	22	22.8326	28.5962	28.987499999999876
3:12:52:45	7	6	22	21.3717	80.8254	81.21999999999984
3:12:54:0	7	6	22	21.6595	0.0	0
3:12:55:10	7	6	22	21.8969	19.314	19.728500000000047
3:12:56:25	7	6	22	21.9285	29.8302	30.315499999999886
3:12:57:35	7	6	22	21.7001	29.8302	30.15149999999995
3:12:58:50	7	6	22	21.8696	14.9306	14.432499999999902
3:13:0:0	7	6	22	21.9309	23.2703	23.59299999999985
3:13:1:15	7	6	22	22.3316	25.0787	25.42600000000002
3:13:2:25	7	6	22	22.6637	50.1172	50.474000000000046
3:13:3:40	7	6	22	20.6579	73.0709	73.37299999999986
3:13:4:50	7	6	22	20.9643	0.0	0
3:13:6:5	7	6	22	21.2097	16.2238	16.524
3:13:7:20	7	6	22	21.3306	20.255	20.58600000000002
3:13:8:30	7	6	22	21.412	19.7833	19.314499999999963
3:13:9:45	7	6	22	21.633	17.7582	17.30699999999988
3:13:10:55	7	6	22	21.633	24.9163	25.384999999999884
3:13:12:10	7	6	22	21.7736	21.1884	20.609999999999875
3:13:13:20	7	6	22	21.8826	25.6658	26.078999999999812
3:13:14:35	7	6	22	22.273	29.8432	30.196999999999914
3:13:15:50	7	6	22	21.6453	53.5326	53.853999999999886
3:13:17:0	7	6	22	21.8191	14.502	13.831499999999835
3:13:18:15	7	6	22	21.9447	24.2892	24.719999999999825
3:13:19:25	7	6	22	21.9447	29.9031	30.205999999999953
3:13:20:40	7	6	22	21.6614	29.4774	29.024999999999952
3:13:21:50	7	6	22	21.8772	10.5373	10.057499999999926
3:13:23:5	7	6	22	22.2121	21.8236	22.114999999999803
3:13:24:20	7	6	22	22.6035	41.1611	41.57649999999987
3:13:25:30	7	6	22	20.8322	67.084	67.46399999999991
3:13:26:45	7	6	22	21.1449	0.0	0
3:13:27:55	7	6	22	21.3573	17.1689	17.503999999999973
3:13:29:10	7	6	22	21.5119	20.91	21.195499999999896
3:13:30:20	7	6	22	21.8665	23.4614	23.755500000000023
3:13:31:35	7	6	22	22.2941	40.8088	41.15049999999988
3:13:32:50	7	6	22	21.6791	65.4891	65.83649999999999
3:13:34:0	7	6	22	21.7107	27.3268	26.664499999999848
3:13:35:10	7	6	22	21.7107	28.0847	28.584499999999903
3:13:36:20	7	6	22	21.7107	25.9899	25.53349999999989
3:13:37:35	7	6	22	21.8044	23.0923	22.640499999999882
3:13:38:50	7	6	22	21.8044	25.5627	25.837999999999997
3:13:40:0	7	6	22	22.2266	23.8928	23.4135
3:13:41:15	7	6	22	21.9585	48.5536	48.90050000000002
3:13:42:25	7	6	22	21.6391	32.0853	31.629000000000005
3:13:43:40	7	6	22	21.8507	12.2815	11.793499999999906
3:13:44:50	7	6	22	21.935	23.2603	23.53549999999995
3:13:46:5	7	6	22	21.935	26.1022	26.463999999999874
3:13:47:15	7	6	22	21.935	25.8432	25.392499999999867
3:13:48:30	7	6	22	22.8107	25.1937	24.742499999999854
3:13:49:45	7	6	22	21.4718	80.5765	81.01299999999996
3:13:50:55	7	6	22	21.7437	1.0549	0
3:13:52:10	7	6	22	21.9782	18.7321	19.085999999999927
3:13:53:20	7	6	22	22.0569	30.1099	30.405999999999977
3:13:54:35	7	6	22	21.7475	33.8462	34.130999999999844
3:13:55:45	7	6	22	21.9127	14.6775	14.195499999999836
3:13:57:0	7	6	22	21.9127	23.59	23.95549999999997
3:13:58:10	7	6	22	22.3597	22.7517	22.256499999999967
3:13:59:25	7	6	22	22.5288	50.0231	50.43849999999992
3:14:0:40	7	6	22	21.6693	62.4413	62.791999999999945
3:14:1:50	7	6	22	21.892	12.1445	11.366999999999905
3:14:3:5	7	6	22	21.9872	26.3868	26.832999999999885
3:14:4:15	7	6	22	21.9872	30.4859	30.827500000000008
3:14:5:30	7	6	22	21.6457	30.4859	30.223500000000012
3:14:6:40	7	6	22	21.8834	8.4905	7.898000000000032
3:14:7:55	7	6	22	21.9447	21.1456	21.513000000000062
3:14:9:5	7	6	22	22.198	22.8374	23.14300000000003
3:14:10:20	7	6	22	22.6556	38.4697	38.748000000000005
3:14:11:35	7	6	22	21.2958	68.7122	69.20549999999997
3:14:12:45	7	6	22	21.5869	0.0	0
3:14:14:0	7	6	22	21.7951	18.3015	18.678500000000007
3:14:15:10	7	6	22	21.8042	26.3258	26.625000000000103
3:14:16:25	7	6	22	21.7463	24.6835	24.126500000000117
3:14:17:35	7	6	22	21.8131	18.8718	18.35950000000013
3:14:18:50	7	6	22	22.1718	20.0394	20.453999999999954
3:14:19:55	7	6	22	21.7815	41.0878	41.56650000000012
3:14:21:10	7	6	22	21.8706	16.6535	16.121500000000125
3:14:22:20	7	6	22	22.1021	21.2587	21.679500000000033
3:14:23:35	7	6	22	21.8514	34.5891	34.98750000000007
3:14:24:50	7	6	22	21.9354	19.062	18.555500000000173
3:14:26:0	7	6	22	21.9354	23.3956	23.783000000000158
3:14:27:15	7	6	22	21.9354	23.2882	22.717000000000173
3:14:28:25	7	6	22	22.7594	22.5925	22.071000000000186
3:14:29:40	7	6	22	21.663	74.5927	74.98500000000007
3:14:30:50	7	6	22	21.8876	8.124	7.193000000000126
3:14:32:5	7	6	22	22.0737	23.624	23.904000000000046
3:14:33:20	7	6	22	21.8549	33.3288	33.753500000000024
3:14:34:30	7	6	22	21.962	19.8888	19.338000000000136
3:14:35:45	7	6	22	21.962	25.6195	25.942500000000074
3:14:36:55	7	6	22	22.2378	25.4772	25.027000000000076
3:14:38:10	7	6	22	22.7397	42.2534	42.57400000000009
3:14:39:20	7	6	22	21.9071	75.8693	76.19650000000004
3:14:40:35	7	6	22	22.0326	27.7221	26.96500000000008
3:14:41:50	7	6	22	21.9702	37.8967	38.3565
3:14:43:0	7	6	22	21.8853	34.4781	33.998999999999974
3:14:44:15	7	6	22	21.8853	28.9973	28.49450000000012
3:14:45:25	7	6	22	21.7613	28.2359	27.772000000000116
3:14:46:40	7	6	22	21.8174	19.0366	18.564999999999973
3:14:47:50	7	6	22	21.8174	20.1162	20.444500000000016
3:14:49:5	7	6	22	22.0125	18.7813	18.338000000000005
3:14:50:15	7	6	22	22.409	28.7492	29.1935
3:14:51:30	7	6	22	22.5859	53.7594	54.11549999999997
3:14:52:45	7	6	22	21.5409	67.3114	67.72149999999995
3:14:53:55	7	6	22	21.7651	5.6563	4.771000000000058
3:14:55:10	7	6	22	21.96	19.55	19.978000000000037
3:14:56:20	7	6	22	22.0927	28.7868	29.176500000000075
3:14:57:35	7	6	22	21.7603	35.9575	36.427500000000066
3:14:58:50	7	6	22	21.8771	15.5785	15.085000000000086
3:15:0:0	7	6	22	22.1748	21.5958	21.94199999999995
3:15:1:15	7	6	22	22.6385	39.1308	39.479500000000115
3:15:2:25	7	6	22	22.0967	69.3859	69.87950000000006
3:15:3:40	7	6	22	22.0967	39.2335	38.72899999999994
3:15:4:50	7	6	22	21.8393	42.0493	42.40499999999994
3:15:6:5	7	6	22	21.8393	27.1393	26.64100000000012
3:15:7:20	7	6	22	21.8393	26.8871	26.32100000000012
3:15:8:30	7	6	22	21.8393	25.1883	24.714000000000134
3:15:9:45	7	6	22	21.8393	23.5797	23.10700000000015
3:15:10:55	7	6	22	21.9756	21.9726	21.500000000000163
3:15:12:10	7	6	22	22.3709	28.3659	28.752500000000083
3:15:13:25	7	6	22	22.3799	53.1708	53.52150000000002
3:15:14:35	7	6	22	21.97	55.3566	55.839000000000034
3:15:15:50	7	6	22	21.97	33.3985	32.9495
3:15:17:0	7	6	22	21.8733	34.4102	34.69899999999999
3:15:18:15	7	6	22	21.7822	28.5668	28.11350000000008
3:15:19:25	7	6	22	21.7822	21.8838	21.40850000000002
3:15:20:40	7	6	22	21.8675	20.17	19.68600000000002
3:15:21:50	7	6	22	21.8675	22.7514	23.052500000000027
3:15:23:5	7	6	22	22.0467	21.7567	21.301000000000023
3:15:24:20	7	6	22	22.8342	31.2175	31.624000000000123
3:15:25:30	7	6	22	21.879	82.0071	82.3825
3:15:26:45	7	6	22	21.9822	25.3831	24.69900000000014
3:15:27:55	7	6	22	22.0159	34.5858	34.972999999999985
3:15:29:10	7	6	22	21.8595	36.1939	36.46949999999996
3:15:30:20	7	6	22	21.6982	26.7698	26.294000000000086
3:15:31:35	7	6	22	21.8467	15.6932	15.186500000000038
3:15:32:45	7	6	22	21.8467	22.2203	22.627499999999944
3:15:34:0	7	6	22	22.0632	20.8642	20.351999999999936
3:15:35:10	7	6	22	22.4699	32.5748	32.891499999999915
3:15:36:25	7	6	22	22.3692	58.4965	58.87649999999995
3:15:37:40	7	6	22	21.9308	55.4558	54.996499999999955
3:15:38:50	7	6	22	21.9308	31.226	30.696000000000083
3:15:40:5	7	6	22	21.8987	31.844	32.19600000000008
3:15:41:15	7	6	22	21.7885	29.8653	29.41750000000011
3:15:42:30	7	6	22	21.749	21.8515	21.401999999999962
3:15:43:40	7	6	22	21.8419	17.7836	17.270499999999945
3:15:44:55	7	6	22	21.901	20.6216	20.996499999999948
3:15:46:10	7	6	22	22.2629	22.4412	22.79249999999999
3:15:47:20	7	6	22	22.4784	44.7454	45.03049999999989
3:15:48:35	7	6	22	21.7771	59.3902	59.85750000000003
3:15:49:45	7	6	22	21.892	18.6661	17.979500000000037
3:15:51:0	7	6	22	21.9255	26.4447	26.725499999999958
3:15:52:15	7	6	22	21.8406	26.7576	27.248499999999964
3:15:53:25	7	6	22	21.7495	21.2617	20.81749999999989
3:15:54:40	7	6	22	21.8945	14.2846	13.726500000000055
3:15:55:50	7	6	22	21.9447	20.7047	21.102000000000025
3:15:57:5	7	6	22	22.2738	22.3103	22.58500000000005
3:15:58:15	7	6	22	22.6251	42.7176	43.172500000000085
3:15:59:30	7	6	22	21.6952	66.7686	67.09949999999999
3:16:0:45	7	6	22	21.8714	11.8232	11.150500000000001
3:16:1:55	7	6	22	21.9813	23.8736	24.205000000000094
3:16:3:10	7	6	22	21.8833	28.7226	29.181500000000078
3:16:4:20	7	6	22	21.7614	22.5373	22.074999999999925
3:16:5:35	7	6	22	21.9123	13.9985	13.474499999999914
3:16:6:45	7	6	22	22.2372	21.0432	21.5064999999999
3:16:8:0	7	6	22	22.0234	40.5711	40.99350000000008
3:16:9:15	7	6	22	22.0234	28.3716	27.84399999999991
3:16:10:25	7	6	22	21.8996	28.8617	29.14699999999991
3:16:11:40	7	6	22	21.9177	21.8918	21.333999999999946
3:16:12:50	7	6	22	21.9177	21.8918	22.125499999999967
3:16:14:5	7	6	22	21.9177	21.6695	21.211999999999964
3:16:15:15	7	6	22	22.2626	20.8742	20.388999999999964
3:16:16:30	7	6	22	22.4455	41.5207	41.984499999999905
3:16:17:45	7	6	22	21.7758	54.3997	54.774499999999904
3:16:18:55	7	6	22	21.8752	15.4542	14.784499999999966
3:16:20:10	7	6	22	21.9256	21.954	22.351999999999915
3:16:21:20	7	6	22	21.8478	23.5954	23.8829999999999
3:16:22:35	7	6	22	21.8478	18.325	17.829999999999902
3:16:23:45	7	6	22	21.9561	17.1767	16.696999999999896
3:16:25:0	7	6	22	22.2118	21.7921	22.21449999999988
3:16:26:15	7	6	22	22.6013	37.5708	37.85449999999993
3:16:27:25	7	6	22	21.0294	63.628	64.01149999999981
3:16:28:40	7	6	22	21.2408	0.0	0
3:16:29:50	7	6	22	21.4053	11.5874	11.894500000000061
3:16:31:5	7	6	22	21.5475	13.5393	13.938000000000077
3:16:32:15	7	6	22	21.7216	16.1124	16.411500000000014
3:16:33:30	7	6	22	22.0991	22.1443	22.491999999999965
3:16:34:40	7	6	22	21.7719	42.9069	43.37500000000004
3:16:35:55	7	6	22	21.7719	21.7913	21.210499999999954
3:16:37:10	7	6	22	21.8002	21.0886	20.565499999999947
3:16:38:20	7	6	22	22.1486	20.5825	20.124000000000034
3:16:39:35	7	6	22	22.1486	40.2046	40.6304999999999
3:16:40:45	7	6	22	21.9109	40.2046	40.37449999999989
3:16:42:0	7	6	22	21.9109	26.8871	26.41000000000009
3:16:43:10	7	6	22	21.9109	26.8871	26.70750000000009
3:16:44:25	7	6	22	22.1927	26.262	25.816500000000104
3:16:45:35	7	6	22	22.2776	42.926	43.24249999999992
3:16:46:50	7	6	22	21.8224	48.9338	49.278999999999996
3:16:48:0	7	6	22	21.8224	22.5926	22.042499999999897
3:16:49:15	7	6	22	21.8224	22.5926	22.542499999999887
3:16:50:25	7	6	22	21.8224	21.2634	20.76649999999987
3:16:51:40	7	6	22	21.8224	19.4818	18.99049999999985
3:16:52:55	7	6	22	22.0986	17.7807	17.214499999999834
3:16:54:5	7	6	22	22.4406	32.8956	33.39150000000001
3:16:55:20	7	6	22	22.3701	54.948	55.22649999999992
3:16:56:30	7	6	22	21.6984	53.8871	53.33999999999999
3:16:57:45	7	6	22	21.7878	14.3011	13.732999999999905
3:16:58:55	7	6	22	21.8232	19.39	19.886499999999987
3:17:0:10	7	6	22	21.8232	19.39	19.618499999999937
3:17:1:25	7	6	22	22.3796	18.1652	17.67349999999994
3:17:2:35	7	6	22	21.9259	51.745	52.071499999999936
3:17:3:50	7	6	22	21.8958	24.0827	23.59499999999985
3:17:5:0	7	6	22	21.8958	23.6929	23.166000000000015
3:17:6:15	7	6	22	21.7995	22.7736	22.274500000000014
3:17:7:25	7	6	22	21.9399	15.4647	14.972999999999836
3:17:8:40	7	6	22	22.2011	22.1569	22.57550000000004
3:17:9:50	7	6	22	21.9863	37.9657	38.25049999999996
3:17:11:5	7	6	22	21.9863	25.4598	24.993499999999948
3:17:12:15	7	6	22	21.8887	25.4598	25.93049999999995
3:17:13:30	7	6	22	21.9657	19.8955	19.449499999999954
3:17:14:45	7	6	22	22.239	23.3298	23.829499999999836
3:17:15:55	7	6	22	21.8674	40.5297	40.86599999999999
3:17:17:10	7	6	22	21.8674	18.1871	17.735499999999934
3:17:18:20	7	6	22	22.123	18.1871	18.267499999999938
3:17:19:35	7	6	22	22.4232	33.0754	33.55550000000001
3:17:20:45	7	6	22	21.4356	52.5983	53.02050000000003
3:17:22:0	7	6	22	21.5249	0.0	0
3:17:23:15	7	6	22	21.6823	4.6679	5.098499999999877
3:17:24:25	7	6	22	21.9282	9.6519	10.132000000000048
3:17:25:40	7	6	22	21.9282	21.8142	22.151499999999977
3:17:26:50	7	6	22	22.1835	20.6813	20.203999999999986
3:17:28:5	7	6	22	22.4414	20.6813	36.08049999999988
3:17:29:20	7	6	22	21.4868	53.0977	53.40250000000006
3:17:30:30	7	6	22	21.6542	0.0	0
3:17:31:45	7	6	22	21.7463	10.0701	10.522000000000045
3:17:32:55	7	6	22	21.8133	11.8694	12.21350000000017
3:17:34:10	7	6	22	21.9009	13.1347	13.571000000000186
3:17:35:25	7	6	22	22.0167	16.5644	17.063000000000095
3:17:36:35	7	6	22	21.9982	22.7922	23.16100000000011
3:17:37:50	7	6	22	22.2407	22.0958	21.546500000000144
3:17:39:0	7	6	22	22.6247	36.9039	37.383500000000126
3:17:40:15	7	6	22	21.9809	63.1495	63.53800000000015
3:17:41:25	7	6	22	22.9183	26.6643	26.018
3:17:42:40	7	6	22	17.8803	89.6779	89.977
3:17:43:55	7	6	22	17.9968	0.0	0
3:17:45:5	7	6	22	18.1396	0.0	0
3:17:46:20	7	6	22	18.4226	0.0	0
3:17:47:30	7	6	22	18.57	0.0	0
3:17:48:45	7	6	22	18.7216	0.0	0
3:17:49:55	7	6	22	18.9426	0.0	0
3:17:51:10	7	6	22	19.0817	0.0	0
3:17:52:25	7	6	22	19.4339	0.0	0
3:17:53:35	7	6	22	19.6304	0.0	0
3:17:54:50	7	6	22	19.7686	0.0	0
3:17:56:0	7	6	22	19.9015	0.0	0
3:17:57:15	7	6	22	20.0316	0.0	0
3:17:58:25	7	6	22	20.2875	0.0	0
3:17:59:40	7	6	22	20.3995	0.0	0
3:18:0:55	7	6	22	20.5681	0.0	0
3:18:2:5	7	6	22	20.681	0.0	0
3:18:3:20	7	6	22	20.8005	0.0	0
3:18:4:30	7	6	22	20.9751	0.0	0
3:18:5:45	7	6	22	21.057	0.0	0
3:18:6:55	7	6	22	21.1376	0.0	0
3:18:8:10	7	6	22	21.2171	0.0	0
3:18:9:20	7	6	22	21.3825	0.0	0
3:18:10:35	7	6	22	21.4999	2.08	2.5245000000001028
3:18:11:45	7	6	22	21.6135	2.7483	3.1535000000000935
3:18:13:0	7	6	22	21.7525	4.5902	4.949499999999976
3:18:14:10	7	6	22	21.8452	9.1395	9.551500000000157
3:18:15:25	7	6	22	22.0702	12.0332	12.406999999999968
3:18:16:40	7	6	22	21.8872	24.659	25.02050000000006
3:18:17:50	7	6	22	21.9396	13.1555	12.702500000000061
3:18:19:5	7	6	22	21.9396	15.6213	15.895499999999974
3:18:20:10	7	6	22	21.8776	15.4793	15.029499999999967
3:18:21:25	7	6	22	21.8776	10.8662	10.395500000000109
3:18:22:40	7	6	22	21.9198	9.9864	9.481500000000107
3:18:23:50	7	6	22	21.9198	10.596	11.00049999999996
3:18:25:5	7	6	22	22.1167	10.4459	9.987499999999958
3:18:26:15	7	6	22	22.2646	21.6946	21.984000000000137
3:18:27:30	7	6	22	21.8561	31.3584	31.780000000000133
3:18:28:40	7	6	22	21.9601	7.5952	7.1340000000001424
