1:20:34:5	7	13	22	21.8834	5.9491	5.9491
1:20:35:20	7	13	22	22.0013	5.8689	5.366100000000008
1:20:36:30	7	13	22	21.992	11.5417	11.857099999999944
1:20:37:45	7	13	22	22.1033	10.0678	9.537099999999986
1:20:38:55	7	13	22	22.2406	15.9734	16.314599999999984
1:20:40:10	7	13	22	22.2118	22.9504	23.399599999999975
1:20:41:20	7	13	22	22.0784	21.2931	20.81509999999996
1:20:42:35	7	13	22	22.2219	14.7731	14.30209999999986
1:20:43:50	7	13	22	22.4273	24.8525	25.305100000000063
1:20:45:0	7	13	22	22.6917	36.287	36.58609999999987
1:20:46:15	7	13	22	21.5976	51.033	51.505600000000015
1:20:47:25	7	13	22	21.6807	0.0	0
1:20:48:40	7	13	22	21.6807	18.9832	19.385500000000118
1:20:49:50	7	13	22	21.5333	16.9912	16.5425000000001
1:20:51:5	7	13	22	21.5333	6.5959	6.102000000000043
1:20:52:20	7	13	22	21.7778	6.442	5.979500000000062
1:20:53:30	7	13	22	21.9439	18.0099	18.31599999999998
1:20:54:45	7	13	22	22.1417	23.0194	23.503500000000006
1:20:55:55	7	13	22	21.8891	32.213	32.59950000000005
1:20:57:10	7	13	22	21.7806	15.6423	15.184999999999974
1:20:58:25	7	13	22	21.8633	12.3804	11.909500000000023
1:20:59:35	7	13	22	22.023	16.9818	17.40199999999996
1:21:0:50	7	13	22	22.233	24.7779	25.060000000000016
1:21:2:0	7	13	22	22.4901	34.922	35.37950000000005
1:21:3:15	7	13	22	21.7367	48.4136	48.82050000000011
1:21:4:25	7	13	22	21.8105	2.9422	2.2104999999999393
1:21:5:40	7	13	22	21.9383	16.2208	16.6230000000001
1:21:6:55	7	13	22	22.1253	21.9241	22.23650000000011
1:21:8:5	7	13	22	22.3355	30.8635	31.230999999999966
1:21:9:20	7	13	22	21.7383	41.1932	41.66450000000002
1:21:10:30	7	13	22	21.8013	5.0006	4.356999999999957
1:21:11:45	7	13	22	21.7726	15.3162	15.786500000000107
1:21:12:55	7	13	22	21.8249	12.5699	12.12600000000004
1:21:14:10	7	13	22	22.0909	14.2545	14.557499999999987
1:21:15:25	7	13	22	22.335	28.4155	28.85750000000011
1:21:16:35	7	13	22	21.7868	39.6779	39.96800000000006
1:21:17:50	7	13	22	21.8204	5.6205	5.089499999999987
1:21:19:0	7	13	22	21.8204	13.9412	14.262499999999996
1:21:20:15	7	13	22	22.1397	13.3663	12.860499999999995
1:21:21:25	7	13	22	22.4004	30.7744	31.120500000000106
1:21:22:40	7	13	22	21.875	42.3642	42.67150000000008
1:21:23:55	7	13	22	21.875	9.7602	9.239000000000019
1:21:25:5	7	13	22	21.875	16.1128	16.495000000000037
1:21:26:20	7	13	22	21.9596	16.1128	15.870000000000037
1:21:27:30	7	13	22	22.1319	20.0109	20.32099999999993
1:21:28:45	7	13	22	22.3693	28.8295	29.188000000000155
1:21:29:55	7	13	22	21.877	41.1609	41.506999999999955
1:21:31:10	7	13	22	21.167	10.8423	10.254499999999979
1:21:32:20	7	13	22	21.2201	0.0	0
1:21:33:35	7	13	22	21.3473	9.2782	9.67099999999979
1:21:34:50	7	13	22	21.4889	12.2216	12.606999999999946
1:21:36:0	7	13	22	21.632	15.4741	15.931499999999943
1:21:37:15	7	13	22	21.5988	19.5068	19.83799999999997
1:21:38:25	7	13	22	21.5988	14.3503	13.859499999999922
1:21:39:40	7	13	22	21.6996	12.8814	12.351499999999938
1:21:40:50	7	13	22	21.6996	15.9612	16.393499999999914
1:21:42:5	7	13	22	21.804	13.838	13.379499999999922
1:21:43:20	7	13	22	22.1057	17.8185	18.14149999999982
1:21:44:30	7	13	22	22.398	33.4203	33.697499999999856
1:21:45:45	7	13	22	21.828	46.8356	47.2384999999999
1:21:46:55	7	13	22	21.7736	11.2815	10.64399999999987
1:21:48:10	7	13	22	21.9577	14.5978	15.069999999999805
1:21:49:20	7	13	22	22.1822	25.3008	25.799999999999862
1:21:50:35	7	13	22	21.7654	35.8121	36.297
1:21:51:50	7	13	22	21.7654	9.3834	8.832499999999843
1:21:53:0	7	13	22	21.8008	13.5485	13.911499999999872
1:21:54:15	7	13	22	22.0747	14.5687	14.862499999999823
1:21:55:25	7	13	22	22.3065	29.2978	29.769499999999898
1:21:56:40	7	13	22	22.0213	39.482	39.94249999999987
1:21:57:50	7	13	22	21.9266	21.358	20.88599999999989
1:21:59:5	7	13	22	21.8594	20.0874	19.58849999999991
1:22:0:20	7	13	22	21.9445	17.0682	16.609999999999925
1:22:1:30	7	13	22	22.1362	21.6101	22.02099999999996
1:22:2:45	7	13	22	21.8308	31.5284	31.9689999999998
1:22:3:55	7	13	22	21.8308	11.9365	11.450499999999906
1:22:5:10	7	13	22	21.9609	14.8152	15.185499999999887
1:22:6:20	7	13	22	22.157	21.7056	22.145499999999814
1:22:7:30	7	13	22	22.4299	31.3447	31.764499999999902
1:22:8:45	7	13	22	21.9172	45.5383	45.98199999999988
1:22:9:55	7	13	22	21.8298	13.8766	13.275999999999947
1:22:11:10	7	13	22	21.8298	14.9714	15.308499999999793
1:22:12:20	7	13	22	21.9849	15.2824	15.768499999999822
1:22:13:35	7	13	22	22.1934	23.8814	24.22349999999987
1:22:14:45	7	13	22	21.8811	33.8845	34.331499999999906
1:22:16:0	7	13	22	21.8811	13.9975	13.432999999999868
1:22:17:10	7	13	22	21.7368	17.0863	17.522999999999875
1:22:18:25	7	13	22	21.8535	8.7882	8.270499999999803
1:22:19:40	7	13	22	21.9974	15.6748	16.12099999999991
1:22:20:50	7	13	22	22.1225	21.9032	22.271999999999803
1:22:22:5	7	13	22	21.8845	27.3243	27.606499999999805
1:22:23:20	7	13	22	22.0175	12.5589	12.06249999999983
1:22:24:30	7	13	22	22.2196	22.5862	23.034999999999766
1:22:25:45	7	13	22	22.4994	32.7915	33.25349999999986
1:22:26:55	7	13	22	22.1335	47.6305	48.10799999999993
1:22:28:10	7	13	22	21.8559	24.9691	24.453999999999922
1:22:29:20	7	13	22	21.8559	14.4491	13.953999999999738
1:22:30:35	7	13	22	21.9043	17.084	17.397499999999777
1:22:31:50	7	13	22	22.0798	19.1437	19.580999999999822
1:22:33:0	7	13	22	22.2679	28.5073	28.906499999999777
1:22:34:15	7	13	22	21.7326	37.5814	37.958999999999904
1:22:35:25	7	13	22	21.7326	4.8808	4.358999999999909
1:22:36:40	7	13	22	21.8272	10.724	11.051499999999908
1:22:37:55	7	13	22	21.9683	15.0184	15.390499999999903
1:22:39:5	7	13	22	22.293	21.2087	21.573499999999793
1:22:40:20	7	13	22	21.8467	38.4429	38.78049999999982
