1:3:37:0	7	3	22	19.7113	0.0	0.0
1:3:38:15	7	3	22	19.7113	0.0	0
1:3:39:30	7	3	22	19.749	0.0	0
1:3:40:40	7	3	22	19.8017	0.0	0
1:3:41:50	7	3	22	19.8017	0.0	0
1:3:43:5	7	3	22	19.9055	0.0	0
1:3:44:15	7	3	22	19.9055	0.0	0
1:3:45:30	7	3	22	20.0165	0.0	0
1:3:46:45	7	3	22	20.1176	0.0	0
1:3:47:55	7	3	22	20.1176	0.0	0
1:3:49:10	7	3	22	20.2163	0.0	0
1:3:50:20	7	3	22	20.3113	0.0	0
1:3:51:35	7	3	22	20.3113	0.0	0
1:3:52:45	7	3	22	20.4035	0.0	0
1:3:54:0	7	3	22	20.4035	0.0	0
1:3:55:10	7	3	22	20.4035	0.0	0
1:3:56:25	7	3	22	20.5343	0.0	0
1:3:57:35	7	3	22	20.6161	0.0	0
1:3:58:50	7	3	22	20.6161	0.0	0
1:4:0:0	7	3	22	20.6161	0.0	0
1:4:1:15	7	3	22	20.735	0.0	0
1:4:2:25	7	3	22	20.8132	0.0	0
1:4:3:40	7	3	22	20.8132	0.0	0
1:4:4:55	7	3	22	20.8132	0.0	0
1:4:6:5	7	3	22	20.9258	0.0	0
1:4:7:20	7	3	22	20.9258	0.0	0
1:4:8:30	7	3	22	21.0347	0.0	0
1:4:9:45	7	3	22	21.0347	0.0	0
1:4:10:55	7	3	22	21.1051	0.0	0
1:4:12:10	7	3	22	21.1051	0.0	0
1:4:13:20	7	3	22	21.1051	0.0	0
1:4:14:35	7	3	22	21.1051	0.0	0
1:4:15:45	7	3	22	21.1051	0.0	0
1:4:17:0	7	3	22	21.0984	0.0	0
1:4:18:10	7	3	22	21.0984	0.0	0
1:4:19:25	7	3	22	21.0984	0.0	0
1:4:20:35	7	3	22	21.0984	0.0	0
1:4:21:50	7	3	22	21.0984	0.0	0
1:4:23:0	7	3	22	21.0984	0.0	0
1:4:24:15	7	3	22	21.1458	0.0	0
1:4:25:25	7	3	22	21.211	0.0	0
1:4:26:40	7	3	22	21.3378	0.0	0
1:4:27:50	7	3	22	21.3378	0.0	0
1:4:29:5	7	3	22	21.4597	0.0	0
1:4:30:20	7	3	22	21.5081	0.0	0
1:4:31:30	7	3	22	22.4069	99.0596	100
1:4:32:45	7	3	22	14.2122	99.5172	100
1:4:33:55	7	3	22	14.2122	1.233	0
1:4:35:10	7	3	22	14.3067	0.0	0
1:4:36:20	7	3	22	14.5426	0.0	0
1:4:37:35	7	3	22	14.6051	0.0	0
1:4:38:45	7	3	22	14.6051	0.0	0
1:4:40:0	7	3	22	14.7283	0.0	0
1:4:41:10	7	3	22	14.863	0.0	0
1:4:42:25	7	3	22	15.1325	0.0	0
1:4:43:35	7	3	22	15.2639	0.0	0
1:4:44:50	7	3	22	15.3929	0.0	0
1:4:46:0	7	3	22	15.5196	0.0	0
1:4:47:15	7	3	22	15.6441	0.0	0
1:4:48:25	7	3	22	15.8839	0.0	0
1:4:49:40	7	3	22	16.0018	0.0	0
1:4:50:50	7	3	22	16.1177	0.0	0
1:4:52:5	7	3	22	16.1177	0.0	0
1:4:53:20	7	3	22	16.3814	0.0	0
1:4:54:30	7	3	22	16.4899	0.0	0
1:4:55:45	7	3	22	16.5975	0.0	0
1:4:56:55	7	3	22	16.7029	0.0	0
1:4:58:10	7	3	22	16.7029	0.0	0
1:4:59:20	7	3	22	16.9387	0.0	0
1:5:0:35	7	3	22	17.0397	0.0	0
1:5:1:45	7	3	22	17.1312	0.0	0
1:5:3:0	7	3	22	17.2275	0.0	0
1:5:4:10	7	3	22	17.3223	0.0	0
1:5:5:25	7	3	22	17.3223	0.0	0
1:5:6:35	7	3	22	17.3223	0.0	0
1:5:7:50	7	3	22	17.4798	0.0	0
1:5:9:0	7	3	22	17.572	0.0	0
1:5:10:15	7	3	22	17.6628	0.0	0
1:5:11:25	7	3	22	17.8381	0.0	0
1:5:12:40	7	3	22	17.9229	0.0	0
1:5:13:55	7	3	22	18.0083	0.0	0
1:5:15:5	7	3	22	18.0083	0.0	0
1:5:16:20	7	3	22	18.1211	0.0	0
1:5:17:30	7	3	22	18.1211	0.0	0
1:5:18:45	7	3	22	18.2156	0.0	0
1:5:19:55	7	3	22	18.2156	0.0	0
1:5:21:10	7	3	22	18.3757	0.0	0
1:5:22:20	7	3	22	18.5303	0.0	0
1:5:23:35	7	3	22	18.6059	0.0	0
1:5:24:45	7	3	22	18.6059	0.0	0
1:5:26:0	7	3	22	18.7553	0.0	0
1:5:27:10	7	3	22	18.8292	0.0	0
1:5:28:25	7	3	22	18.9028	0.0	0
1:5:29:35	7	3	22	19.0456	0.0	0
1:5:30:45	7	3	22	19.1147	0.0	0
1:5:32:0	7	3	22	19.1147	0.0	0
1:5:33:15	7	3	22	19.0947	0.0	0
1:5:34:25	7	3	22	19.2335	0.0	0
1:5:35:40	7	3	22	19.3013	0.0	0
1:5:36:50	7	3	22	19.3013	0.0	0
1:5:38:5	7	3	22	19.4346	0.0	0
1:5:39:15	7	3	22	19.5002	0.0	0
1:5:40:30	7	3	22	19.6274	0.0	0
1:5:41:40	7	3	22	19.6274	0.0	0
1:5:42:55	7	3	22	19.7513	0.0	0
1:5:44:5	7	3	22	19.7513	0.0	0
1:5:45:20	7	3	22	19.9154	0.0	0
1:5:46:25	7	3	22	19.9154	0.0	0
1:5:47:40	7	3	22	20.035	0.0	0
1:5:48:50	7	3	22	20.035	0.0	0
1:5:50:5	7	3	22	20.1508	0.0	0
1:5:51:15	7	3	22	20.2082	0.0	0
1:5:52:30	7	3	22	20.3217	0.0	0
1:5:53:40	7	3	22	20.3217	0.0	0
1:5:54:55	7	3	22	20.3217	0.0	0
1:5:56:5	7	3	22	20.3217	0.0	0
1:5:57:20	7	3	22	20.3217	0.0	0
1:5:58:35	7	3	22	20.4117	0.0	0
1:5:59:45	7	3	22	20.4117	0.0	0
1:6:0:55	7	3	22	20.5202	0.0	0
1:6:2:10	7	3	22	20.5202	0.0	0
1:6:3:25	7	3	22	20.6273	0.0	0
1:6:4:35	7	3	22	20.7108	0.0	0
1:6:5:50	7	3	22	20.7108	0.0	0
1:6:7:0	7	3	22	20.8031	0.0	0
1:6:8:15	7	3	22	20.905	0.0	0
1:6:9:25	7	3	22	20.905	0.0	0
1:6:10:40	7	3	22	21.0117	0.0	0
1:6:11:50	7	3	22	21.0117	0.0	0
1:6:13:5	7	3	22	21.1207	0.0	0
1:6:14:15	7	3	22	21.2317	0.0	0
1:6:15:30	7	3	22	21.2317	0.0	0
1:6:16:40	7	3	22	21.3452	0.0	0
1:6:17:55	7	3	22	21.4023	0.0	0
1:6:19:5	7	3	22	21.3893	0.0	0
1:6:20:20	7	3	22	21.3893	0.0	0
1:6:21:30	7	3	22	21.3893	0.0	0
1:6:22:45	7	3	22	21.4094	0.0	0
1:6:23:55	7	3	22	21.4094	0.0	0
1:6:25:10	7	3	22	21.5294	0.0	0
1:6:26:20	7	3	22	21.6462	0.0	0
1:6:27:35	7	3	22	21.7096	16.8916	17.21650000000011
1:6:28:45	7	3	22	21.7096	16.8916	16.681499999999936
1:6:30:0	7	3	22	21.8431	13.3881	12.82649999999995
1:6:31:15	7	3	22	21.9093	19.5639	19.935000000000045
1:6:32:25	7	3	22	22.0622	20.869	21.328500000000172
1:6:33:40	7	3	22	21.7008	30.4784	30.89600000000008
1:6:34:50	7	3	22	21.7008	2.6834	2.119500000000123
1:6:36:5	7	3	22	21.7008	4.052	4.5485000000001286
1:6:37:15	7	3	22	21.8015	2.0694	1.5565000000001383
1:6:38:30	7	3	22	21.8015	5.8204	6.117000000000132
1:6:39:40	7	3	22	21.9106	3.0658	2.621500000000143
1:6:40:55	7	3	22	21.9106	8.532	8.818999999999999
1:6:42:5	7	3	22	22.0463	6.777	6.288500000000017
1:6:43:20	7	3	22	22.114	15.24	15.572
1:6:44:30	7	3	22	22.2676	18.5956	19.077000000000144
1:6:45:45	7	3	22	22.3635	30.4029	30.721500000000184
1:6:46:55	7	3	22	21.6549	37.7925	38.285999999999945
1:6:48:10	7	3	22	21.5133	0.0	0
1:6:49:20	7	3	22	21.6723	0.0	0
1:6:50:35	7	3	22	21.7555	8.8232	9.181999999999935
1:6:51:45	7	3	22	21.8367	9.425	9.760000000000062
1:6:53:0	7	3	22	21.921	11.6578	12.156999999999982
1:6:54:10	7	3	22	22.0102	15.3505	15.62849999999992
1:6:55:25	7	3	22	22.1027	19.8584	20.26400000000006
1:6:56:35	7	3	22	21.986	25.6442	25.965499999999864
1:6:57:50	7	3	22	21.986	17.3696	16.852500000000035
1:6:59:0	7	3	22	21.8581	18.016	18.46300000000001
1:7:0:15	7	3	22	21.8811	18.016	8.730499999999992
1:7:1:25	7	3	22	21.9763	11.4962	10.954999999999977
1:7:2:40	7	3	22	22.0658	16.1257	16.56099999999986
1:7:3:50	7	3	22	22.1639	21.1259	21.608499999999946
1:7:5:5	7	3	22	22.2722	27.8585	28.281500000000097
1:7:6:15	7	3	22	21.9196	36.2452	36.57150000000007
1:7:7:30	7	3	22	21.9196	11.7565	11.223999999999904
1:7:8:40	7	3	22	21.8837	15.4335	15.708999999999932
1:7:9:55	7	3	22	21.9482	12.6579	12.21250000000007
1:7:11:5	7	3	22	22.0493	15.9572	16.425499999999968
1:7:12:20	7	3	22	22.2594	22.1568	22.522499999999898
1:7:13:35	7	3	22	22.3974	36.7898	37.256499999999946
1:7:14:45	7	3	22	22.5624	46.6153	47.049000000000056
1:7:16:0	7	3	22	18.0025	99.6403	100
1:7:17:10	7	3	22	16.8423	1.2342	0
1:7:18:25	7	3	22	17.1137	0.0	0
1:7:19:35	7	3	22	17.2282	0.0	0
1:7:20:50	7	3	22	17.3417	0.0	0
1:7:22:0	7	3	22	17.5358	0.0	0
1:7:23:15	7	3	22	17.8949	0.0	0
1:7:24:25	7	3	22	18.0715	0.0	0
1:7:25:40	7	3	22	18.2488	0.0	0
1:7:26:50	7	3	22	18.4255	0.0	0
1:7:28:5	7	3	22	18.602	0.0	0
1:7:29:15	7	3	22	18.7005	0.0	0
1:7:30:30	7	3	22	18.8914	0.0	0
1:7:31:40	7	3	22	19.0512	0.0	0
1:7:32:55	7	3	22	19.2237	0.0	0
1:7:34:10	7	3	22	19.3911	0.0	0
1:7:35:20	7	3	22	19.7258	0.0	0
1:7:36:35	7	3	22	19.8897	0.0	0
1:7:37:45	7	3	22	20.0014	0.0	0
1:7:39:0	7	3	22	20.1144	0.0	0
1:7:40:10	7	3	22	20.2083	0.0	0
1:7:41:25	7	3	22	20.3735	0.0	0
1:7:42:35	7	3	22	20.4516	0.0	0
1:7:43:50	7	3	22	20.5293	0.0	0
1:7:45:0	7	3	22	20.6785	0.0	0
1:7:46:15	7	3	22	20.9803	0.0	0
1:7:47:25	7	3	22	21.1315	0.0	0
1:7:48:40	7	3	22	21.2828	0.0	0
1:7:49:50	7	3	22	21.3567	0.0	0
1:7:51:5	7	3	22	21.4344	0.0	0
1:7:52:15	7	3	22	21.7361	0.0	0
1:7:53:30	7	3	22	21.8835	0.0	0
1:7:54:40	7	3	22	21.8835	17.9707	18.335500000000096
1:7:55:55	7	3	22	21.8835	15.4479	14.959500000000094
1:7:57:5	7	3	22	21.8835	14.2777	13.79450000000011
1:7:58:20	7	3	22	21.9202	13.1841	12.629500000000125
1:7:59:35	7	3	22	21.9202	13.7956	14.21700000000012
1:8:0:45	7	3	22	22.0914	13.3992	12.868500000000136
1:8:2:0	7	3	22	22.2474	24.6192	24.910500000000066
1:8:3:10	7	3	22	22.4153	34.5174	34.95649999999999
1:8:4:20	7	3	22	21.6442	47.3126	47.682999999999964
1:8:5:35	7	3	22	21.7762	0.0	0
1:8:6:45	7	3	22	21.7762	17.5589	17.908499999999812
1:8:8:0	7	3	22	21.7762	14.1682	13.690499999999837
1:8:9:10	7	3	22	22.063	11.9868	11.45249999999983
1:8:10:25	7	3	22	22.2476	30.343	30.724499999999786
1:8:11:40	7	3	22	22.4687	40.4433	40.89749999999975
1:8:12:50	7	3	22	21.2572	56.879	57.18699999999973
1:8:14:5	7	3	22	21.2572	0.0	0
1:8:15:15	7	3	22	21.54	0.0	0
1:8:16:30	7	3	22	21.7149	0.0	0
1:8:17:40	7	3	22	21.9135	22.1665	22.44800000000005
1:8:18:55	7	3	22	22.1208	31.4735	31.868499999999962
1:8:20:5	7	3	22	21.983	43.2547	43.571999999999974
1:8:21:20	7	3	22	21.3808	31.788	31.33550000000007
1:8:22:30	7	3	22	21.5395	0.0	0
1:8:23:45	7	3	22	21.6424	0.0	0
1:8:24:55	7	3	22	21.7565	9.3656	9.764999999999873
1:8:26:10	7	3	22	21.9309	12.7216	13.202999999999925
1:8:27:20	7	3	22	22.3031	21.7615	22.136500000000066
1:8:28:35	7	3	22	21.4926	46.3982	46.7445
1:8:29:45	7	3	22	21.6315	0.0	0
1:8:31:0	7	3	22	21.811	0.0	0
1:8:32:10	7	3	22	21.9902	19.4326	19.85150000000008
1:8:33:25	7	3	22	22.4055	28.3436	28.709000000000184
1:8:34:35	7	3	22	22.7716	56.6285	57.07050000000006
1:8:35:50	7	3	22	18.3575	99.5921	100
1:8:37:5	7	3	22	18.3575	0.0	0
1:8:38:15	7	3	22	18.6978	0.0	0
1:8:39:30	7	3	22	18.8784	0.0	0
1:8:40:40	7	3	22	19.1153	0.0	0
1:8:41:55	7	3	22	19.3497	0.0	0
1:8:43:5	7	3	22	19.5821	0.0	0
1:8:44:20	7	3	22	19.9217	0.0	0
1:8:45:30	7	3	22	20.1485	0.0	0
1:8:46:45	7	3	22	20.2924	0.0	0
1:8:47:55	7	3	22	20.4333	0.0	0
1:8:49:10	7	3	22	20.5772	0.0	0
1:8:50:20	7	3	22	20.9454	0.0	0
1:8:51:35	7	3	22	21.1608	0.0	0
1:8:52:45	7	3	22	21.3087	0.0	0
1:8:54:0	7	3	22	21.4454	0.0	0
1:8:55:10	7	3	22	21.6546	0.0	0
1:8:56:25	7	3	22	22.0642	0.0	0
1:8:57:35	7	3	22	21.6964	38.1183	38.529500000000084
1:8:58:50	7	3	22	21.8371	5.9606	5.442500000000138
1:9:0:0	7	3	22	21.9019	18.138	18.47600000000005
1:9:1:10	7	3	22	22.114	19.2496	19.59650000000019
1:9:2:25	7	3	22	22.3943	33.124	33.551000000000144
1:9:3:40	7	3	22	21.5756	52.1289	52.532000000000195
1:9:4:50	7	3	22	21.7231	0.0	0
1:9:6:5	7	3	22	21.8534	18.707	19.09899999999981
1:9:7:15	7	3	22	22.1293	23.448	23.889999999999976
1:9:8:30	7	3	22	22.4052	40.8194	41.161999999999956
1:9:9:40	7	3	22	20.6929	58.6494	59.008999999999965
1:9:10:55	7	3	22	20.8463	0.0	0
1:9:12:5	7	3	22	21.0202	0.0	0
1:9:13:20	7	3	22	21.3336	0.0	0
1:9:14:30	7	3	22	21.4822	0.0	0
1:9:15:45	7	3	22	21.7062	0.0	0
1:9:16:55	7	3	22	21.9284	0.0	0
1:9:18:10	7	3	22	22.1527	23.8854	24.212000000000078
1:9:19:20	7	3	22	21.6613	36.6184	36.98550000000003
1:9:20:30	7	3	22	21.8781	0.0	0
1:9:21:45	7	3	22	21.8781	19.8111	20.24399999999993
1:9:23:0	7	3	22	22.0092	16.2591	15.77299999999994
1:9:24:10	7	3	22	22.0092	24.1009	24.386499999999938
1:9:25:25	7	3	22	22.2555	22.9864	22.511999999999937
1:9:26:35	7	3	22	21.6182	40.7205	41.07650000000005
1:9:27:50	7	3	22	21.8002	0.0	0
1:9:29:0	7	3	22	21.9698	18.989	19.39149999999991
1:9:30:15	7	3	22	22.2214	27.0794	27.383499999999863
1:9:31:25	7	3	22	22.5105	43.1143	43.40749999999986
1:9:32:40	7	3	22	18.653	99.6167	100
1:9:33:50	7	3	22	18.8436	1.2339	0
1:9:35:5	7	3	22	19.0757	0.0	0
1:9:36:15	7	3	22	19.5408	0.0	0
1:9:37:30	7	3	22	19.7596	0.0	0
1:9:38:40	7	3	22	19.9688	0.0	0
1:9:39:55	7	3	22	20.1755	0.0	0
1:9:41:5	7	3	22	20.445	0.0	0
1:9:42:20	7	3	22	20.9693	0.0	0
1:9:43:30	7	3	22	21.1685	0.0	0
1:9:44:45	7	3	22	21.3414	0.0	0
1:9:45:55	7	3	22	21.5156	0.0	0
1:9:47:10	7	3	22	21.7294	0.0	0
1:9:48:20	7	3	22	21.8922	21.2904	21.777999999999924
1:9:49:35	7	3	22	21.8922	27.688	28.074999999999974
1:9:50:45	7	3	22	21.8922	25.0518	24.554999999999954
1:9:52:0	7	3	22	21.8922	25.0518	23.476999999999943
1:9:53:10	7	3	22	22.1169	22.8625	22.398999999999933
1:9:54:25	7	3	22	21.9695	37.6963	38.17350000000008
1:9:55:40	7	3	22	21.9695	25.3808	24.91699999999998
1:9:56:50	7	3	22	21.7413	26.4821	26.822999999999997
1:9:58:5	7	3	22	21.8217	9.8608	9.402999999999917
1:9:59:15	7	3	22	22.3124	15.9185	16.26899999999999
1:10:0:30	7	3	22	22.7427	49.7513	50.0825
1:10:1:40	7	3	22	19.4124	99.5275	100
1:10:2:55	7	3	22	19.6037	0.0	0
1:10:4:5	7	3	22	19.8295	0.0	0
1:10:5:15	7	3	22	20.3355	0.0	0
1:10:6:30	7	3	22	20.6221	0.0	0
1:10:7:45	7	3	22	20.8999	0.0	0
1:10:8:55	7	3	22	21.1274	0.0	0
1:10:10:10	7	3	22	21.3556	0.0	0
1:10:11:20	7	3	22	21.7629	0.0	0
1:10:12:35	7	3	22	21.9578	0.0	0
1:10:13:45	7	3	22	22.0442	20.0474	20.48900000000005
1:10:15:0	7	3	22	22.229	23.1914	23.623500000000117
1:10:16:10	7	3	22	22.5476	36.2455	36.629500000000036
1:10:17:25	7	3	22	19.3788	99.5704	100
1:10:18:35	7	3	22	19.6398	1.2335	0
1:10:19:50	7	3	22	19.8827	0.0	0
1:10:21:0	7	3	22	20.1047	0.0	0
1:10:22:15	7	3	22	20.6954	0.0	0
1:10:23:25	7	3	22	20.9836	0.0	0
1:10:24:40	7	3	22	21.2132	0.0	0
1:10:25:50	7	3	22	21.4346	0.0	0
1:10:27:5	7	3	22	21.6424	0.0	0
1:10:28:15	7	3	22	22.0427	0.0	0
1:10:29:30	7	3	22	22.3887	34.8945	35.245500000000106
1:10:30:40	7	3	22	21.7472	55.168	55.618000000000094
1:10:31:55	7	3	22	21.9201	6.8304	6.202500000000043
1:10:33:5	7	3	22	22.0506	25.8605	26.2645000000002
1:10:34:20	7	3	22	21.8899	25.8605	32.65950000000002
1:10:35:30	7	3	22	22.0373	19.684	19.15550000000016
1:10:36:45	7	3	22	22.4014	31.2126	31.51999999999996
1:10:38:0	7	3	22	21.824	56.6229	56.98950000000002
1:10:39:10	7	3	22	21.4615	12.9516	12.237000000000208
1:10:40:25	7	3	22	21.8653	0.0	0
1:10:41:35	7	3	22	22.063	9.5829	9.99849999999995
1:10:42:50	7	3	22	22.3727	22.4836	22.859499999999784
1:10:44:0	7	3	22	22.7352	43.2821	43.751499999999766
1:10:45:15	7	3	22	19.495	99.6178	100
1:10:46:25	7	3	22	19.7801	1.2339	0
1:10:47:40	7	3	22	20.0335	0.0	0
1:10:48:50	7	3	22	20.2838	0.0	0
1:10:50:5	7	3	22	20.5942	0.0	0
1:10:51:15	7	3	22	21.1408	0.0	0
1:10:52:30	7	3	22	21.384	0.0	0
1:10:53:40	7	3	22	21.6117	0.0	0
1:10:54:55	7	3	22	21.8365	0.0	0
1:10:56:5	7	3	22	22.0837	24.0608	24.39200000000012
1:10:57:20	7	3	22	22.837	37.5198	37.925000000000054
1:10:58:35	7	3	22	19.586	99.579	100
1:10:59:45	7	3	22	19.8417	1.2336	0
1:11:1:0	7	3	22	20.0952	0.0	0
1:11:2:10	7	3	22	20.3419	0.0	0
1:11:3:25	7	3	22	20.9722	0.0	0
1:11:4:35	7	3	22	21.2771	0.0	0
1:11:5:50	7	3	22	21.5278	0.0	0
1:11:7:0	7	3	22	21.7815	0.0	0
1:11:8:15	7	3	22	22.1101	22.3575	22.644000000000162
1:11:9:25	7	3	22	21.3542	40.9121	41.29849999999999
1:11:10:40	7	3	22	21.6369	0.0	0
1:11:11:50	7	3	22	21.9369	0.0	0
1:11:13:5	7	3	22	22.2575	25.5956	25.967000000000038
1:11:14:15	7	3	22	22.3764	44.4823	44.88099999999996
1:11:15:30	7	3	22	21.878	51.1486	51.56449999999998
1:11:16:40	7	3	22	21.9898	16.7912	16.16499999999997
1:11:17:55	7	3	22	21.9898	30.3933	30.805999999999884
1:11:19:5	7	3	22	22.3236	29.4713	29.02699999999989
1:11:20:20	7	3	22	22.9025	53.6264	53.95999999999989
1:11:21:30	7	3	22	19.6204	99.5639	100
1:11:22:45	7	3	22	19.8979	0.0	0
1:11:23:55	7	3	22	20.1514	0.0	0
1:11:25:10	7	3	22	20.3979	0.0	0
1:11:26:20	7	3	22	20.9622	0.0	0
1:11:27:35	7	3	22	21.2225	0.0	0
1:11:28:45	7	3	22	21.4754	0.0	0
1:11:30:0	7	3	22	21.6975	0.0	0
1:11:31:10	7	3	22	21.948	0.0	0
1:11:32:25	7	3	22	22.5988	24.8034	25.15399999999989
1:11:33:35	7	3	22	20.3181	99.2929	100
1:11:34:50	7	3	22	20.5836	0.0	0
1:11:36:0	7	3	22	20.8512	0.0	0
1:11:37:10	7	3	22	21.3541	0.0	0
1:11:38:25	7	3	22	21.6696	0.0	0
1:11:39:35	7	3	22	21.9751	0.0	0
1:11:40:50	7	3	22	22.2483	23.4689	23.78450000000017
1:11:42:5	7	3	22	22.2483	39.1624	39.44300000000009
1:11:43:15	7	3	22	21.8827	38.3234	37.8280000000001
1:11:44:30	7	3	22	22.0514	13.3603	12.891000000000062
1:11:45:40	7	3	22	22.2527	29.5554	29.854500000000158
1:11:46:55	7	3	22	22.7698	42.5544	42.93550000000013
1:11:48:5	7	3	22	23.6699	99.4598	100
1:11:49:20	7	3	22	18.4711	99.6129	100
1:11:50:30	7	3	22	18.7936	1.2339	0
1:11:51:45	7	3	22	19.0959	0.0	0
1:11:52:55	7	3	22	19.367	0.0	0
1:11:54:5	7	3	22	19.6316	0.0	0
1:11:55:20	7	3	22	20.3151	0.0	0
1:11:56:30	7	3	22	20.5969	0.0	0
1:11:57:45	7	3	22	20.8748	0.0	0
1:11:58:55	7	3	22	21.1313	0.0	0
1:12:0:10	7	3	22	21.3725	0.0	0
1:12:1:25	7	3	22	22.0111	0.0	0
1:12:2:35	7	3	22	22.2605	0.0	0
1:12:3:45	7	3	22	22.4233	22.1587	22.440000000000122
1:12:5:0	7	3	22	22.3277	33.2337	33.51400000000016
1:12:6:10	7	3	22	22.1809	28.6739	28.135000000000083
1:12:7:25	7	3	22	22.8597	22.3668	21.83600000000018
1:12:8:35	7	3	22	20.1182	99.2694	100
1:12:9:50	7	3	22	20.354	1.2326	0
1:12:11:0	7	3	22	20.6214	0.0	0
1:12:12:15	7	3	22	21.1125	0.0	0
1:12:13:25	7	3	22	21.4353	0.0	0
1:12:14:40	7	3	22	21.7522	0.0	0
1:12:15:50	7	3	22	22.0624	0.0	0
1:12:17:5	7	3	22	22.2664	26.8141	27.21750000000016
1:12:18:20	7	3	22	22.0883	38.1923	38.48850000000019
1:12:19:30	7	3	22	22.1255	25.276	24.73500000000014
1:12:20:40	7	3	22	21.8972	30.781	31.079500000000046
1:12:21:55	7	3	22	21.9839	15.1617	14.65400000000026
1:12:23:5	7	3	22	22.1659	23.245	23.553
1:12:24:20	7	3	22	22.9483	35.4044	35.741500000000194
1:12:25:30	7	3	22	20.8936	99.3926	100
1:12:26:45	7	3	22	21.1605	1.2334	0
1:12:27:55	7	3	22	21.4287	0.0	0
1:12:29:10	7	3	22	21.6905	0.0	0
1:12:30:20	7	3	22	22.2967	0.0	0
1:12:31:35	7	3	22	21.7864	49.1474	49.5010000000001
1:12:32:45	7	3	22	22.0313	5.8139	5.102500000000028
1:12:34:0	7	3	22	22.1202	28.6855	28.988500000000137
1:12:35:10	7	3	22	22.0093	31.857	32.29550000000005
1:12:36:25	7	3	22	22.836	24.3436	23.846500000000002
1:12:37:35	7	3	22	20.6671	99.2886	100
1:12:38:50	7	3	22	20.9091	1.2327	0
1:12:40:0	7	3	22	21.1829	0.0	0
1:12:41:15	7	3	22	21.693	0.0	0
1:12:42:25	7	3	22	21.9359	0.0	0
1:12:43:40	7	3	22	22.0129	19.4717	19.891999999999896
1:12:44:50	7	3	22	22.0129	21.0997	21.38249999999978
1:12:46:5	7	3	22	22.4389	20.8841	20.35649999999979
1:12:47:15	7	3	22	22.1492	52.1509	52.43549999999992
1:12:48:30	7	3	22	22.1492	29.1629	28.706999999999905
1:12:49:40	7	3	22	21.9103	34.0756	34.54449999999991
1:12:50:55	7	3	22	22.0582	18.5662	18.118999999999836
1:12:52:5	7	3	22	22.4664	31.5193	31.89799999999984
1:12:53:20	7	3	22	21.9221	60.4184	60.87649999999989
1:12:54:30	7	3	22	22.1042	19.2855	18.5949999999999
1:12:55:45	7	3	22	21.7957	39.2012	39.63799999999978
1:12:56:55	7	3	22	21.9016	15.3375	14.81099999999989
1:12:58:10	7	3	22	22.0192	24.9223	25.337999999999745
1:12:59:20	7	3	22	22.3914	31.2103	31.585499999999982
1:13:0:35	7	3	22	21.6612	57.5379	57.92849999999991
1:13:1:45	7	3	22	21.9047	2.3187	1.494499999999924
1:13:3:0	7	3	22	21.9047	26.9752	27.321999999999736
1:13:4:10	7	3	22	22.4201	23.2916	22.71649999999976
1:13:5:20	7	3	22	21.8663	60.0316	60.41849999999998
1:13:6:35	7	3	22	22.0657	16.0708	15.353499999999755
1:13:7:50	7	3	22	21.8569	36.8112	37.27849999999984
1:13:9:0	7	3	22	21.8569	19.7465	19.284499999999817
1:13:10:10	7	3	22	22.6148	20.4953	20.985499999999814
1:13:11:25	7	3	22	19.058	99.2524	100
1:13:12:40	7	3	22	19.3736	0.0	0
1:13:13:50	7	3	22	19.6689	0.0	0
1:13:15:5	7	3	22	19.9541	0.0	0
1:13:16:15	7	3	22	20.566	0.0	0
1:13:17:25	7	3	22	20.8379	0.0	0
1:13:18:40	7	3	22	21.1229	0.0	0
1:13:19:50	7	3	22	21.391	0.0	0
1:13:21:5	7	3	22	21.644	0.0	0
1:13:22:15	7	3	22	22.1938	0.0	0
1:13:23:30	7	3	22	21.6705	40.4145	40.86850000000009
1:13:24:40	7	3	22	21.9446	0.0	0
1:13:25:55	7	3	22	22.0428	24.7624	25.11200000000004
1:13:27:5	7	3	22	21.9761	27.4789	27.81149999999993
1:13:28:20	7	3	22	22.2758	22.2572	21.763999999999886
1:13:29:30	7	3	22	21.6486	44.7139	45.00299999999999
1:13:30:45	7	3	22	21.9153	0.0	0
1:13:31:55	7	3	22	21.9153	25.5269	25.896500000000024
1:13:33:10	7	3	22	22.1495	21.498	21.049000000000007
1:13:34:20	7	3	22	22.9506	37.4759	37.76700000000009
1:13:35:35	7	3	22	20.9559	99.412	100
1:13:36:45	7	3	22	21.2236	0.0	0
1:13:38:0	7	3	22	21.4919	0.0	0
1:13:39:10	7	3	22	22.0065	0.0	0
1:13:40:25	7	3	22	22.3196	0.0	0
1:13:41:40	7	3	22	22.405	25.3281	25.692500000000162
1:13:42:50	7	3	22	22.3583	30.1433	30.597000000000136
1:13:44:5	7	3	22	22.3583	30.1433	29.86350000000005
1:13:45:15	7	3	22	22.6387	33.8646	34.14700000000007
1:13:46:30	7	3	22	21.8355	99.5544	100
1:13:47:40	7	3	22	20.9502	65.001	64.37299999999999
1:13:48:55	7	3	22	21.1973	0.0	0
1:13:50:5	7	3	22	21.4416	0.0	0
1:13:51:20	7	3	22	21.9943	0.0	0
1:13:52:30	7	3	22	22.1734	17.7503	18.106999999999953
1:13:53:45	7	3	22	22.1734	28.8205	29.10050000000009
1:13:54:55	7	3	22	22.5565	28.6392	28.14800000000007
1:13:56:10	7	3	22	20.4634	99.5192	100
1:13:57:20	7	3	22	15.7919	1.233	0
1:13:58:35	7	3	22	16.1444	0.0	0
1:13:59:45	7	3	22	16.4822	0.0	0
1:14:1:0	7	3	22	16.8838	0.0	0
1:14:2:10	7	3	22	17.2277	0.0	0
1:14:3:25	7	3	22	17.8923	0.0	0
1:14:4:35	7	3	22	18.2153	0.0	0
1:14:5:50	7	3	22	18.5141	0.0	0
1:14:7:0	7	3	22	18.8069	0.0	0
1:14:8:15	7	3	22	19.5252	0.0	0
1:14:9:25	7	3	22	19.8548	0.0	0
1:14:10:40	7	3	22	20.1483	0.0	0
1:14:11:50	7	3	22	20.4339	0.0	0
1:14:13:5	7	3	22	20.7023	0.0	0
1:14:14:15	7	3	22	21.2503	0.0	0
1:14:15:30	7	3	22	21.565	0.0	0
1:14:16:40	7	3	22	21.8234	0.0	0
1:14:17:55	7	3	22	21.9908	23.8309	24.15599999999987
1:14:19:5	7	3	22	21.9908	30.638	31.068999999999942
1:14:20:20	7	3	22	21.8865	28.9475	28.465999999999934
1:14:21:30	7	3	22	21.8865	20.9998	20.551500000000047
1:14:22:45	7	3	22	22.0438	20.9998	20.98100000000004
1:14:23:55	7	3	22	22.4983	31.1831	31.643500000000007
1:14:25:10	7	3	22	23.1678	63.5064	63.809499999999986
1:14:26:20	7	3	22	17.9711	99.5211	100
1:14:27:35	7	3	22	18.2827	0.0	0
1:14:28:45	7	3	22	18.5623	0.0	0
1:14:30:0	7	3	22	18.8392	0.0	0
1:14:31:10	7	3	22	19.1969	0.0	0
1:14:32:25	7	3	22	19.8236	0.0	0
1:14:33:35	7	3	22	20.1038	0.0	0
1:14:34:50	7	3	22	20.3629	0.0	0
1:14:36:0	7	3	22	20.6181	0.0	0
1:14:37:15	7	3	22	21.1478	0.0	0
1:14:38:25	7	3	22	21.3879	0.0	0
1:14:39:40	7	3	22	21.6255	0.0	0
1:14:40:50	7	3	22	21.8601	0.0	0
1:14:42:5	7	3	22	21.9956	26.5457	26.94200000000004
1:14:43:15	7	3	22	22.8375	31.9104	32.18650000000005
1:14:44:30	7	3	22	19.8626	99.5412	100
1:14:45:40	7	3	22	20.1354	1.2332	0
1:14:46:55	7	3	22	20.3916	0.0	0
1:14:48:5	7	3	22	20.6313	0.0	0
1:14:49:20	7	3	22	21.0995	0.0	0
1:14:50:30	7	3	22	21.4026	0.0	0
1:14:51:45	7	3	22	21.7066	0.0	0
1:14:52:55	7	3	22	21.9375	0.0	0
1:14:54:10	7	3	22	22.2303	0.0	18.71849999999986
1:14:55:20	7	3	22	22.344	36.2143	36.58999999999986
1:14:56:35	7	3	22	22.1115	42.6386	43.02849999999997
1:14:57:45	7	3	22	22.0047	27.8225	27.325499999999835
1:14:59:0	7	3	22	22.0047	24.3975	23.91799999999987
1:15:0:10	7	3	22	22.392	25.1125	25.566999999999865
1:15:1:25	7	3	22	22.392	25.1125	54.66149999999985
1:15:2:35	7	3	22	21.548	52.3573	52.77199999999985
1:15:3:50	7	3	22	21.7614	0.0	0
1:15:5:0	7	3	22	21.8809	23.8201	24.145000000000003
1:15:6:15	7	3	22	22.6776	27.0649	27.520500000000148
1:15:7:25	7	3	22	17.5414	99.3141	100
1:15:8:40	7	3	22	17.8373	1.2329	0
1:15:9:50	7	3	22	18.1214	0.0	0
1:15:11:5	7	3	22	18.4038	0.0	0
1:15:12:15	7	3	22	19.0819	0.0	0
1:15:13:30	7	3	22	19.3578	0.0	0
1:15:14:45	7	3	22	19.634	0.0	0
1:15:15:55	7	3	22	19.8986	0.0	0
1:15:17:10	7	3	22	20.1447	0.0	0
1:15:18:20	7	3	22	20.5903	0.0	0
1:15:19:30	7	3	22	20.8962	0.0	0
1:15:20:45	7	3	22	21.1915	0.0	0
1:15:22:0	7	3	22	21.4209	0.0	0
1:15:23:10	7	3	22	21.6557	0.0	0
1:15:24:25	7	3	22	22.1095	0.0	0
1:15:25:35	7	3	22	22.0268	33.6423	33.97000000000009
1:15:26:50	7	3	22	22.0268	22.5622	22.055500000000148
1:15:28:0	7	3	22	22.4291	23.1656	23.56400000000015
1:15:29:15	7	3	22	23.6101	53.5085	54.00449999999992
1:15:30:25	7	3	22	20.8337	99.5628	100
1:15:31:40	7	3	22	21.0779	0.0	0
1:15:32:50	7	3	22	21.2974	0.0	0
1:15:34:5	7	3	22	21.4935	0.0	0
1:15:35:15	7	3	22	21.9453	0.0	0
1:15:36:30	7	3	22	22.2102	0.0	0
1:15:37:40	7	3	22	22.2102	26.1905	26.577500000000036
1:15:38:55	7	3	22	22.3898	25.1663	24.706000000000028
1:15:40:5	7	3	22	22.3898	39.8107	40.27800000000008
1:15:41:20	7	3	22	21.8553	41.0568	41.48200000000008
1:15:42:30	7	3	22	22.0556	5.926	5.29249999999999
1:15:43:45	7	3	22	22.0556	26.4271	26.8854999999999
1:15:44:55	7	3	22	22.4092	24.9657	24.436999999999905
1:15:46:5	7	3	22	22.9109	51.1251	51.5129999999999
1:15:47:20	7	3	22	18.6611	99.5404	100
1:15:48:30	7	3	22	18.913	0.0	0
1:15:49:45	7	3	22	19.1581	0.0	0
1:15:50:55	7	3	22	19.4677	0.0	0
1:15:52:10	7	3	22	19.6918	0.0	0
1:15:53:20	7	3	22	20.1501	0.0	0
1:15:54:35	7	3	22	20.3684	0.0	0
1:15:55:45	7	3	22	20.5845	0.0	0
1:15:57:0	7	3	22	20.8627	0.0	0
1:15:58:15	7	3	22	21.2502	0.0	0
1:15:59:25	7	3	22	21.5053	0.0	0
1:16:0:35	7	3	22	21.6897	0.0	0
1:16:1:50	7	3	22	21.7503	22.1602	22.441499999999994
1:16:3:0	7	3	22	21.7503	21.6907	21.117500000000042
1:16:4:15	7	3	22	22.2749	18.1908	17.711500000000022
1:16:5:25	7	3	22	22.9776	54.1879	54.55949999999998
1:16:6:40	7	3	22	19.1942	99.5692	100
1:16:7:50	7	3	22	19.3651	1.2335	0
1:16:9:5	7	3	22	19.5864	0.0	0
1:16:10:15	7	3	22	20.0093	0.0	0
1:16:11:30	7	3	22	20.2131	0.0	0
1:16:12:40	7	3	22	20.389	0.0	0
1:16:13:55	7	3	22	20.6545	0.0	0
1:16:15:5	7	3	22	20.918	0.0	0
1:16:16:20	7	3	22	21.2819	0.0	0
1:16:17:30	7	3	22	21.5334	0.0	0
1:16:18:45	7	3	22	21.783	0.0	0
1:16:19:55	7	3	22	22.0799	24.8253	25.17650000000005
1:16:21:10	7	3	22	22.0799	41.2234	41.529999999999845
1:16:22:20	7	3	22	22.0541	38.3873	37.875499999999874
1:16:23:35	7	3	22	21.8439	37.2827	36.739499999999836
1:16:24:45	7	3	22	21.7323	22.3995	21.90250000000006
1:16:26:0	7	3	22	22.0287	15.6733	15.124499999999816
1:16:27:10	7	3	22	22.3373	35.9006	36.351499999999994
1:16:28:25	7	3	22	21.1808	54.9334	55.33749999999985
1:16:29:35	7	3	22	21.377	0.0	0
1:16:30:50	7	3	22	21.5254	0.0	0
1:16:32:0	7	3	22	21.6707	0.0	0
1:16:33:15	7	3	22	22.0999	17.9654	18.329999999999895
1:16:34:25	7	3	22	22.6524	44.6476	45.04750000000003
1:16:35:40	7	3	22	22.3578	44.6476	100
1:16:36:50	7	3	22	20.2067	99.4795	100
1:16:38:5	7	3	22	20.0901	0.0	0
1:16:39:15	7	3	22	20.4445	0.0	0
1:16:40:30	7	3	22	20.6101	0.0	0
1:16:41:40	7	3	22	20.7725	0.0	0
1:16:42:55	7	3	22	20.9943	0.0	0
1:16:44:5	7	3	22	21.2275	0.0	0
1:16:45:20	7	3	22	21.619	0.0	0
1:16:46:30	7	3	22	21.7861	0.0	0
1:16:47:45	7	3	22	21.8435	19.3873	19.804500000000118
1:16:48:55	7	3	22	21.8435	19.3873	19.463999999999935
1:16:50:10	7	3	22	21.8435	17.5367	17.037999999999958
1:16:51:20	7	3	22	22.0559	15.944	15.472999999999946
1:16:52:35	7	3	22	22.4039	29.4313	29.83800000000011
1:16:53:45	7	3	22	21.5275	52.9929	53.31100000000001
1:16:55:0	7	3	22	21.641	0.0	0
1:16:56:10	7	3	22	21.7985	16.6187	16.93349999999988
1:16:57:25	7	3	22	21.7205	23.0616	23.45350000000007
1:16:58:35	7	3	22	21.7205	13.7697	13.226000000000084
1:16:59:50	7	3	22	21.8396	12.0755	11.601000000000088
1:17:1:0	7	3	22	22.0669	17.4603	17.738500000000066
1:17:2:15	7	3	22	22.1929	30.9868	31.39550000000005
1:17:3:25	7	3	22	21.9779	37.6856	38.10500000000015
1:17:4:40	7	3	22	21.9779	22.4635	22.019000000000162
1:17:5:50	7	3	22	21.8381	24.5692	25.023000000000177
1:17:7:5	7	3	22	22.0881	14.7993	14.317000000000117
1:17:8:15	7	3	22	22.6948	33.1656	33.545000000000144
1:17:9:30	7	3	22	18.7874	99.5497	100
1:17:10:40	7	3	22	18.9778	1.2333	0
1:17:11:55	7	3	22	19.1509	0.0	0
1:17:13:5	7	3	22	19.3187	0.0	0
1:17:14:20	7	3	22	19.7796	0.0	0
1:17:15:30	7	3	22	19.9206	0.0	0
1:17:16:40	7	3	22	20.0637	0.0	0
1:17:17:55	7	3	22	20.2786	0.0	0
1:17:19:10	7	3	22	20.4935	0.0	0
1:17:20:20	7	3	22	20.9025	0.0	0
1:17:21:30	7	3	22	21.0865	0.0	0
1:17:22:45	7	3	22	21.2298	0.0	0
1:17:23:55	7	3	22	21.3615	0.0	0
1:17:25:10	7	3	22	21.4751	0.0	0
1:17:26:20	7	3	22	21.6692	0.0	0
1:17:27:35	7	3	22	21.8444	0.0	0
1:17:28:45	7	3	22	22.0385	15.8299	16.11550000000003
1:17:30:0	7	3	22	22.2707	26.0275	26.48899999999994
1:17:31:10	7	3	22	21.8903	40.8983	41.377500000000126
1:17:32:25	7	3	22	21.9345	12.6398	12.071499999999983
1:17:33:35	7	3	22	22.1543	19.5531	19.995500000000007
1:17:34:50	7	3	22	21.7094	34.6704	35.16249999999995
1:17:36:0	7	3	22	21.7094	0.0	0.04099999999991155
1:17:37:15	7	3	22	22.0495	3.3325	3.8084999999999063
1:17:38:25	7	3	22	22.312	26.1124	26.409999999999865
1:17:39:40	7	3	22	22.0561	41.0104	41.49100000000007
1:17:40:50	7	3	22	22.0561	21.9618	21.481000000000005
1:17:42:5	7	3	22	21.9946	25.3837	25.88050000000002
1:17:43:15	7	3	22	22.136	22.291	21.82899999999985
1:17:44:30	7	3	22	22.4717	32.8165	33.30249999999994
1:17:45:40	7	3	22	21.1759	57.3748	57.71899999999986
1:17:46:55	7	3	22	21.2261	0.0	0
1:17:48:5	7	3	22	21.3373	0.0	0
1:17:49:20	7	3	22	21.5601	0.0	0
1:17:50:30	7	3	22	21.7165	0.0	0
1:17:51:45	7	3	22	21.6991	20.545	21.00500000000009
1:17:52:55	7	3	22	21.7043	14.9654	14.51900000000018
1:17:54:10	7	3	22	21.7043	12.635	12.161000000000062
1:17:55:20	7	3	22	21.8804	9.5858	9.126000000000083
1:17:56:35	7	3	22	22.0788	18.9754	19.37650000000021
1:17:57:45	7	3	22	22.3212	30.1343	30.41900000000016
1:17:59:0	7	3	22	21.7216	46.1196	46.41100000000017
1:18:0:10	7	3	22	21.5333	1.7383	1.0170000000000101
1:18:1:25	7	3	22	21.8002	0.0	0
1:18:2:35	7	3	22	21.9873	17.8159	18.174999999999955
1:18:3:50	7	3	22	22.1604	17.8159	26.20600000000003
1:18:5:0	7	3	22	22.1604	35.8865	36.25499999999988
1:18:6:15	7	3	22	21.9084	35.8865	35.2624999999999
1:18:7:25	7	3	22	21.8949	18.4977	17.96649999999998
1:18:8:40	7	3	22	21.8949	19.4978	19.817999999999927
1:18:9:50	7	3	22	22.0598	19.4978	18.969499999999933
1:18:11:5	7	3	22	22.2942	29.8111	30.285999999999884
1:18:12:15	7	3	22	22.0681	45.7026	45.99049999999995
1:18:13:30	7	3	22	21.909	28.9814	28.45900000000002
1:18:14:40	7	3	22	21.8506	21.0459	20.598999999999847
1:18:15:55	7	3	22	22.0329	18.1474	17.695499999999953
1:18:17:5	7	3	22	22.2587	30.4076	30.750000000000046
1:18:18:20	7	3	22	22.9692	44.8241	45.279500000000006
1:18:19:35	7	3	22	17.8483	99.6282	100
1:18:20:45	7	3	22	17.9738	1.234	0
1:18:22:0	7	3	22	18.0789	0.0	0
1:18:23:10	7	3	22	18.1802	0.0	0
1:18:24:25	7	3	22	18.4586	0.0	0
1:18:25:35	7	3	22	18.6414	0.0	0
1:18:26:50	7	3	22	18.8175	0.0	0
1:18:28:0	7	3	22	18.9897	0.0	0
1:18:29:10	7	3	22	19.1107	0.0	0
1:18:30:25	7	3	22	19.3308	0.0	0
1:18:31:40	7	3	22	19.5019	0.0	0
1:18:32:50	7	3	22	19.6696	0.0	0
1:18:34:5	7	3	22	19.8333	0.0	0
1:18:35:15	7	3	22	20.0759	0.0	0
1:18:36:30	7	3	22	20.171	0.0	0
1:18:37:40	7	3	22	20.2566	0.0	0
1:18:38:55	7	3	22	20.341	0.0	0
1:18:40:5	7	3	22	20.4244	0.0	0
1:18:41:20	7	3	22	20.708	0.0	0
1:18:42:30	7	3	22	20.8454	0.0	0
1:18:43:45	7	3	22	20.977	0.0	0
1:18:44:55	7	3	22	21.0364	0.0	0
1:18:46:5	7	3	22	21.1136	0.0	0
1:18:47:20	7	3	22	21.2398	0.0	0
1:18:48:35	7	3	22	21.4071	0.0	0
1:18:49:45	7	3	22	21.4071	0.0	0
1:18:51:0	7	3	22	21.4071	0.0	0
1:18:52:10	7	3	22	21.5593	0.0	0
1:18:53:25	7	3	22	21.7942	0.0	0
1:18:54:35	7	3	22	21.9756	23.388	23.70149999999999
1:18:55:50	7	3	22	22.2093	31.4249	31.724999999999994
1:18:57:0	7	3	22	21.684	45.8326	46.28749999999991
1:18:58:10	7	3	22	21.4145	6.0474	5.477500000000077
1:18:59:25	7	3	22	21.6013	0.0	0
1:19:0:40	7	3	22	21.7189	0.0	0
1:19:1:50	7	3	22	21.8236	5.7554	6.0735000000002515
1:19:3:5	7	3	22	21.9352	8.9152	9.351000000000038
1:19:4:15	7	3	22	21.9352	13.9054	14.386500000000009
1:19:5:30	7	3	22	22.0017	12.573	12.064500000000002
1:19:6:40	7	3	22	21.9878	15.9126	16.404000000000085
1:19:7:55	7	3	22	21.9878	14.8477	14.381000000000093
1:19:9:5	7	3	22	22.1003	14.8477	14.467500000000086
1:19:10:20	7	3	22	22.3841	22.2844	22.78300000000014
1:19:11:30	7	3	22	21.7354	42.9201	43.38350000000009
1:19:12:45	7	3	22	21.8028	0.0	0
1:19:13:55	7	3	22	21.8028	11.8202	12.139500000000218
1:19:15:5	7	3	22	21.8028	9.6857	9.15650000000019
1:19:16:20	7	3	22	22.0272	7.6917	7.184500000000202
1:19:17:30	7	3	22	22.1865	21.6102	22.04250000000016
1:19:18:45	7	3	22	22.4142	30.5299	30.896000000000043
1:19:19:55	7	3	22	22.7638	47.1347	47.449000000000225
1:19:21:10	7	3	22	23.1556	99.5029	100
1:19:22:25	7	3	22	17.7484	99.5029	100
1:19:23:35	7	3	22	17.8507	1.2329	0
1:19:24:50	7	3	22	17.9442	0.0	0
1:19:26:0	7	3	22	18.0338	0.0	0
1:19:27:10	7	3	22	18.3662	0.0	0
1:19:28:25	7	3	22	18.5226	0.0	0
1:19:29:40	7	3	22	18.674	0.0	0
1:19:30:50	7	3	22	18.7619	0.0	0
1:19:32:5	7	3	22	18.8535	0.0	0
1:19:33:15	7	3	22	19.1525	0.0	0
1:19:34:25	7	3	22	19.2142	0.0	0
1:19:35:40	7	3	22	19.2142	0.0	0
1:19:36:50	7	3	22	19.3314	0.0	0
1:19:38:5	7	3	22	19.3314	0.0	0
1:19:39:15	7	3	22	19.6289	0.0	0
1:19:40:30	7	3	22	19.7652	0.0	0
1:19:41:40	7	3	22	19.8913	0.0	0
1:19:42:55	7	3	22	20.0145	0.0	0
1:19:44:5	7	3	22	20.1376	0.0	0
1:19:45:20	7	3	22	20.2004	0.0	0
1:19:46:30	7	3	22	20.2004	0.0	0
1:19:47:45	7	3	22	20.3852	0.0	0
1:19:48:55	7	3	22	20.5029	0.0	0
1:19:50:10	7	3	22	20.6176	0.0	0
1:19:51:20	7	3	22	20.8417	0.0	0
1:19:52:35	7	3	22	20.9302	0.0	0
1:19:53:45	7	3	22	20.9302	0.0	0
1:19:55:0	7	3	22	21.0048	0.0	0
1:19:56:10	7	3	22	21.0048	0.0	0
1:19:56:10	7	3	22	21.0048	0.0	0
1:19:56:10	7	3	22	21.0048	0.0	0
1:19:56:10	7	3	22	21.0048	0.0	0
1:19:56:10	7	3	22	21.0048	0.0	0
1:19:56:10	7	3	22	21.0048	0.0	0
1:19:56:10	7	3	22	21.0048	0.0	0
1:19:56:10	7	3	22	21.0048	0.0	0
1:19:56:10	7	3	22	21.0048	0.0	0
1:19:56:10	7	3	22	21.0048	0.0	0
1:19:56:10	7	3	22	21.0048	0.0	0
1:19:56:10	7	3	22	21.0048	0.0	0
1:19:56:10	7	3	22	21.0048	0.0	0
1:19:56:10	7	3	22	21.0048	0.0	0
1:19:56:10	7	3	22	21.0048	0.0	0
1:19:56:10	7	3	22	21.0048	0.0	0
1:19:56:10	7	3	22	21.0048	0.0	0
1:19:56:10	7	3	22	21.0048	0.0	0
1:19:56:10	7	3	22	21.0048	0.0	0
1:19:56:10	7	3	22	21.0048	0.0	0
1:19:56:10	7	3	22	21.0048	0.0	0
1:19:56:10	7	3	22	21.0048	0.0	0
1:19:56:10	7	3	22	21.0048	0.0	0
1:19:56:10	7	3	22	21.0048	0.0	0
1:19:56:10	7	3	22	21.0048	0.0	0
1:19:56:10	7	3	22	21.0048	0.0	0
1:19:56:10	7	3	22	21.0048	0.0	0
1:19:56:10	7	3	22	21.0048	0.0	0
1:19:56:10	7	3	22	21.0048	0.0	0
1:19:56:10	7	3	22	21.0048	0.0	0
1:19:56:10	7	3	22	21.0048	0.0	0
1:19:56:10	7	3	22	21.0048	0.0	0
1:19:56:10	7	3	22	21.0048	0.0	0
1:19:56:10	7	3	22	21.0048	0.0	0
1:19:56:10	7	3	22	21.0048	0.0	0
1:19:56:10	7	3	22	21.0048	0.0	0
1:19:56:10	7	3	22	21.0048	0.0	0
1:19:56:10	7	3	22	21.0048	0.0	0
1:19:56:10	7	3	22	21.0048	0.0	0
1:19:56:10	7	3	22	21.0048	0.0	0
1:19:56:10	7	3	22	21.0048	0.0	0
1:19:56:10	7	3	22	21.0048	0.0	0
1:19:56:10	7	3	22	21.0048	0.0	0
1:19:56:10	7	3	22	21.0048	0.0	0
1:19:56:10	7	3	22	21.0048	0.0	0
1:19:56:10	7	3	22	21.0048	0.0	0
1:19:56:10	7	3	22	21.0048	0.0	0
1:19:56:10	7	3	22	21.0048	0.0	0
1:19:56:10	7	3	22	21.0048	0.0	0
1:19:56:10	7	3	22	21.0048	0.0	0
1:19:56:10	7	3	22	21.0048	0.0	0
1:19:56:10	7	3	22	21.0048	0.0	0
1:19:56:10	7	3	22	21.0048	0.0	0
1:19:56:10	7	3	22	21.0048	0.0	0
1:19:56:10	7	3	22	21.0048	0.0	0
1:19:56:10	7	3	22	21.0048	0.0	0
1:19:56:10	7	3	22	21.0048	0.0	0
1:19:56:10	7	3	22	21.0048	0.0	0
1:19:56:10	7	3	22	21.0048	0.0	0
1:19:56:10	7	3	22	21.0048	0.0	0
1:19:56:10	7	3	22	21.0048	0.0	0
1:19:56:10	7	3	22	21.0048	0.0	0
1:19:56:10	7	3	22	21.0048	0.0	0
1:19:56:10	7	3	22	21.0048	0.0	0
1:19:56:10	7	3	22	21.0048	0.0	0
1:19:56:10	7	3	22	21.0048	0.0	0
1:19:56:10	7	3	22	21.0048	0.0	0
1:19:56:10	7	3	22	21.0048	0.0	0
1:19:56:10	7	3	22	21.0048	0.0	0
1:19:56:10	7	3	22	21.0048	0.0	0
1:19:56:10	7	3	22	21.0048	0.0	0
1:19:56:10	7	3	22	21.0048	0.0	0
1:19:56:10	7	3	22	21.0048	0.0	0
1:19:56:10	7	3	22	21.0048	0.0	0
1:19:56:10	7	3	22	21.0048	0.0	0
1:19:56:10	7	3	22	21.0048	0.0	0
1:19:56:10	7	3	22	21.0048	0.0	0
1:19:56:10	7	3	22	21.0048	0.0	0
1:19:56:10	7	3	22	21.0048	0.0	0
1:19:56:10	7	3	22	21.0048	0.0	0
1:19:56:10	7	3	22	21.0048	0.0	0
1:19:56:10	7	3	22	21.0048	0.0	0
1:19:56:10	7	3	22	21.0048	0.0	0
1:19:56:10	7	3	22	21.0048	0.0	0
1:19:56:10	7	3	22	21.0048	0.0	0
1:19:56:10	7	3	22	21.0048	0.0	0
1:19:56:10	7	3	22	21.0048	0.0	0
1:19:56:10	7	3	22	21.0048	0.0	0
1:19:56:10	7	3	22	21.0048	0.0	0
1:19:56:10	7	3	22	21.0048	0.0	0
1:19:56:10	7	3	22	21.0048	0.0	0
1:19:56:10	7	3	22	21.0048	0.0	0
1:19:56:10	7	3	22	21.0048	0.0	0
1:19:56:10	7	3	22	21.0048	0.0	0
1:19:56:10	7	3	22	21.0048	0.0	0
1:19:56:10	7	3	22	21.0048	0.0	0
1:19:56:10	7	3	22	21.0048	0.0	0
1:19:56:10	7	3	22	21.0048	0.0	0
1:19:56:10	7	3	22	21.0048	0.0	0
1:19:56:10	7	3	22	21.0048	0.0	0
1:19:56:10	7	3	22	21.0048	0.0	0
1:19:56:10	7	3	22	21.0048	0.0	0
1:19:56:10	7	3	22	21.0048	0.0	0
1:19:56:10	7	3	22	21.0048	0.0	0
1:19:56:10	7	3	22	21.0048	0.0	0
1:19:56:10	7	3	22	21.0048	0.0	0
1:19:56:10	7	3	22	21.0048	0.0	0
1:19:56:10	7	3	22	21.0048	0.0	0
1:19:56:10	7	3	22	21.0048	0.0	0
1:19:56:10	7	3	22	21.0048	0.0	0
1:19:56:10	7	3	22	21.0048	0.0	0
1:19:56:10	7	3	22	21.0048	0.0	0
1:19:56:10	7	3	22	21.0048	0.0	0
1:19:56:10	7	3	22	21.0048	0.0	0
1:19:56:10	7	3	22	21.0048	0.0	0
1:19:56:10	7	3	22	21.0048	0.0	0
1:19:56:10	7	3	22	21.0048	0.0	0
1:19:56:10	7	3	22	21.0048	0.0	0
1:19:56:10	7	3	22	21.0048	0.0	0
1:19:56:10	7	3	22	21.0048	0.0	0
1:19:56:10	7	3	22	21.0048	0.0	0
1:19:56:10	7	3	22	21.0048	0.0	0
1:19:56:10	7	3	22	21.0048	0.0	0
1:19:56:10	7	3	22	21.0048	0.0	0
1:19:56:10	7	3	22	21.0048	0.0	0
1:19:56:10	7	3	22	21.0048	0.0	0
1:19:56:10	7	3	22	21.0048	0.0	0
1:19:56:10	7	3	22	21.0048	0.0	0
1:19:56:10	7	3	22	21.0048	0.0	0
1:19:56:10	7	3	22	21.0048	0.0	0
1:19:56:10	7	3	22	21.0048	0.0	0
1:19:56:10	7	3	22	21.0048	0.0	0
1:19:56:10	7	3	22	21.0048	0.0	0
1:19:56:10	7	3	22	21.0048	0.0	0
1:19:56:10	7	3	22	21.0048	0.0	0
1:19:56:10	7	3	22	21.0048	0.0	0
1:19:56:10	7	3	22	21.0048	0.0	0
1:19:56:10	7	3	22	21.0048	0.0	0
1:19:56:10	7	3	22	21.0048	0.0	0
1:19:56:10	7	3	22	21.0048	0.0	0
1:19:56:10	7	3	22	21.0048	0.0	0
1:19:56:10	7	3	22	21.0048	0.0	0
1:19:56:10	7	3	22	21.0048	0.0	0
1:19:56:10	7	3	22	21.0048	0.0	0
1:19:56:10	7	3	22	21.0048	0.0	0
1:19:56:10	7	3	22	21.0048	0.0	0
1:19:56:10	7	3	22	21.0048	0.0	0
1:19:56:10	7	3	22	21.0048	0.0	0
1:19:56:10	7	3	22	21.0048	0.0	0
1:19:56:10	7	3	22	21.0048	0.0	0
1:19:56:10	7	3	22	21.0048	0.0	0
1:19:56:10	7	3	22	21.0048	0.0	0
1:19:56:10	7	3	22	21.0048	0.0	0
1:19:56:10	7	3	22	21.0048	0.0	0
1:19:56:10	7	3	22	21.0048	0.0	0
1:19:56:10	7	3	22	21.0048	0.0	0
1:19:56:10	7	3	22	21.0048	0.0	0
1:19:56:10	7	3	22	21.0048	0.0	0
1:19:56:10	7	3	22	21.0048	0.0	0
1:19:56:10	7	3	22	21.0048	0.0	0
1:19:56:10	7	3	22	21.0048	0.0	0
1:19:56:10	7	3	22	21.0048	0.0	0
1:19:56:10	7	3	22	21.0048	0.0	0
1:19:56:10	7	3	22	21.0048	0.0	0
1:19:56:10	7	3	22	21.0048	0.0	0
1:19:56:10	7	3	22	21.0048	0.0	0
1:19:56:10	7	3	22	21.0048	0.0	0
1:19:56:10	7	3	22	21.0048	0.0	0
1:19:56:10	7	3	22	21.0048	0.0	0
1:19:56:10	7	3	22	21.0048	0.0	0
1:19:56:10	7	3	22	21.0048	0.0	0
1:19:56:10	7	3	22	21.0048	0.0	0
1:19:56:10	7	3	22	21.0048	0.0	0
1:19:56:10	7	3	22	21.0048	0.0	0
1:19:56:10	7	3	22	21.0048	0.0	0
1:19:56:10	7	3	22	21.0048	0.0	0
1:19:56:10	7	3	22	21.0048	0.0	0
1:19:56:10	7	3	22	21.0048	0.0	0
1:19:56:10	7	3	22	21.0048	0.0	0
1:19:56:10	7	3	22	21.0048	0.0	0
1:19:56:10	7	3	22	21.0048	0.0	0
1:19:56:10	7	3	22	21.0048	0.0	0
1:19:56:10	7	3	22	21.0048	0.0	0
1:19:56:10	7	3	22	21.0048	0.0	0
1:19:56:10	7	3	22	21.0048	0.0	0
1:19:56:10	7	3	22	21.0048	0.0	0
1:19:56:10	7	3	22	21.0048	0.0	0
1:19:56:10	7	3	22	21.0048	0.0	0
1:19:56:10	7	3	22	21.0048	0.0	0
1:19:56:10	7	3	22	21.0048	0.0	0
1:19:56:10	7	3	22	21.0048	0.0	0
1:19:56:10	7	3	22	21.0048	0.0	0
1:19:56:10	7	3	22	21.0048	0.0	0
1:19:56:10	7	3	22	21.0048	0.0	0
1:19:56:10	7	3	22	21.0048	0.0	0
1:19:56:10	7	3	22	21.0048	0.0	0
1:19:56:10	7	3	22	21.0048	0.0	0
1:19:56:10	7	3	22	21.0048	0.0	0
1:19:56:10	7	3	22	21.0048	0.0	0
1:19:56:10	7	3	22	21.0048	0.0	0
1:19:56:10	7	3	22	21.0048	0.0	0
1:19:56:10	7	3	22	21.0048	0.0	0
1:19:56:10	7	3	22	21.0048	0.0	0
1:19:56:10	7	3	22	21.0048	0.0	0
1:19:56:10	7	3	22	21.0048	0.0	0
1:19:56:10	7	3	22	21.0048	0.0	0
1:19:56:10	7	3	22	21.0048	0.0	0
1:19:56:10	7	3	22	21.0048	0.0	0
1:19:56:10	7	3	22	21.0048	0.0	0
1:19:56:10	7	3	22	21.0048	0.0	0
1:19:56:10	7	3	22	21.0048	0.0	0
1:19:56:10	7	3	22	21.0048	0.0	0
1:19:56:10	7	3	22	21.0048	0.0	0
1:19:56:10	7	3	22	21.0048	0.0	0
1:19:56:10	7	3	22	21.0048	0.0	0
1:19:56:10	7	3	22	21.0048	0.0	0
1:19:56:10	7	3	22	21.0048	0.0	0
1:19:56:10	7	3	22	21.0048	0.0	0
1:19:56:10	7	3	22	21.0048	0.0	0
1:19:56:10	7	3	22	21.0048	0.0	0
1:19:56:10	7	3	22	21.0048	0.0	0
1:19:56:10	7	3	22	21.0048	0.0	0
1:19:56:10	7	3	22	21.0048	0.0	0
1:19:56:10	7	3	22	21.0048	0.0	0
1:19:56:10	7	3	22	21.0048	0.0	0
1:19:56:10	7	3	22	21.0048	0.0	0
1:19:56:10	7	3	22	21.0048	0.0	0
1:19:56:10	7	3	22	21.0048	0.0	0
1:19:56:10	7	3	22	21.0048	0.0	0
1:19:56:10	7	3	22	21.0048	0.0	0
1:19:56:10	7	3	22	21.0048	0.0	0
1:19:56:10	7	3	22	21.0048	0.0	0
1:19:56:10	7	3	22	21.0048	0.0	0
1:19:56:10	7	3	22	21.0048	0.0	0
1:19:56:10	7	3	22	21.0048	0.0	0
1:19:56:10	7	3	22	21.0048	0.0	0
1:19:56:10	7	3	22	21.0048	0.0	0
1:19:56:10	7	3	22	21.0048	0.0	0
1:19:56:10	7	3	22	21.0048	0.0	0
1:19:56:10	7	3	22	21.0048	0.0	0
1:19:56:10	7	3	22	21.0048	0.0	0
1:19:56:10	7	3	22	21.0048	0.0	0
1:19:56:10	7	3	22	21.0048	0.0	0
1:19:56:10	7	3	22	21.0048	0.0	0
1:19:56:10	7	3	22	21.0048	0.0	0
1:19:56:10	7	3	22	21.0048	0.0	0
1:19:56:10	7	3	22	21.0048	0.0	0
1:19:56:10	7	3	22	21.0048	0.0	0
1:19:56:10	7	3	22	21.0048	0.0	0
1:19:56:10	7	3	22	21.0048	0.0	0
1:19:56:10	7	3	22	21.0048	0.0	0
1:19:56:10	7	3	22	21.0048	0.0	0
1:19:56:10	7	3	22	21.0048	0.0	0
1:19:56:10	7	3	22	21.0048	0.0	0
1:19:56:10	7	3	22	21.0048	0.0	0
1:19:56:10	7	3	22	21.0048	0.0	0
1:19:56:10	7	3	22	21.0048	0.0	0
1:19:56:10	7	3	22	21.0048	0.0	0
1:19:56:10	7	3	22	21.0048	0.0	0
1:19:56:10	7	3	22	21.0048	0.0	0
1:19:56:10	7	3	22	21.0048	0.0	0
1:19:56:10	7	3	22	21.0048	0.0	0
1:19:56:10	7	3	22	21.0048	0.0	0
1:19:56:10	7	3	22	21.0048	0.0	0
1:19:56:10	7	3	22	21.0048	0.0	0
1:19:56:10	7	3	22	21.0048	0.0	0
1:19:56:10	7	3	22	21.0048	0.0	0
1:19:56:10	7	3	22	21.0048	0.0	0
1:19:56:10	7	3	22	21.0048	0.0	0
1:19:56:10	7	3	22	21.0048	0.0	0
1:19:56:10	7	3	22	21.0048	0.0	0
1:19:56:10	7	3	22	21.0048	0.0	0
1:19:56:10	7	3	22	21.0048	0.0	0
1:19:56:10	7	3	22	21.0048	0.0	0
1:19:56:10	7	3	22	21.0048	0.0	0
1:19:56:10	7	3	22	21.0048	0.0	0
1:19:56:10	7	3	22	21.0048	0.0	0
1:19:56:10	7	3	22	21.0048	0.0	0
1:19:56:10	7	3	22	21.0048	0.0	0
1:19:56:10	7	3	22	21.0048	0.0	0
1:19:56:10	7	3	22	21.0048	0.0	0
1:19:56:10	7	3	22	21.0048	0.0	0
1:19:56:10	7	3	22	21.0048	0.0	0
1:19:56:10	7	3	22	21.0048	0.0	0
1:19:56:10	7	3	22	21.0048	0.0	0
1:19:56:10	7	3	22	21.0048	0.0	0
1:19:56:10	7	3	22	21.0048	0.0	0
1:19:56:10	7	3	22	21.0048	0.0	0
1:19:56:10	7	3	22	21.0048	0.0	0
1:19:56:10	7	3	22	21.0048	0.0	0
1:19:56:10	7	3	22	21.0048	0.0	0
1:19:56:10	7	3	22	21.0048	0.0	0
1:19:56:10	7	3	22	21.0048	0.0	0
1:19:56:10	7	3	22	21.0048	0.0	0
1:19:56:10	7	3	22	21.0048	0.0	0
1:19:56:10	7	3	22	21.0048	0.0	0
1:19:56:10	7	3	22	21.0048	0.0	0
1:19:56:10	7	3	22	21.0048	0.0	0
1:19:56:10	7	3	22	21.0048	0.0	0
1:19:56:10	7	3	22	21.0048	0.0	0
1:19:56:10	7	3	22	21.0048	0.0	0
1:19:56:10	7	3	22	21.0048	0.0	0
1:19:56:10	7	3	22	21.0048	0.0	0
1:19:56:10	7	3	22	21.0048	0.0	0
1:19:56:10	7	3	22	21.0048	0.0	0
1:19:56:10	7	3	22	21.0048	0.0	0
1:19:56:10	7	3	22	21.0048	0.0	0
1:19:56:10	7	3	22	21.0048	0.0	0
1:19:56:10	7	3	22	21.0048	0.0	0
1:19:56:10	7	3	22	21.0048	0.0	0
1:19:56:10	7	3	22	21.0048	0.0	0
1:19:56:10	7	3	22	21.0048	0.0	0
1:19:56:10	7	3	22	21.0048	0.0	0
1:19:56:10	7	3	22	21.0048	0.0	0
1:19:56:10	7	3	22	21.0048	0.0	0
1:19:56:10	7	3	22	21.0048	0.0	0
1:19:56:10	7	3	22	21.0048	0.0	0
1:19:56:10	7	3	22	21.0048	0.0	0
1:19:56:10	7	3	22	21.0048	0.0	0
1:19:56:10	7	3	22	21.0048	0.0	0
1:19:56:10	7	3	22	21.0048	0.0	0
1:19:56:10	7	3	22	21.0048	0.0	0
1:19:56:10	7	3	22	21.0048	0.0	0
1:19:56:10	7	3	22	21.0048	0.0	0
1:19:56:10	7	3	22	21.0048	0.0	0
1:19:56:10	7	3	22	21.0048	0.0	0
1:19:56:10	7	3	22	21.0048	0.0	0
1:19:56:10	7	3	22	21.0048	0.0	0
1:19:56:10	7	3	22	21.0048	0.0	0
1:19:56:10	7	3	22	21.0048	0.0	0
1:19:56:10	7	3	22	21.0048	0.0	0
1:19:56:10	7	3	22	21.0048	0.0	0
1:19:56:10	7	3	22	21.0048	0.0	0
1:19:56:10	7	3	22	21.0048	0.0	0
1:19:56:10	7	3	22	21.0048	0.0	0
1:19:56:10	7	3	22	21.0048	0.0	0
1:19:56:10	7	3	22	21.0048	0.0	0
1:19:56:10	7	3	22	21.0048	0.0	0
1:19:56:10	7	3	22	21.0048	0.0	0
1:19:56:10	7	3	22	21.0048	0.0	0
1:19:56:10	7	3	22	21.0048	0.0	0
1:19:56:10	7	3	22	21.0048	0.0	0
1:19:56:10	7	3	22	21.0048	0.0	0
1:19:56:10	7	3	22	21.0048	0.0	0
1:19:56:10	7	3	22	21.0048	0.0	0
1:19:56:10	7	3	22	21.0048	0.0	0
1:19:56:10	7	3	22	21.0048	0.0	0
1:19:56:10	7	3	22	21.0048	0.0	0
1:19:56:10	7	3	22	21.0048	0.0	0
1:19:56:10	7	3	22	21.0048	0.0	0
1:19:56:10	7	3	22	21.0048	0.0	0
1:19:56:10	7	3	22	21.0048	0.0	0
1:19:56:10	7	3	22	21.0048	0.0	0
1:19:56:10	7	3	22	21.0048	0.0	0
1:19:56:10	7	3	22	21.0048	0.0	0
1:19:56:10	7	3	22	21.0048	0.0	0
1:19:56:10	7	3	22	21.0048	0.0	0
1:19:56:10	7	3	22	21.0048	0.0	0
1:19:56:10	7	3	22	21.0048	0.0	0
1:19:56:10	7	3	22	21.0048	0.0	0
1:19:56:10	7	3	22	21.0048	0.0	0
1:19:56:10	7	3	22	21.0048	0.0	0
1:19:56:10	7	3	22	21.0048	0.0	0
1:19:56:10	7	3	22	21.0048	0.0	0
1:19:56:10	7	3	22	21.0048	0.0	0
1:19:56:10	7	3	22	21.0048	0.0	0
1:19:56:10	7	3	22	21.0048	0.0	0
1:19:56:10	7	3	22	21.0048	0.0	0
1:19:56:10	7	3	22	21.0048	0.0	0
1:19:56:10	7	3	22	21.0048	0.0	0
1:19:56:10	7	3	22	21.0048	0.0	0
1:19:56:10	7	3	22	21.0048	0.0	0
1:19:56:10	7	3	22	21.0048	0.0	0
1:19:56:10	7	3	22	21.0048	0.0	0
1:19:56:10	7	3	22	21.0048	0.0	0
1:19:56:10	7	3	22	21.0048	0.0	0
1:19:56:10	7	3	22	21.0048	0.0	0
1:19:56:10	7	3	22	21.0048	0.0	0
1:19:56:10	7	3	22	21.0048	0.0	0
1:19:56:10	7	3	22	21.0048	0.0	0
1:19:56:10	7	3	22	21.0048	0.0	0
1:19:56:10	7	3	22	21.0048	0.0	0
1:19:56:10	7	3	22	21.0048	0.0	0
1:19:56:10	7	3	22	21.0048	0.0	0
1:19:56:10	7	3	22	21.0048	0.0	0
1:19:56:10	7	3	22	21.0048	0.0	0
1:19:56:10	7	3	22	21.0048	0.0	0
1:19:56:10	7	3	22	21.0048	0.0	0
1:19:56:10	7	3	22	21.0048	0.0	0
1:19:56:10	7	3	22	21.0048	0.0	0
1:19:56:10	7	3	22	21.0048	0.0	0
1:19:56:10	7	3	22	21.0048	0.0	0
1:19:56:10	7	3	22	21.0048	0.0	0
1:19:56:10	7	3	22	21.0048	0.0	0
1:19:56:10	7	3	22	21.0048	0.0	0
1:19:56:10	7	3	22	21.0048	0.0	0
1:19:56:10	7	3	22	21.0048	0.0	0
1:19:56:10	7	3	22	21.0048	0.0	0
1:19:56:10	7	3	22	21.0048	0.0	0
1:19:56:10	7	3	22	21.0048	0.0	0
1:19:56:10	7	3	22	21.0048	0.0	0
1:19:56:10	7	3	22	21.0048	0.0	0
1:19:56:10	7	3	22	21.0048	0.0	0
1:19:56:10	7	3	22	21.0048	0.0	0
1:19:56:10	7	3	22	21.0048	0.0	0
1:19:56:10	7	3	22	21.0048	0.0	0
1:19:56:10	7	3	22	21.0048	0.0	0
1:19:56:10	7	3	22	21.0048	0.0	0
1:19:56:10	7	3	22	21.0048	0.0	0
1:19:56:10	7	3	22	21.0048	0.0	0
1:19:56:10	7	3	22	21.0048	0.0	0
1:19:56:10	7	3	22	21.0048	0.0	0
1:19:56:10	7	3	22	21.0048	0.0	0
1:19:56:10	7	3	22	21.0048	0.0	0
1:19:56:10	7	3	22	21.0048	0.0	0
1:19:56:10	7	3	22	21.0048	0.0	0
1:19:56:10	7	3	22	21.0048	0.0	0
1:19:56:10	7	3	22	21.0048	0.0	0
1:19:56:10	7	3	22	21.0048	0.0	0
1:19:56:10	7	3	22	21.0048	0.0	0
1:19:56:10	7	3	22	21.0048	0.0	0
1:19:56:10	7	3	22	21.0048	0.0	0
1:19:56:10	7	3	22	21.0048	0.0	0
1:19:56:10	7	3	22	21.0048	0.0	0
1:19:56:10	7	3	22	21.0048	0.0	0
1:19:56:10	7	3	22	21.0048	0.0	0
1:19:56:10	7	3	22	21.0048	0.0	0
1:19:56:10	7	3	22	21.0048	0.0	0
1:19:56:10	7	3	22	21.0048	0.0	0
1:19:56:10	7	3	22	21.0048	0.0	0
1:19:56:10	7	3	22	21.0048	0.0	0
1:19:56:10	7	3	22	21.0048	0.0	0
1:19:56:10	7	3	22	21.0048	0.0	0
1:19:56:10	7	3	22	21.0048	0.0	0
1:19:56:10	7	3	22	21.0048	0.0	0
1:19:56:10	7	3	22	21.0048	0.0	0
1:19:56:10	7	3	22	21.0048	0.0	0
1:19:56:10	7	3	22	21.0048	0.0	0
1:19:56:10	7	3	22	21.0048	0.0	0
1:19:56:10	7	3	22	21.0048	0.0	0
1:19:56:10	7	3	22	21.0048	0.0	0
1:19:56:10	7	3	22	21.0048	0.0	0
1:19:56:10	7	3	22	21.0048	0.0	0
1:19:56:10	7	3	22	21.0048	0.0	0
1:19:56:10	7	3	22	21.0048	0.0	0
1:19:56:10	7	3	22	21.0048	0.0	0
1:19:56:10	7	3	22	21.0048	0.0	0
1:19:56:10	7	3	22	21.0048	0.0	0
1:19:56:10	7	3	22	21.0048	0.0	0
1:19:56:10	7	3	22	21.0048	0.0	0
1:19:56:10	7	3	22	21.0048	0.0	0
1:19:56:10	7	3	22	21.0048	0.0	0
1:19:56:10	7	3	22	21.0048	0.0	0
1:19:56:10	7	3	22	21.0048	0.0	0
1:19:56:10	7	3	22	21.0048	0.0	0
1:19:56:10	7	3	22	21.0048	0.0	0
1:19:56:10	7	3	22	21.0048	0.0	0
1:19:56:10	7	3	22	21.0048	0.0	0
1:19:56:10	7	3	22	21.0048	0.0	0
1:19:56:10	7	3	22	21.0048	0.0	0
1:19:56:10	7	3	22	21.0048	0.0	0
1:19:56:10	7	3	22	21.0048	0.0	0
1:19:56:10	7	3	22	21.0048	0.0	0
1:19:56:10	7	3	22	21.0048	0.0	0
1:19:56:10	7	3	22	21.0048	0.0	0
1:19:56:10	7	3	22	21.0048	0.0	0
1:19:56:10	7	3	22	21.0048	0.0	0
1:19:56:10	7	3	22	21.0048	0.0	0
1:19:56:10	7	3	22	21.0048	0.0	0
1:19:56:10	7	3	22	21.0048	0.0	0
1:19:56:10	7	3	22	21.0048	0.0	0
1:19:56:10	7	3	22	21.0048	0.0	0
1:19:56:10	7	3	22	21.0048	0.0	0
1:19:56:10	7	3	22	21.0048	0.0	0
1:19:56:10	7	3	22	21.0048	0.0	0
1:19:56:10	7	3	22	21.0048	0.0	0
1:19:56:10	7	3	22	21.0048	0.0	0
1:19:56:10	7	3	22	21.0048	0.0	0
1:19:56:10	7	3	22	21.0048	0.0	0
1:19:56:10	7	3	22	21.0048	0.0	0
1:19:56:10	7	3	22	21.0048	0.0	0
1:19:56:10	7	3	22	21.0048	0.0	0
1:19:56:10	7	3	22	21.0048	0.0	0
1:19:56:10	7	3	22	21.0048	0.0	0
1:19:56:10	7	3	22	21.0048	0.0	0
1:19:56:10	7	3	22	21.0048	0.0	0
1:19:56:10	7	3	22	21.0048	0.0	0
1:19:56:10	7	3	22	21.0048	0.0	0
1:19:56:10	7	3	22	21.0048	0.0	0
1:19:56:10	7	3	22	21.0048	0.0	0
1:19:56:10	7	3	22	21.0048	0.0	0
1:19:56:10	7	3	22	21.0048	0.0	0
1:19:56:10	7	3	22	21.0048	0.0	0
1:19:56:10	7	3	22	21.0048	0.0	0
1:19:56:10	7	3	22	21.0048	0.0	0
1:19:56:10	7	3	22	21.0048	0.0	0
1:19:56:10	7	3	22	21.0048	0.0	0
1:19:56:10	7	3	22	21.0048	0.0	0
1:19:56:10	7	3	22	21.0048	0.0	0
1:19:56:10	7	3	22	21.0048	0.0	0
1:19:56:10	7	3	22	21.0048	0.0	0
1:19:56:10	7	3	22	21.0048	0.0	0
1:19:56:10	7	3	22	21.0048	0.0	0
1:19:56:10	7	3	22	21.0048	0.0	0
1:19:56:10	7	3	22	21.0048	0.0	0
1:19:56:10	7	3	22	21.0048	0.0	0
1:19:56:10	7	3	22	21.0048	0.0	0
1:19:56:10	7	3	22	21.0048	0.0	0
1:19:56:10	7	3	22	21.0048	0.0	0
1:19:56:10	7	3	22	21.0048	0.0	0
1:19:56:10	7	3	22	21.0048	0.0	0
1:19:56:10	7	3	22	21.0048	0.0	0
1:19:56:10	7	3	22	21.0048	0.0	0
1:19:56:10	7	3	22	21.0048	0.0	0
1:19:56:10	7	3	22	21.0048	0.0	0
1:19:56:10	7	3	22	21.0048	0.0	0
1:19:56:10	7	3	22	21.0048	0.0	0
1:19:56:10	7	3	22	21.0048	0.0	0
1:19:56:10	7	3	22	21.0048	0.0	0
1:19:56:10	7	3	22	21.0048	0.0	0
1:19:56:10	7	3	22	21.0048	0.0	0
1:19:56:10	7	3	22	21.0048	0.0	0
1:19:56:10	7	3	22	21.0048	0.0	0
1:19:56:10	7	3	22	21.0048	0.0	0
1:19:56:10	7	3	22	21.0048	0.0	0
1:19:56:10	7	3	22	21.0048	0.0	0
1:19:56:10	7	3	22	21.0048	0.0	0
1:19:56:10	7	3	22	21.0048	0.0	0
1:19:56:10	7	3	22	21.0048	0.0	0
1:19:56:10	7	3	22	21.0048	0.0	0
1:19:56:10	7	3	22	21.0048	0.0	0
1:19:56:10	7	3	22	21.0048	0.0	0
1:19:56:10	7	3	22	21.0048	0.0	0
1:19:56:10	7	3	22	21.0048	0.0	0
1:19:56:10	7	3	22	21.0048	0.0	0
1:19:56:10	7	3	22	21.0048	0.0	0
1:19:56:10	7	3	22	21.0048	0.0	0
1:19:56:10	7	3	22	21.0048	0.0	0
1:19:56:10	7	3	22	21.0048	0.0	0
1:19:56:10	7	3	22	21.0048	0.0	0
1:19:56:10	7	3	22	21.0048	0.0	0
1:19:56:10	7	3	22	21.0048	0.0	0
1:19:56:10	7	3	22	21.0048	0.0	0
1:19:56:10	7	3	22	21.0048	0.0	0
1:19:56:10	7	3	22	21.0048	0.0	0
1:19:56:10	7	3	22	21.0048	0.0	0
1:19:56:10	7	3	22	21.0048	0.0	0
1:19:56:10	7	3	22	21.0048	0.0	0
1:19:56:10	7	3	22	21.0048	0.0	0
1:19:56:10	7	3	22	21.0048	0.0	0
1:19:56:10	7	3	22	21.0048	0.0	0
1:19:56:10	7	3	22	21.0048	0.0	0
1:19:56:10	7	3	22	21.0048	0.0	0
1:19:56:10	7	3	22	21.0048	0.0	0
1:19:56:10	7	3	22	21.0048	0.0	0
1:19:56:10	7	3	22	21.0048	0.0	0
1:19:56:10	7	3	22	21.0048	0.0	0
1:19:56:10	7	3	22	21.0048	0.0	0
1:19:56:10	7	3	22	21.0048	0.0	0
1:19:56:10	7	3	22	21.0048	0.0	0
1:19:56:10	7	3	22	21.0048	0.0	0
1:19:56:10	7	3	22	21.0048	0.0	0
1:19:56:10	7	3	22	21.0048	0.0	0
1:19:56:10	7	3	22	21.0048	0.0	0
1:19:56:10	7	3	22	21.0048	0.0	0
1:19:56:10	7	3	22	21.0048	0.0	0
1:19:56:10	7	3	22	21.0048	0.0	0
1:19:56:10	7	3	22	21.0048	0.0	0
1:19:56:10	7	3	22	21.0048	0.0	0
1:19:56:10	7	3	22	21.0048	0.0	0
1:19:56:10	7	3	22	21.0048	0.0	0
1:19:56:10	7	3	22	21.0048	0.0	0
1:19:56:10	7	3	22	21.0048	0.0	0
1:19:56:10	7	3	22	21.0048	0.0	0
1:19:56:10	7	3	22	21.0048	0.0	0
1:19:56:10	7	3	22	21.0048	0.0	0
1:19:56:10	7	3	22	21.0048	0.0	0
1:19:56:10	7	3	22	21.0048	0.0	0
1:19:56:10	7	3	22	21.0048	0.0	0
1:19:56:10	7	3	22	21.0048	0.0	0
1:19:56:10	7	3	22	21.0048	0.0	0
1:19:56:10	7	3	22	21.0048	0.0	0
1:19:56:10	7	3	22	21.0048	0.0	0
1:19:56:10	7	3	22	21.0048	0.0	0
1:19:56:10	7	3	22	21.0048	0.0	0
1:19:56:10	7	3	22	21.0048	0.0	0
1:19:56:10	7	3	22	21.0048	0.0	0
1:19:56:10	7	3	22	21.0048	0.0	0
1:19:56:10	7	3	22	21.0048	0.0	0
1:19:56:10	7	3	22	21.0048	0.0	0
1:19:56:10	7	3	22	21.0048	0.0	0
1:19:56:10	7	3	22	21.0048	0.0	0
1:19:56:10	7	3	22	21.0048	0.0	0
1:19:56:10	7	3	22	21.0048	0.0	0
1:19:56:10	7	3	22	21.0048	0.0	0
1:19:56:10	7	3	22	21.0048	0.0	0
1:19:56:10	7	3	22	21.0048	0.0	0
1:19:56:10	7	3	22	21.0048	0.0	0
1:19:56:10	7	3	22	21.0048	0.0	0
1:19:56:10	7	3	22	21.0048	0.0	0
1:19:56:10	7	3	22	21.0048	0.0	0
1:19:56:10	7	3	22	21.0048	0.0	0
1:19:56:10	7	3	22	21.0048	0.0	0
1:19:56:10	7	3	22	21.0048	0.0	0
1:19:56:10	7	3	22	21.0048	0.0	0
1:19:56:10	7	3	22	21.0048	0.0	0
1:19:56:10	7	3	22	21.0048	0.0	0
1:19:56:10	7	3	22	21.0048	0.0	0
1:19:56:10	7	3	22	21.0048	0.0	0
1:19:56:10	7	3	22	21.0048	0.0	0
1:19:56:10	7	3	22	21.0048	0.0	0
1:19:56:10	7	3	22	21.0048	0.0	0
1:19:56:10	7	3	22	21.0048	0.0	0
1:19:56:10	7	3	22	21.0048	0.0	0
1:19:56:10	7	3	22	21.0048	0.0	0
1:19:56:10	7	3	22	21.0048	0.0	0
1:19:56:10	7	3	22	21.0048	0.0	0
1:19:56:10	7	3	22	21.0048	0.0	0
1:19:56:10	7	3	22	21.0048	0.0	0
1:19:56:10	7	3	22	21.0048	0.0	0
1:19:56:10	7	3	22	21.0048	0.0	0
1:19:56:10	7	3	22	21.0048	0.0	0
1:19:56:10	7	3	22	21.0048	0.0	0
1:19:56:10	7	3	22	21.0048	0.0	0
1:19:56:10	7	3	22	21.0048	0.0	0
1:19:56:10	7	3	22	21.0048	0.0	0
1:19:56:10	7	3	22	21.0048	0.0	0
1:19:56:10	7	3	22	21.0048	0.0	0
1:19:56:10	7	3	22	21.0048	0.0	0
1:19:56:10	7	3	22	21.0048	0.0	0
1:19:56:10	7	3	22	21.0048	0.0	0
1:19:56:10	7	3	22	21.0048	0.0	0
1:19:56:10	7	3	22	21.0048	0.0	0
1:19:56:10	7	3	22	21.0048	0.0	0
1:19:56:10	7	3	22	21.0048	0.0	0
1:19:56:10	7	3	22	21.0048	0.0	0
1:19:56:10	7	3	22	21.0048	0.0	0
1:19:56:10	7	3	22	21.0048	0.0	0
1:19:56:10	7	3	22	21.0048	0.0	0
1:19:56:10	7	3	22	21.0048	0.0	0
1:19:56:10	7	3	22	21.0048	0.0	0
1:19:56:10	7	3	22	21.0048	0.0	0
1:19:56:10	7	3	22	21.0048	0.0	0
1:19:56:10	7	3	22	21.0048	0.0	0
1:19:56:10	7	3	22	21.0048	0.0	0
1:19:56:10	7	3	22	21.0048	0.0	0
1:19:56:10	7	3	22	21.0048	0.0	0
1:19:56:10	7	3	22	21.0048	0.0	0
1:19:56:10	7	3	22	21.0048	0.0	0
1:19:56:10	7	3	22	21.0048	0.0	0
1:19:56:10	7	3	22	21.0048	0.0	0
1:19:56:10	7	3	22	21.0048	0.0	0
1:19:56:10	7	3	22	21.0048	0.0	0
1:19:56:10	7	3	22	21.0048	0.0	0
1:19:56:10	7	3	22	21.0048	0.0	0
1:19:56:10	7	3	22	21.0048	0.0	0
1:19:56:10	7	3	22	21.0048	0.0	0
1:19:56:10	7	3	22	21.0048	0.0	0
1:19:56:10	7	3	22	21.0048	0.0	0
1:19:56:10	7	3	22	21.0048	0.0	0
1:19:56:10	7	3	22	21.0048	0.0	0
1:19:56:10	7	3	22	21.0048	0.0	0
1:19:56:10	7	3	22	21.0048	0.0	0
1:19:56:10	7	3	22	21.0048	0.0	0
1:19:56:10	7	3	22	21.0048	0.0	0
1:19:56:10	7	3	22	21.0048	0.0	0
1:19:56:10	7	3	22	21.0048	0.0	0
1:19:56:10	7	3	22	21.0048	0.0	0
1:19:56:10	7	3	22	21.0048	0.0	0
1:19:56:10	7	3	22	21.0048	0.0	0
1:19:56:10	7	3	22	21.0048	0.0	0
1:19:56:10	7	3	22	21.0048	0.0	0
1:19:56:10	7	3	22	21.0048	0.0	0
1:19:56:10	7	3	22	21.0048	0.0	0
1:19:56:10	7	3	22	21.0048	0.0	0
1:19:56:10	7	3	22	21.0048	0.0	0
1:19:56:10	7	3	22	21.0048	0.0	0
1:19:56:10	7	3	22	21.0048	0.0	0
1:19:56:10	7	3	22	21.0048	0.0	0
1:19:56:10	7	3	22	21.0048	0.0	0
1:19:56:10	7	3	22	21.0048	0.0	0
1:19:56:10	7	3	22	21.0048	0.0	0
1:19:56:10	7	3	22	21.0048	0.0	0
1:19:56:10	7	3	22	21.0048	0.0	0
1:19:56:10	7	3	22	21.0048	0.0	0
1:19:56:10	7	3	22	21.0048	0.0	0
1:19:56:10	7	3	22	21.0048	0.0	0
1:19:56:10	7	3	22	21.0048	0.0	0
1:19:56:10	7	3	22	21.0048	0.0	0
1:19:56:10	7	3	22	21.0048	0.0	0
1:19:56:10	7	3	22	21.0048	0.0	0
1:19:56:10	7	3	22	21.0048	0.0	0
1:19:56:10	7	3	22	21.0048	0.0	0
1:19:56:10	7	3	22	21.0048	0.0	0
1:19:56:10	7	3	22	21.0048	0.0	0
1:19:56:10	7	3	22	21.0048	0.0	0
1:19:56:10	7	3	22	21.0048	0.0	0
1:19:56:10	7	3	22	21.0048	0.0	0
1:19:56:10	7	3	22	21.0048	0.0	0
1:19:56:10	7	3	22	21.0048	0.0	0
1:19:56:10	7	3	22	21.0048	0.0	0
1:19:56:10	7	3	22	21.0048	0.0	0
1:19:56:10	7	3	22	21.0048	0.0	0
1:19:56:10	7	3	22	21.0048	0.0	0
1:19:56:10	7	3	22	21.0048	0.0	0
1:19:56:10	7	3	22	21.0048	0.0	0
1:19:56:10	7	3	22	21.0048	0.0	0
1:19:56:10	7	3	22	21.0048	0.0	0
1:19:56:10	7	3	22	21.0048	0.0	0
1:19:56:10	7	3	22	21.0048	0.0	0
1:19:56:10	7	3	22	21.0048	0.0	0
1:19:56:10	7	3	22	21.0048	0.0	0
1:19:56:10	7	3	22	21.0048	0.0	0
1:19:56:10	7	3	22	21.0048	0.0	0
1:19:56:10	7	3	22	21.0048	0.0	0
1:19:56:10	7	3	22	21.0048	0.0	0
1:19:56:10	7	3	22	21.0048	0.0	0
1:19:56:10	7	3	22	21.0048	0.0	0
1:19:56:10	7	3	22	21.0048	0.0	0
1:19:56:10	7	3	22	21.0048	0.0	0
1:19:56:10	7	3	22	21.0048	0.0	0
1:19:56:10	7	3	22	21.0048	0.0	0
1:19:56:10	7	3	22	21.0048	0.0	0
1:19:56:10	7	3	22	21.0048	0.0	0
1:19:56:10	7	3	22	21.0048	0.0	0
1:19:56:10	7	3	22	21.0048	0.0	0
1:19:56:10	7	3	22	21.0048	0.0	0
1:19:56:10	7	3	22	21.0048	0.0	0
1:19:56:10	7	3	22	21.0048	0.0	0
1:19:56:10	7	3	22	21.0048	0.0	0
1:19:56:10	7	3	22	21.0048	0.0	0
1:19:56:10	7	3	22	21.0048	0.0	0
1:19:56:10	7	3	22	21.0048	0.0	0
1:19:56:10	7	3	22	21.0048	0.0	0
1:19:56:10	7	3	22	21.0048	0.0	0
1:19:56:10	7	3	22	21.0048	0.0	0
1:19:56:10	7	3	22	21.0048	0.0	0
1:19:56:10	7	3	22	21.0048	0.0	0
1:19:56:10	7	3	22	21.0048	0.0	0
1:19:56:10	7	3	22	21.0048	0.0	0
1:19:56:10	7	3	22	21.0048	0.0	0
1:19:56:10	7	3	22	21.0048	0.0	0
1:19:56:10	7	3	22	21.0048	0.0	0
1:19:56:10	7	3	22	21.0048	0.0	0
1:19:56:10	7	3	22	21.0048	0.0	0
1:19:56:10	7	3	22	21.0048	0.0	0
1:19:56:10	7	3	22	21.0048	0.0	0
1:19:56:10	7	3	22	21.0048	0.0	0
1:19:56:10	7	3	22	21.0048	0.0	0
1:19:56:10	7	3	22	21.0048	0.0	0
1:19:56:10	7	3	22	21.0048	0.0	0
1:19:56:10	7	3	22	21.0048	0.0	0
1:19:56:10	7	3	22	21.0048	0.0	0
1:19:56:10	7	3	22	21.0048	0.0	0
1:19:56:10	7	3	22	21.0048	0.0	0
1:19:56:10	7	3	22	21.0048	0.0	0
1:19:56:10	7	3	22	21.0048	0.0	0
1:19:56:10	7	3	22	21.0048	0.0	0
1:19:56:10	7	3	22	21.0048	0.0	0
1:19:56:10	7	3	22	21.0048	0.0	0
1:19:56:10	7	3	22	21.0048	0.0	0
1:19:56:10	7	3	22	21.0048	0.0	0
1:19:56:10	7	3	22	21.0048	0.0	0
1:19:56:10	7	3	22	21.0048	0.0	0
1:19:56:10	7	3	22	21.0048	0.0	0
1:19:56:10	7	3	22	21.0048	0.0	0
1:19:56:10	7	3	22	21.0048	0.0	0
1:19:56:10	7	3	22	21.0048	0.0	0
1:19:56:10	7	3	22	21.0048	0.0	0
1:19:56:10	7	3	22	21.0048	0.0	0
1:19:56:10	7	3	22	21.0048	0.0	0
1:19:56:10	7	3	22	21.0048	0.0	0
1:19:56:10	7	3	22	21.0048	0.0	0
1:19:56:10	7	3	22	21.0048	0.0	0
1:19:56:10	7	3	22	21.0048	0.0	0
1:19:56:10	7	3	22	21.0048	0.0	0
1:19:56:10	7	3	22	21.0048	0.0	0
1:19:56:10	7	3	22	21.0048	0.0	0
1:19:56:10	7	3	22	21.0048	0.0	0
1:19:56:10	7	3	22	21.0048	0.0	0
1:19:56:10	7	3	22	21.0048	0.0	0
1:19:56:10	7	3	22	21.0048	0.0	0
1:19:56:10	7	3	22	21.0048	0.0	0
1:19:56:10	7	3	22	21.0048	0.0	0
1:19:56:10	7	3	22	21.0048	0.0	0
1:19:56:10	7	3	22	21.0048	0.0	0
1:19:56:10	7	3	22	21.0048	0.0	0
1:19:56:10	7	3	22	21.0048	0.0	0
1:19:56:10	7	3	22	21.0048	0.0	0
1:19:56:10	7	3	22	21.0048	0.0	0
1:19:56:10	7	3	22	21.0048	0.0	0
1:19:56:10	7	3	22	21.0048	0.0	0
1:19:56:10	7	3	22	21.0048	0.0	0
1:19:56:10	7	3	22	21.0048	0.0	0
1:19:56:10	7	3	22	21.0048	0.0	0
1:19:56:10	7	3	22	21.0048	0.0	0
1:19:56:10	7	3	22	21.0048	0.0	0
1:19:56:10	7	3	22	21.0048	0.0	0
1:19:56:10	7	3	22	21.0048	0.0	0
1:19:56:10	7	3	22	21.0048	0.0	0
1:19:56:10	7	3	22	21.0048	0.0	0
1:19:56:10	7	3	22	21.0048	0.0	0
1:19:56:10	7	3	22	21.0048	0.0	0
1:19:56:10	7	3	22	21.0048	0.0	0
1:19:56:10	7	3	22	21.0048	0.0	0
1:19:56:10	7	3	22	21.0048	0.0	0
1:19:56:10	7	3	22	21.0048	0.0	0
1:19:56:10	7	3	22	21.0048	0.0	0
1:19:56:10	7	3	22	21.0048	0.0	0
1:19:56:10	7	3	22	21.0048	0.0	0
1:19:56:10	7	3	22	21.0048	0.0	0
1:19:56:10	7	3	22	21.0048	0.0	0
1:19:56:10	7	3	22	21.0048	0.0	0
1:19:56:10	7	3	22	21.0048	0.0	0
1:19:56:10	7	3	22	21.0048	0.0	0
1:19:56:10	7	3	22	21.0048	0.0	0
1:19:56:10	7	3	22	21.0048	0.0	0
1:19:56:10	7	3	22	21.0048	0.0	0
1:19:56:10	7	3	22	21.0048	0.0	0
1:19:56:10	7	3	22	21.0048	0.0	0
1:19:56:10	7	3	22	21.0048	0.0	0
1:19:56:10	7	3	22	21.0048	0.0	0
1:19:56:10	7	3	22	21.0048	0.0	0
1:19:56:10	7	3	22	21.0048	0.0	0
1:19:56:10	7	3	22	21.0048	0.0	0
1:19:56:10	7	3	22	21.0048	0.0	0
1:19:56:10	7	3	22	21.0048	0.0	0
1:19:56:10	7	3	22	21.0048	0.0	0
1:19:56:10	7	3	22	21.0048	0.0	0
1:19:56:10	7	3	22	21.0048	0.0	0
1:19:56:10	7	3	22	21.0048	0.0	0
1:19:56:10	7	3	22	21.0048	0.0	0
1:19:56:10	7	3	22	21.0048	0.0	0
1:19:56:10	7	3	22	21.0048	0.0	0
1:19:56:10	7	3	22	21.0048	0.0	0
1:19:56:10	7	3	22	21.0048	0.0	0
1:19:56:10	7	3	22	21.0048	0.0	0
1:19:56:10	7	3	22	21.0048	0.0	0
1:19:56:10	7	3	22	21.0048	0.0	0
1:19:56:10	7	3	22	21.0048	0.0	0
1:19:56:10	7	3	22	21.0048	0.0	0
1:19:56:10	7	3	22	21.0048	0.0	0
1:19:56:10	7	3	22	21.0048	0.0	0
1:19:56:10	7	3	22	21.0048	0.0	0
1:19:56:10	7	3	22	21.0048	0.0	0
1:19:56:10	7	3	22	21.0048	0.0	0
1:19:56:10	7	3	22	21.0048	0.0	0
1:19:56:10	7	3	22	21.0048	0.0	0
1:19:56:10	7	3	22	21.0048	0.0	0
1:19:56:10	7	3	22	21.0048	0.0	0
1:19:56:10	7	3	22	21.0048	0.0	0
1:19:56:10	7	3	22	21.0048	0.0	0
1:19:56:10	7	3	22	21.0048	0.0	0
1:19:56:10	7	3	22	21.0048	0.0	0
1:19:56:10	7	3	22	21.0048	0.0	0
1:19:56:10	7	3	22	21.0048	0.0	0
1:19:56:10	7	3	22	21.0048	0.0	0
1:19:56:10	7	3	22	21.0048	0.0	0
1:19:56:10	7	3	22	21.0048	0.0	0
1:19:56:10	7	3	22	21.0048	0.0	0
1:19:56:10	7	3	22	21.0048	0.0	0
1:19:56:10	7	3	22	21.0048	0.0	0
1:19:56:10	7	3	22	21.0048	0.0	0
1:19:56:10	7	3	22	21.0048	0.0	0
1:19:56:10	7	3	22	21.0048	0.0	0
1:19:56:10	7	3	22	21.0048	0.0	0
1:19:56:10	7	3	22	21.0048	0.0	0
1:19:56:10	7	3	22	21.0048	0.0	0
1:19:56:10	7	3	22	21.0048	0.0	0
1:19:56:10	7	3	22	21.0048	0.0	0
1:19:56:10	7	3	22	21.0048	0.0	0
1:19:56:10	7	3	22	21.0048	0.0	0
1:19:56:10	7	3	22	21.0048	0.0	0
1:19:56:10	7	3	22	21.0048	0.0	0
1:19:56:10	7	3	22	21.0048	0.0	0
1:19:56:10	7	3	22	21.0048	0.0	0
1:19:56:10	7	3	22	21.0048	0.0	0
1:19:56:10	7	3	22	21.0048	0.0	0
1:19:56:10	7	3	22	21.0048	0.0	0
1:19:56:10	7	3	22	21.0048	0.0	0
1:19:56:10	7	3	22	21.0048	0.0	0
1:19:56:10	7	3	22	21.0048	0.0	0
1:19:56:10	7	3	22	21.0048	0.0	0
1:19:56:10	7	3	22	21.0048	0.0	0
1:19:56:10	7	3	22	21.0048	0.0	0
1:19:56:10	7	3	22	21.0048	0.0	0
1:19:56:10	7	3	22	21.0048	0.0	0
1:19:56:10	7	3	22	21.0048	0.0	0
1:19:56:10	7	3	22	21.0048	0.0	0
1:19:56:10	7	3	22	21.0048	0.0	0
1:19:56:10	7	3	22	21.0048	0.0	0
1:19:56:10	7	3	22	21.0048	0.0	0
1:19:56:10	7	3	22	21.0048	0.0	0
1:19:56:10	7	3	22	21.0048	0.0	0
1:19:56:10	7	3	22	21.0048	0.0	0
1:19:56:10	7	3	22	21.0048	0.0	0
1:19:56:10	7	3	22	21.0048	0.0	0
1:19:56:10	7	3	22	21.0048	0.0	0
1:19:56:10	7	3	22	21.0048	0.0	0
1:19:56:10	7	3	22	21.0048	0.0	0
1:19:56:10	7	3	22	21.0048	0.0	0
1:19:56:10	7	3	22	21.0048	0.0	0
1:19:56:10	7	3	22	21.0048	0.0	0
1:19:56:10	7	3	22	21.0048	0.0	0
1:19:56:10	7	3	22	21.0048	0.0	0
