1:20:34:0	7	5	22	20.8091	0.0	0.0
1:20:35:10	7	5	22	21.0711	0.0	0
1:20:36:25	7	5	22	21.2054	9.3661	9.765500000000031
1:20:37:35	7	5	22	21.3381	9.3661	9.24900000000001
1:20:38:50	7	5	22	21.3381	10.7298	11.223500000000008
1:20:40:5	7	5	22	21.4165	6.3843	5.923500000000015
1:20:41:15	7	5	22	21.5304	6.9846	7.317999999999927
1:20:42:30	7	5	22	21.6125	9.7212	10.058500000000006
1:20:43:40	7	5	22	21.7421	10.4544	10.928000000000022
1:20:44:55	7	5	22	21.8899	15.1068	15.535000000000014
1:20:46:5	7	5	22	22.0479	20.8525	21.169500000000028
1:20:47:20	7	5	22	21.89	27.4712	27.88199999999989
1:20:48:35	7	5	22	21.89	16.777	16.277500000000042
1:20:49:45	7	5	22	21.7755	17.8004	18.096000000000014
1:20:51:0	7	5	22	21.7755	11.1504	10.676000000000041
1:20:52:10	7	5	22	21.7755	11.1504	11.27100000000004
1:20:53:25	7	5	22	21.8676	10.6335	10.148500000000045
1:20:54:35	7	5	22	22.0027	14.0552	14.55199999999996
1:20:55:50	7	5	22	22.156	20.2493	20.61450000000006
1:20:57:5	7	5	22	22.3446	27.3383	27.799499999999924
1:20:58:15	7	5	22	21.9923	37.1624	37.596000000000004
1:20:59:30	7	5	22	22.1479	15.7969	15.352000000000011
1:21:0:40	7	5	22	22.3989	29.5152	29.93399999999999
1:21:1:55	7	5	22	22.7502	42.9933	43.39950000000007
1:21:3:10	7	5	22	21.587	62.293	62.70699999999996
1:21:4:20	7	5	22	21.6707	0.0	0
1:21:5:35	7	5	22	21.6707	19.9664	20.405000000000015
1:21:6:45	7	5	22	21.8327	17.9533	17.50300000000001
1:21:8:0	7	5	22	22.0396	25.1082	25.576499999999953
1:21:9:10	7	5	22	21.8744	34.335	34.72400000000002
1:21:10:25	7	5	22	21.8744	22.3657	21.906500000000083
1:21:11:40	7	5	22	21.7168	23.4345	23.75650000000007
1:21:12:50	7	5	22	21.6774	14.1458	13.672499999999946
1:21:14:5	7	5	22	21.6774	12.7716	12.256499999999942
1:21:15:15	7	5	22	21.9145	11.6937	11.234499999999944
1:21:16:30	7	5	22	22.0939	23.5275	23.847500000000036
1:21:17:40	7	5	22	22.3654	30.2099	30.62750000000008
1:21:18:55	7	5	22	21.9707	44.2598	44.69600000000005
1:21:20:10	7	5	22	22.4858	19.2382	18.768500000000042
1:21:21:20	7	5	22	23.1282	55.0798	55.44850000000007
1:21:22:35	7	5	22	19.4256	88.3738	88.69499999999998
1:21:23:45	7	5	22	19.4256	1.1282	0
1:21:25:0	7	5	22	19.5267	42.18	42.667
1:21:26:10	7	5	22	18.6293	36.3757	35.861000000000146
1:21:27:25	7	5	22	18.7601	0.0	0
1:21:28:40	7	5	22	18.8975	4.1119	4.455500000000061
1:21:29:50	7	5	22	19.0165	0.0	0
1:21:31:5	7	5	22	19.0165	0.0	0
1:21:32:15	7	5	22	19.3034	0.0	0
1:21:33:30	7	5	22	19.4257	1.9121	2.296499999999959
1:21:34:40	7	5	22	19.5818	0.0	0
1:21:35:55	7	5	22	19.7328	0.0	0
1:21:37:5	7	5	22	19.8777	0.0	0
1:21:38:20	7	5	22	20.0313	0.0	0
1:21:39:35	7	5	22	20.103	0.0	0
1:21:40:45	7	5	22	20.103	0.0	0
1:21:42:0	7	5	22	20.3061	0.0	0
1:21:43:10	7	5	22	20.4635	2.2099	2.700999999999958
1:21:44:25	7	5	22	20.5647	1.1709	0.6289999999999196
1:21:45:35	7	5	22	20.6929	0.0	0
1:21:46:50	7	5	22	20.7552	0.0	0
1:21:48:5	7	5	22	20.8312	0.0	0
1:21:49:15	7	5	22	21.055	0.0	0
1:21:50:30	7	5	22	21.1673	6.09	6.4440000000000275
1:21:51:40	7	5	22	21.2342	5.5819	5.100000000000087
1:21:52:55	7	5	22	21.3151	3.7615	3.2660000000000977
1:21:54:5	7	5	22	21.3151	3.7615	3.287500000000083
1:21:55:20	7	5	22	21.6098	0.0	0
1:21:56:35	7	5	22	21.7378	13.8327	14.257499999999936
1:21:57:45	7	5	22	21.7378	15.118	15.56599999999996
1:21:59:0	7	5	22	21.7378	12.8758	12.334999999999958
1:22:0:10	7	5	22	21.8753	11.4679	11.023999999999958
1:22:1:25	7	5	22	22.0407	17.6041	17.962999999999916
1:22:2:35	7	5	22	22.2432	24.7352	25.20100000000003
1:22:3:50	7	5	22	22.3282	34.6343	35.07350000000004
1:22:5:5	7	5	22	22.0233	37.8932	38.351999999999876
1:22:6:15	7	5	22	22.4451	20.8855	20.423999999999914
1:22:7:25	7	5	22	22.9754	49.9593	50.42199999999997
1:22:8:35	7	5	22	21.0517	77.7105	78.13849999999998
1:22:9:50	7	5	22	21.0517	0.0	0
1:22:11:0	7	5	22	21.1428	23.7899	24.114000000000004
1:22:12:15	7	5	22	20.9554	23.7899	24.838500000000057
1:22:13:25	7	5	22	21.0091	8.3882	7.942000000000036
1:22:14:40	7	5	22	21.1306	8.3882	8.751999999999995
1:22:15:55	7	5	22	21.2614	10.0037	10.282000000000071
1:22:17:5	7	5	22	21.3393	11.6656	11.96049999999989
1:22:18:20	7	5	22	21.3393	11.4777	10.979500000000115
1:22:19:30	7	5	22	21.4603	6.9741	6.507500000000075
1:22:20:45	7	5	22	21.5811	10.0482	10.464000000000002
1:22:22:0	7	5	22	21.7119	12.8468	13.19849999999997
1:22:23:10	7	5	22	21.8901	16.8184	17.140000000000022
1:22:24:25	7	5	22	22.1148	23.9623	24.429500000000033
1:22:25:35	7	5	22	22.4282	34.2228	34.68899999999994
1:22:26:50	7	5	22	22.0637	50.3981	50.69650000000004
1:22:28:5	7	5	22	21.7713	26.7906	26.266500000000047
1:22:29:15	7	5	22	21.7713	14.9649	14.508500000000005
1:22:30:30	7	5	22	21.7713	17.4681	17.751000000000015
1:22:31:40	7	5	22	21.9378	17.0553	16.607500000000016
1:22:32:55	7	5	22	22.1396	25.1496	25.45399999999997
1:22:34:10	7	5	22	22.1035	34.3653	34.75350000000011
1:22:35:20	7	5	22	21.9612	30.748	30.258500000000016
1:22:36:35	7	5	22	21.9612	23.2755	22.77950000000011
1:22:37:45	7	5	22	21.8293	24.3782	24.7200000000001
1:22:39:0	7	5	22	22.0345	17.1783	16.612000000000005
1:22:40:15	7	5	22	22.3042	29.6895	30.049000000000113
