1:22:33:50	7	9	22	25.3441	99.5921	99.5921
1:22:35:0	7	9	22	25.3441	99.5921	100
1:22:36:15	7	9	22	25.3441	99.5921	100
1:22:37:25	7	9	22	25.3441	99.5921	100
1:22:38:40	7	9	22	25.3441	99.5921	100
1:22:39:50	7	9	22	25.3441	99.5921	100
1:22:41:5	7	9	22	25.3441	99.5921	100
1:22:42:15	7	9	22	25.3441	99.5921	100
1:22:43:30	7	9	22	25.3441	99.5921	100
1:22:44:40	7	9	22	25.3441	99.5921	100
1:22:45:55	7	9	22	25.3441	99.5921	100
1:22:47:5	7	9	22	25.3441	99.5921	100
1:22:48:20	7	9	22	25.3441	99.5921	100
1:22:49:30	7	9	22	25.3441	99.5921	100
1:22:50:45	7	9	22	25.3441	99.5921	100
1:22:51:55	7	9	22	25.3441	99.5921	100
1:22:53:10	7	9	22	25.3441	99.5921	100
1:22:54:20	7	9	22	25.3441	99.5921	100
1:22:55:35	7	9	22	25.3441	99.5921	100
1:22:56:45	7	9	22	25.3441	99.5921	100
1:22:58:0	7	9	22	25.3441	99.5921	100
1:22:59:10	7	9	22	25.3441	99.5921	100
1:23:0:25	7	9	22	25.3441	99.5921	100
1:23:1:35	7	9	22	25.3441	99.5921	100
1:23:2:50	7	9	22	25.3441	99.5921	100
1:23:4:0	7	9	22	25.3441	99.5921	100
1:23:5:15	7	9	22	25.3441	99.5921	100
1:23:6:25	7	9	22	25.3441	99.5921	100
1:23:7:40	7	9	22	25.3441	99.5921	100
1:23:8:50	7	9	22	25.3441	99.5921	100
1:23:10:5	7	9	22	25.3441	99.5921	100
1:23:11:15	7	9	22	25.3441	99.5921	100
1:23:12:30	7	9	22	25.3441	99.5921	100
1:23:13:40	7	9	22	25.3441	99.5921	100
1:23:14:55	7	9	22	25.3441	99.5921	100
1:23:16:5	7	9	22	25.3441	99.5921	100
1:23:17:20	7	9	22	25.3441	99.5921	100
1:23:18:30	7	9	22	25.3441	99.5921	100
1:23:19:45	7	9	22	25.3441	99.5921	100
1:23:20:55	7	9	22	25.3441	99.5921	100
1:23:22:10	7	9	22	25.3441	99.5921	100
1:23:23:20	7	9	22	25.3441	99.5921	100
1:23:24:35	7	9	22	25.3441	99.5921	100
1:23:25:45	7	9	22	25.3441	99.5921	100
1:23:27:0	7	9	22	25.3441	99.5921	100
1:23:28:10	7	9	22	25.3441	99.5921	100
1:23:29:25	7	9	22	25.3441	99.5921	100
1:23:30:35	7	9	22	25.3441	99.5921	100
1:23:31:50	7	9	22	25.3441	99.5921	100
1:23:33:0	7	9	22	25.3441	99.5921	100
1:23:34:15	7	9	22	25.3441	99.5921	100
1:23:35:25	7	9	22	25.3441	99.5921	100
1:23:36:40	7	9	22	25.3441	99.5921	100
1:23:37:50	7	9	22	25.3441	99.5921	100
1:23:39:5	7	9	22	25.3441	99.5921	100
1:23:40:15	7	9	22	25.3441	99.5921	100
1:23:41:30	7	9	22	25.3441	99.5921	100
1:23:42:40	7	9	22	25.3441	99.5921	100
1:23:43:55	7	9	22	25.3441	99.5921	100
1:23:45:5	7	9	22	25.3441	99.5921	100
1:23:46:20	7	9	22	25.3441	99.5921	100
1:23:47:30	7	9	22	25.3441	99.5921	100
1:23:48:45	7	9	22	25.3441	99.5921	100
1:23:49:55	7	9	22	25.3441	99.5921	100
1:23:51:10	7	9	22	25.3441	99.5921	100
1:23:52:20	7	9	22	25.3441	99.5921	100
1:23:53:35	7	9	22	25.3441	99.5921	100
1:23:54:45	7	9	22	25.3441	99.5921	100
1:23:56:0	7	9	22	25.3441	99.5921	100
1:23:57:10	7	9	22	25.3441	99.5921	100
1:23:58:25	7	9	22	25.3441	99.5921	100
1:23:59:35	7	9	22	25.3441	99.5921	100
2:0:0:50	7	9	22	25.3441	99.5921	100
2:0:2:0	7	9	22	25.3441	99.5921	100
2:0:3:15	7	9	22	25.3441	99.5921	100
2:0:4:25	7	9	22	25.3441	99.5921	100
2:0:5:40	7	9	22	25.3441	99.5921	100
2:0:6:50	7	9	22	25.3441	99.5921	100
2:0:8:5	7	9	22	25.3441	99.5921	100
2:0:9:15	7	9	22	25.3441	99.5921	100
2:0:10:30	7	9	22	25.3441	99.5921	100
2:0:11:40	7	9	22	25.3441	99.5921	100
2:0:12:55	7	9	22	25.3441	99.5921	100
2:0:14:5	7	9	22	25.3441	99.5921	100
2:0:15:20	7	9	22	25.3441	99.5921	100
2:0:16:30	7	9	22	25.3441	99.5921	100
2:0:17:45	7	9	22	25.3441	99.5921	100
2:0:18:55	7	9	22	25.3441	99.5921	100
2:0:20:10	7	9	22	25.3441	99.5921	100
2:0:21:20	7	9	22	25.3441	99.5921	100
2:0:22:35	7	9	22	25.3441	99.5921	100
2:0:23:45	7	9	22	25.3441	99.5921	100
2:0:25:0	7	9	22	25.3441	99.5921	100
2:0:26:10	7	9	22	25.3441	99.5921	100
2:0:27:25	7	9	22	25.3441	99.5921	100
2:0:28:35	7	9	22	25.3441	99.5921	100
2:0:29:45	7	9	22	25.3441	99.5921	100
2:0:30:55	7	9	22	25.3441	99.5921	100
2:0:32:10	7	9	22	25.3441	99.5921	100
2:0:33:20	7	9	22	25.3441	99.5921	100
2:0:34:35	7	9	22	25.3441	99.5921	100
2:0:35:45	7	9	22	25.3441	99.5921	100
2:0:37:0	7	9	22	25.3441	99.5921	100
2:0:38:10	7	9	22	25.3441	99.5921	100
2:0:39:25	7	9	22	25.3441	99.5921	100
2:0:40:35	7	9	22	25.3441	99.5921	100
2:0:41:50	7	9	22	25.3441	99.5921	100
2:0:43:0	7	9	22	25.3441	99.5921	100
2:0:44:15	7	9	22	25.3441	99.5921	100
2:0:45:25	7	9	22	25.3441	99.5921	100
2:0:46:40	7	9	22	25.3441	99.5921	100
2:0:47:50	7	9	22	25.3441	99.5921	100
2:0:49:5	7	9	22	25.3441	99.5921	100
2:0:50:15	7	9	22	25.3441	99.5921	100
2:0:51:30	7	9	22	25.3441	99.5921	100
2:0:52:40	7	9	22	25.3441	99.5921	100
2:0:53:55	7	9	22	25.3441	99.5921	100
2:0:55:5	7	9	22	25.3441	99.5921	100
2:0:56:20	7	9	22	25.3441	99.5921	100
2:0:57:30	7	9	22	25.3441	99.5921	100
2:0:58:45	7	9	22	25.3441	99.5921	100
2:0:59:55	7	9	22	25.3441	99.5921	100
2:1:1:10	7	9	22	25.3441	99.5921	100
2:1:2:25	7	9	22	25.3441	99.5921	100
2:1:3:35	7	9	22	25.3441	99.5921	100
2:1:4:45	7	9	22	25.3441	99.5921	100
2:1:6:0	7	9	22	25.3441	99.5921	100
2:1:7:10	7	9	22	25.3441	99.5921	100
2:1:8:25	7	9	22	25.3441	99.5921	100
2:1:9:35	7	9	22	25.3441	99.5921	100
2:1:10:50	7	9	22	25.3441	99.5921	100
2:1:12:0	7	9	22	25.3441	99.5921	100
2:1:13:15	7	9	22	25.3441	99.5921	100
2:1:14:25	7	9	22	25.3441	99.5921	100
2:1:15:40	7	9	22	25.3441	99.5921	100
2:1:16:50	7	9	22	25.3441	99.5921	100
2:1:18:5	7	9	22	25.3441	99.5921	100
2:1:19:20	7	9	22	25.3441	99.5921	100
2:1:20:30	7	9	22	25.3441	99.5921	100
2:1:21:40	7	9	22	25.3441	99.5921	100
2:1:22:55	7	9	22	25.3441	99.5921	100
2:1:24:5	7	9	22	25.3441	99.5921	100
2:1:25:20	7	9	22	25.3441	99.5921	100
2:1:26:30	7	9	22	25.3441	99.5921	100
2:1:27:45	7	9	22	25.3441	99.5921	100
2:1:28:55	7	9	22	25.3441	99.5921	100
2:1:30:10	7	9	22	25.3441	99.5921	100
2:1:31:20	7	9	22	25.3441	99.5921	100
2:1:32:35	7	9	22	25.3441	99.5921	100
2:1:33:50	7	9	22	25.3441	99.5921	100
2:1:35:0	7	9	22	25.3441	99.5921	100
2:1:36:10	7	9	22	25.3441	99.5921	100
2:1:37:25	7	9	22	25.3441	99.5921	100
2:1:38:40	7	9	22	25.3441	99.5921	100
2:1:39:50	7	9	22	25.3441	99.5921	100
2:1:41:5	7	9	22	25.3441	99.5921	100
2:1:42:15	7	9	22	25.3441	99.5921	100
2:1:43:30	7	9	22	25.3441	99.5921	100
2:1:44:40	7	9	22	25.3441	99.5921	100
2:1:45:55	7	9	22	25.3441	99.5921	100
2:1:47:5	7	9	22	25.3441	99.5921	100
2:1:48:15	7	9	22	25.3441	99.5921	100
2:1:49:30	7	9	22	25.3441	99.5921	100
2:1:50:40	7	9	22	25.3441	99.5921	100
2:1:51:55	7	9	22	25.3441	99.5921	100
2:1:53:5	7	9	22	25.3441	99.5921	100
2:1:54:20	7	9	22	25.3441	99.5921	100
2:1:55:35	7	9	22	25.3441	99.5921	100
2:1:56:45	7	9	22	25.3441	99.5921	100
2:1:57:55	7	9	22	25.3441	99.5921	100
2:1:59:10	7	9	22	25.3441	99.5921	100
2:2:0:20	7	9	22	25.3441	99.5921	100
2:2:1:35	7	9	22	25.3441	99.5921	100
2:2:2:45	7	9	22	25.3441	99.5921	100
2:2:4:0	7	9	22	25.3441	99.5921	100
2:2:5:10	7	9	22	25.3441	99.5921	100
2:2:6:25	7	9	22	25.3441	99.5921	100
2:2:7:35	7	9	22	25.3441	99.5921	100
2:2:8:50	7	9	22	25.3441	99.5921	100
2:2:10:0	7	9	22	25.3441	99.5921	100
2:2:11:15	7	9	22	25.3441	99.5921	100
2:2:12:30	7	9	22	25.3441	99.5921	100
2:2:13:40	7	9	22	25.3441	99.5921	100
2:2:14:50	7	9	22	25.3441	99.5921	100
2:2:16:5	7	9	22	25.3441	99.5921	100
2:2:17:15	7	9	22	25.3441	99.5921	100
2:2:18:30	7	9	22	25.3441	99.5921	100
2:2:19:40	7	9	22	25.3441	99.5921	100
2:2:20:55	7	9	22	25.3441	99.5921	100
2:2:22:5	7	9	22	25.3441	99.5921	100
2:2:23:20	7	9	22	25.3441	99.5921	100
2:2:24:30	7	9	22	25.3441	99.5921	100
2:2:25:45	7	9	22	25.3441	99.5921	100
2:2:26:55	7	9	22	25.3441	99.5921	100
2:2:28:10	7	9	22	25.3441	99.5921	100
2:2:29:20	7	9	22	25.3441	99.5921	100
2:2:30:35	7	9	22	25.3441	99.5921	100
2:2:31:45	7	9	22	25.3441	99.5921	100
2:2:33:0	7	9	22	25.3441	99.5921	100
2:2:34:10	7	9	22	25.3441	99.5921	100
2:2:35:25	7	9	22	25.3441	99.5921	100
2:2:36:35	7	9	22	25.3441	99.5921	100
2:2:37:50	7	9	22	25.3441	99.5921	100
2:2:39:0	7	9	22	25.3441	99.5921	100
2:2:40:15	7	9	22	25.3441	99.5921	100
2:2:41:25	7	9	22	25.3441	99.5921	100
2:2:42:40	7	9	22	25.3441	99.5921	100
2:2:43:50	7	9	22	25.3441	99.5921	100
2:2:45:5	7	9	22	25.3441	99.5921	100
2:2:46:15	7	9	22	25.3441	99.5921	100
2:2:47:30	7	9	22	25.3441	99.5921	100
2:2:48:40	7	9	22	25.3441	99.5921	100
2:2:49:55	7	9	22	25.3441	99.5921	100
2:2:51:5	7	9	22	25.3441	99.5921	100
2:2:52:20	7	9	22	25.3441	99.5921	100
2:2:53:30	7	9	22	25.3441	99.5921	100
2:2:54:45	7	9	22	25.3441	99.5921	100
2:2:55:55	7	9	22	25.3441	99.5921	100
2:2:57:10	7	9	22	25.3441	99.5921	100
2:2:58:20	7	9	22	25.3441	99.5921	100
2:2:59:35	7	9	22	25.3441	99.5921	100
2:3:0:45	7	9	22	25.3441	99.5921	100
2:3:2:0	7	9	22	25.3441	99.5921	100
2:3:3:10	7	9	22	25.3441	99.5921	100
2:3:4:25	7	9	22	25.3441	99.5921	100
2:3:5:35	7	9	22	25.3441	99.5921	100
2:3:6:50	7	9	22	25.3441	99.5921	100
2:3:8:0	7	9	22	25.3441	99.5921	100
2:3:9:15	7	9	22	25.3441	99.5921	100
2:3:10:25	7	9	22	25.3441	99.5921	100
2:3:11:40	7	9	22	25.3441	99.5921	100
2:3:12:50	7	9	22	25.3441	99.5921	100
2:3:14:5	7	9	22	25.3441	99.5921	100
2:3:15:15	7	9	22	25.3441	99.5921	100
2:3:16:30	7	9	22	25.3441	99.5921	100
2:3:17:40	7	9	22	25.3441	99.5921	100
2:3:18:55	7	9	22	25.3441	99.5921	100
2:3:20:5	7	9	22	25.3441	99.5921	100
2:3:21:20	7	9	22	25.3441	99.5921	100
2:3:22:30	7	9	22	25.3441	99.5921	100
2:3:23:45	7	9	22	25.3441	99.5921	100
2:3:24:55	7	9	22	25.3441	99.5921	100
2:3:26:10	7	9	22	25.3441	99.5921	100
2:3:27:20	7	9	22	25.3441	99.5921	100
2:3:28:35	7	9	22	25.3441	99.5921	100
2:3:29:45	7	9	22	25.3441	99.5921	100
2:3:31:0	7	9	22	25.3441	99.5921	100
2:3:32:10	7	9	22	25.3441	99.5921	100
2:3:33:25	7	9	22	25.3441	99.5921	100
2:3:34:35	7	9	22	25.3441	99.5921	100
2:3:35:50	7	9	22	25.3441	99.5921	100
2:3:37:0	7	9	22	25.3441	99.5921	100
2:3:38:15	7	9	22	25.3441	99.5921	100
2:3:39:25	7	9	22	25.3441	99.5921	100
2:3:40:40	7	9	22	25.3441	99.5921	100
2:3:41:50	7	9	22	25.3441	99.5921	100
2:3:43:5	7	9	22	25.3441	99.5921	100
2:3:44:15	7	9	22	25.3441	99.5921	100
2:3:45:30	7	9	22	25.3441	99.5921	100
2:3:46:40	7	9	22	25.3441	99.5921	100
2:3:47:55	7	9	22	25.3441	99.5921	100
2:3:49:5	7	9	22	25.3441	99.5921	100
2:3:50:20	7	9	22	25.3441	99.5921	100
2:3:51:30	7	9	22	25.3441	99.5921	100
2:3:52:45	7	9	22	25.3441	99.5921	100
2:3:53:55	7	9	22	25.3441	99.5921	100
2:3:55:10	7	9	22	25.3441	99.5921	100
2:3:56:20	7	9	22	25.3441	99.5921	100
2:3:57:35	7	9	22	25.3441	99.5921	100
2:3:58:45	7	9	22	25.3441	99.5921	100
2:4:0:0	7	9	22	25.3441	99.5921	100
2:4:1:10	7	9	22	25.3441	99.5921	100
2:4:2:25	7	9	22	25.3441	99.5921	100
2:4:3:35	7	9	22	25.3441	99.5921	100
2:4:4:45	7	9	22	25.3441	99.5921	100
2:4:6:0	7	9	22	25.3441	99.5921	100
2:4:7:10	7	9	22	25.3441	99.5921	100
2:4:8:25	7	9	22	25.3441	99.5921	100
2:4:9:40	7	9	22	25.3441	99.5921	100
2:4:10:50	7	9	22	25.3441	99.5921	100
2:4:12:5	7	9	22	25.3441	99.5921	100
2:4:13:15	7	9	22	25.3441	99.5921	100
2:4:14:25	7	9	22	25.3441	99.5921	100
2:4:15:40	7	9	22	25.3441	99.5921	100
2:4:16:50	7	9	22	25.3441	99.5921	100
2:4:18:5	7	9	22	25.3441	99.5921	100
2:4:19:15	7	9	22	25.3441	99.5921	100
2:4:20:30	7	9	22	25.3441	99.5921	100
2:4:21:40	7	9	22	25.3441	99.5921	100
2:4:22:55	7	9	22	25.3441	99.5921	100
2:4:24:5	7	9	22	25.3441	99.5921	100
2:4:25:20	7	9	22	25.3441	99.5921	100
2:4:26:30	7	9	22	25.3441	99.5921	100
2:4:27:45	7	9	22	25.3441	99.5921	100
2:4:28:55	7	9	22	25.3441	99.5921	100
2:4:30:10	7	9	22	25.3441	99.5921	100
2:4:31:20	7	9	22	25.3441	99.5921	100
2:4:32:35	7	9	22	25.3441	99.5921	100
2:4:33:45	7	9	22	25.3441	99.5921	100
2:4:35:0	7	9	22	25.3441	99.5921	100
2:4:36:10	7	9	22	25.3441	99.5921	100
2:4:37:25	7	9	22	25.3441	99.5921	100
2:4:38:35	7	9	22	25.3441	99.5921	100
2:4:39:50	7	9	22	25.3441	99.5921	100
2:4:41:0	7	9	22	25.3441	99.5921	100
2:4:42:15	7	9	22	25.3441	99.5921	100
2:4:43:25	7	9	22	25.3441	99.5921	100
2:4:44:40	7	9	22	25.3441	99.5921	100
2:4:45:50	7	9	22	25.3441	99.5921	100
2:4:47:5	7	9	22	25.3441	99.5921	100
2:4:48:15	7	9	22	25.3441	99.5921	100
2:4:49:30	7	9	22	25.3441	99.5921	100
2:4:50:40	7	9	22	25.3441	99.5921	100
2:4:51:55	7	9	22	25.3441	99.5921	100
2:4:53:5	7	9	22	25.3441	99.5921	100
2:4:54:20	7	9	22	25.3441	99.5921	100
2:4:55:30	7	9	22	25.3441	99.5921	100
2:4:56:45	7	9	22	25.3441	99.5921	100
2:4:57:55	7	9	22	25.3441	99.5921	100
2:4:59:10	7	9	22	25.3441	99.5921	100
2:5:0:20	7	9	22	25.3441	99.5921	100
2:5:1:35	7	9	22	25.3441	99.5921	100
2:5:2:45	7	9	22	25.3441	99.5921	100
2:5:4:0	7	9	22	25.3441	99.5921	100
2:5:5:10	7	9	22	25.3441	99.5921	100
2:5:6:25	7	9	22	25.3441	99.5921	100
2:5:7:35	7	9	22	25.3441	99.5921	100
2:5:8:50	7	9	22	25.3441	99.5921	100
2:5:10:0	7	9	22	25.3441	99.5921	100
2:5:11:15	7	9	22	25.3441	99.5921	100
2:5:12:25	7	9	22	25.3441	99.5921	100
2:5:13:40	7	9	22	25.3441	99.5921	100
2:5:14:50	7	9	22	25.3441	99.5921	100
2:5:16:5	7	9	22	25.3441	99.5921	100
2:5:17:15	7	9	22	25.3441	99.5921	100
2:5:18:30	7	9	22	25.3441	99.5921	100
2:5:19:40	7	9	22	25.3441	99.5921	100
2:5:20:55	7	9	22	25.3441	99.5921	100
2:5:22:5	7	9	22	25.3441	99.5921	100
2:5:23:20	7	9	22	25.3441	99.5921	100
2:5:24:30	7	9	22	25.3441	99.5921	100
2:5:25:45	7	9	22	25.3441	99.5921	100
2:5:26:55	7	9	22	25.3441	99.5921	100
2:5:28:10	7	9	22	25.3441	99.5921	100
2:5:29:20	7	9	22	25.3441	99.5921	100
2:5:30:35	7	9	22	25.3441	99.5921	100
2:5:31:45	7	9	22	25.3441	99.5921	100
2:5:33:0	7	9	22	25.3441	99.5921	100
2:5:34:10	7	9	22	25.3441	99.5921	100
2:5:35:25	7	9	22	25.3441	99.5921	100
2:5:36:35	7	9	22	25.3441	99.5921	100
2:5:37:50	7	9	22	25.3441	99.5921	100
2:5:39:0	7	9	22	25.3441	99.5921	100
2:5:40:15	7	9	22	25.3441	99.5921	100
2:5:41:25	7	9	22	25.3441	99.5921	100
2:5:42:40	7	9	22	25.3441	99.5921	100
2:5:43:50	7	9	22	25.3441	99.5921	100
2:5:45:5	7	9	22	25.3441	99.5921	100
2:5:46:15	7	9	22	25.3441	99.5921	100
2:5:47:30	7	9	22	25.3441	99.5921	100
2:5:48:40	7	9	22	25.3441	99.5921	100
2:5:49:50	7	9	22	25.3441	99.5921	100
2:5:51:5	7	9	22	25.3441	99.5921	100
2:5:52:20	7	9	22	25.3441	99.5921	100
2:5:53:30	7	9	22	25.3441	99.5921	100
2:5:54:45	7	9	22	25.3441	99.5921	100
2:5:55:55	7	9	22	25.3441	99.5921	100
2:5:57:10	7	9	22	25.3441	99.5921	100
2:5:58:20	7	9	22	25.3441	99.5921	100
2:5:59:35	7	9	22	25.3441	99.5921	100
2:6:0:45	7	9	22	25.3441	99.5921	100
2:6:2:0	7	9	22	25.3441	99.5921	100
2:6:3:10	7	9	22	25.3441	99.5921	100
2:6:4:25	7	9	22	25.3441	99.5921	100
2:6:5:35	7	9	22	25.3441	99.5921	100
2:6:6:50	7	9	22	25.3441	99.5921	100
2:6:8:0	7	9	22	25.3441	99.5921	100
2:6:9:15	7	9	22	25.3441	99.5921	100
2:6:10:25	7	9	22	25.3441	99.5921	100
2:6:11:40	7	9	22	25.3441	99.5921	100
2:6:12:55	7	9	22	25.3441	99.5921	100
2:6:14:5	7	9	22	25.3441	99.5921	100
2:6:15:20	7	9	22	25.3441	99.5921	100
2:6:16:30	7	9	22	25.3441	99.5921	100
2:6:17:45	7	9	22	25.3441	99.5921	100
2:6:18:55	7	9	22	25.3441	99.5921	100
2:6:20:10	7	9	22	25.3441	99.5921	100
2:6:21:20	7	9	22	25.3441	99.5921	100
2:6:22:35	7	9	22	25.3441	99.5921	100
2:6:23:45	7	9	22	25.3441	99.5921	100
2:6:25:0	7	9	22	25.3441	99.5921	100
2:6:26:10	7	9	22	25.3441	99.5921	100
2:6:27:25	7	9	22	25.3441	99.5921	100
2:6:28:35	7	9	22	25.3441	99.5921	100
2:6:29:50	7	9	22	25.3441	99.5921	100
2:6:31:5	7	9	22	25.3441	99.5921	100
2:6:32:15	7	9	22	25.3441	99.5921	100
2:6:33:30	7	9	22	25.3441	99.5921	100
2:6:34:40	7	9	22	25.3441	99.5921	100
2:6:35:50	7	9	22	25.3441	99.5921	100
2:6:37:5	7	9	22	25.3441	99.5921	100
2:6:38:20	7	9	22	25.3441	99.5921	100
2:6:39:30	7	9	22	25.3441	99.5921	100
2:6:40:45	7	9	22	25.3441	99.5921	100
2:6:41:55	7	9	22	25.3441	99.5921	100
2:6:43:10	7	9	22	25.3441	99.5921	100
2:6:44:20	7	9	22	25.3441	99.5921	100
2:6:45:35	7	9	22	25.3441	99.5921	100
2:6:46:45	7	9	22	25.3441	99.5921	100
2:6:48:0	7	9	22	25.3441	99.5921	100
2:6:49:10	7	9	22	25.3441	99.5921	100
2:6:50:25	7	9	22	25.3441	99.5921	100
2:6:51:35	7	9	22	25.3441	99.5921	100
2:6:52:50	7	9	22	25.3441	99.5921	100
2:6:54:0	7	9	22	25.3441	99.5921	100
2:6:55:15	7	9	22	25.3441	99.5921	100
2:6:56:25	7	9	22	25.3441	99.5921	100
2:6:57:40	7	9	22	25.3441	99.5921	100
2:6:58:50	7	9	22	25.3441	99.5921	100
2:7:0:5	7	9	22	25.3441	99.5921	100
2:7:1:15	7	9	22	25.3441	99.5921	100
2:7:2:30	7	9	22	25.3441	99.5921	100
2:7:3:40	7	9	22	25.3441	99.5921	100
2:7:4:55	7	9	22	25.3441	99.5921	100
2:7:6:10	7	9	22	25.3441	99.5921	100
2:7:7:20	7	9	22	25.3441	99.5921	100
2:7:8:35	7	9	22	25.3441	99.5921	100
2:7:9:45	7	9	22	25.3441	99.5921	100
2:7:11:0	7	9	22	25.3441	99.5921	100
2:7:12:10	7	9	22	25.3441	99.5921	100
2:7:13:25	7	9	22	25.3441	99.5921	100
2:7:14:35	7	9	22	25.3441	99.5921	100
2:7:15:50	7	9	22	25.3441	99.5921	100
2:7:17:0	7	9	22	25.3441	99.5921	100
2:7:18:15	7	9	22	25.3441	99.5921	100
2:7:19:25	7	9	22	25.3441	99.5921	100
2:7:20:40	7	9	22	25.3441	99.5921	100
2:7:21:50	7	9	22	25.3441	99.5921	100
2:7:23:5	7	9	22	25.3441	99.5921	100
2:7:24:15	7	9	22	25.3441	99.5921	100
2:7:25:30	7	9	22	25.3441	99.5921	100
2:7:26:40	7	9	22	25.3441	99.5921	100
2:7:27:55	7	9	22	25.3441	99.5921	100
2:7:29:5	7	9	22	25.3441	99.5921	100
2:7:30:20	7	9	22	25.3441	99.5921	100
2:7:31:30	7	9	22	25.3441	99.5921	100
2:7:32:45	7	9	22	25.3441	99.5921	100
2:7:33:55	7	9	22	25.3441	99.5921	100
2:7:35:10	7	9	22	25.3441	99.5921	100
2:7:36:20	7	9	22	25.3441	99.5921	100
2:7:37:35	7	9	22	25.3441	99.5921	100
2:7:38:45	7	9	22	25.3441	99.5921	100
2:7:40:0	7	9	22	25.3441	99.5921	100
2:7:41:10	7	9	22	25.3441	99.5921	100
2:7:42:25	7	9	22	25.3441	99.5921	100
2:7:43:35	7	9	22	25.3441	99.5921	100
2:7:44:50	7	9	22	25.3441	99.5921	100
2:7:46:0	7	9	22	25.3441	99.5921	100
2:7:47:15	7	9	22	25.3441	99.5921	100
2:7:48:25	7	9	22	25.3441	99.5921	100
2:7:49:40	7	9	22	25.3441	99.5921	100
2:7:50:50	7	9	22	25.3441	99.5921	100
2:7:52:5	7	9	22	25.3441	99.5921	100
2:7:53:15	7	9	22	25.3441	99.5921	100
2:7:54:30	7	9	22	25.3441	99.5921	100
2:7:55:40	7	9	22	25.3441	99.5921	100
2:7:56:55	7	9	22	25.3441	99.5921	100
2:7:58:10	7	9	22	25.3441	99.5921	100
2:7:59:20	7	9	22	25.3441	99.5921	100
2:8:0:35	7	9	22	25.3441	99.5921	100
2:8:1:45	7	9	22	25.3441	99.5921	100
2:8:3:0	7	9	22	25.3441	99.5921	100
2:8:4:10	7	9	22	25.3441	99.5921	100
2:8:5:25	7	9	22	25.3441	99.5921	100
2:8:6:35	7	9	22	25.3441	99.5921	100
2:8:7:50	7	9	22	25.3441	99.5921	100
2:8:9:0	7	9	22	25.3441	99.5921	100
2:8:10:15	7	9	22	25.3441	99.5921	100
2:8:11:25	7	9	22	25.3441	99.5921	100
2:8:12:40	7	9	22	25.3441	99.5921	100
2:8:13:50	7	9	22	25.3441	99.5921	100
2:8:15:5	7	9	22	25.3441	99.5921	100
2:8:16:15	7	9	22	25.3441	99.5921	100
2:8:17:30	7	9	22	25.3441	99.5921	100
2:8:18:40	7	9	22	25.3441	99.5921	100
2:8:19:55	7	9	22	25.3441	99.5921	100
2:8:21:5	7	9	22	25.3441	99.5921	100
2:8:22:20	7	9	22	25.3441	99.5921	100
2:8:23:35	7	9	22	25.3441	99.5921	100
2:8:24:45	7	9	22	25.3441	99.5921	100
2:8:26:0	7	9	22	25.3441	99.5921	100
2:8:27:10	7	9	22	25.3441	99.5921	100
2:8:28:25	7	9	22	25.3441	99.5921	100
2:8:29:35	7	9	22	25.3441	99.5921	100
2:8:30:50	7	9	22	25.3441	99.5921	100
2:8:32:0	7	9	22	25.3441	99.5921	100
2:8:33:15	7	9	22	25.3441	99.5921	100
2:8:34:25	7	9	22	25.3441	99.5921	100
2:8:35:40	7	9	22	25.3441	99.5921	100
2:8:36:50	7	9	22	25.3441	99.5921	100
2:8:38:5	7	9	22	25.3441	99.5921	100
2:8:39:15	7	9	22	25.3441	99.5921	100
2:8:40:30	7	9	22	25.3441	99.5921	100
2:8:41:40	7	9	22	25.3441	99.5921	100
2:8:42:55	7	9	22	25.3441	99.5921	100
2:8:44:5	7	9	22	25.3441	99.5921	100
2:8:45:20	7	9	22	25.3441	99.5921	100
2:8:46:30	7	9	22	25.3441	99.5921	100
2:8:47:45	7	9	22	25.3441	99.5921	100
2:8:48:55	7	9	22	25.3441	99.5921	100
2:8:50:10	7	9	22	25.3441	99.5921	100
2:8:51:20	7	9	22	25.3441	99.5921	100
2:8:52:35	7	9	22	25.3441	99.5921	100
2:8:53:45	7	9	22	25.3441	99.5921	100
2:8:55:0	7	9	22	25.3441	99.5921	100
2:8:56:10	7	9	22	25.3441	99.5921	100
2:8:57:25	7	9	22	25.3441	99.5921	100
2:8:58:40	7	9	22	25.3441	99.5921	100
2:8:59:50	7	9	22	25.3441	99.5921	100
2:9:1:0	7	9	22	25.3441	99.5921	100
2:9:2:15	7	9	22	25.3441	99.5921	100
2:9:3:30	7	9	22	25.3441	99.5921	100
2:9:4:40	7	9	22	25.3441	99.5921	100
2:9:5:55	7	9	22	25.3441	99.5921	100
2:9:7:5	7	9	22	25.3441	99.5921	100
2:9:8:20	7	9	22	25.3441	99.5921	100
2:9:9:30	7	9	22	25.3441	99.5921	100
2:9:10:45	7	9	22	25.3441	99.5921	100
2:9:11:55	7	9	22	25.3441	99.5921	100
2:9:13:10	7	9	22	25.3441	99.5921	100
2:9:14:20	7	9	22	25.3441	99.5921	100
2:9:15:35	7	9	22	25.3441	99.5921	100
2:9:16:45	7	9	22	25.3441	99.5921	100
2:9:18:0	7	9	22	25.3441	99.5921	100
2:9:19:10	7	9	22	25.3441	99.5921	100
2:9:20:25	7	9	22	25.3441	99.5921	100
2:9:21:35	7	9	22	25.3441	99.5921	100
2:9:22:50	7	9	22	25.3441	99.5921	100
2:9:24:0	7	9	22	25.3441	99.5921	100
2:9:25:15	7	9	22	25.3441	99.5921	100
2:9:26:25	7	9	22	25.3441	99.5921	100
2:9:27:40	7	9	22	25.3441	99.5921	100
2:9:28:50	7	9	22	25.3441	99.5921	100
2:9:30:5	7	9	22	25.3441	99.5921	100
2:9:31:15	7	9	22	25.3441	99.5921	100
2:9:32:30	7	9	22	25.3441	99.5921	100
2:9:33:40	7	9	22	25.3441	99.5921	100
2:9:34:55	7	9	22	25.3441	99.5921	100
2:9:36:10	7	9	22	25.3441	99.5921	100
2:9:37:20	7	9	22	25.3441	99.5921	100
2:9:38:35	7	9	22	25.3441	99.5921	100
2:9:39:45	7	9	22	25.3441	99.5921	100
2:9:41:0	7	9	22	25.3441	99.5921	100
2:9:42:10	7	9	22	25.3441	99.5921	100
2:9:43:25	7	9	22	25.3441	99.5921	100
2:9:44:35	7	9	22	25.3441	99.5921	100
2:9:45:50	7	9	22	25.3441	99.5921	100
2:9:47:0	7	9	22	25.3441	99.5921	100
2:9:48:15	7	9	22	25.3441	99.5921	100
2:9:49:25	7	9	22	25.3441	99.5921	100
2:9:50:40	7	9	22	25.3441	99.5921	100
2:9:51:50	7	9	22	25.3441	99.5921	100
2:9:53:5	7	9	22	25.3441	99.5921	100
2:9:54:15	7	9	22	25.3441	99.5921	100
2:9:55:30	7	9	22	25.3441	99.5921	100
2:9:56:40	7	9	22	25.3441	99.5921	100
2:9:57:55	7	9	22	25.3441	99.5921	100
2:9:59:5	7	9	22	25.3441	99.5921	100
2:10:0:20	7	9	22	25.3441	99.5921	100
2:10:1:30	7	9	22	25.3441	99.5921	100
2:10:2:45	7	9	22	25.3441	99.5921	100
2:10:3:55	7	9	22	25.3441	99.5921	100
2:10:5:10	7	9	22	25.3441	99.5921	100
2:10:6:20	7	9	22	25.3441	99.5921	100
2:10:7:35	7	9	22	25.3441	99.5921	100
2:10:8:45	7	9	22	25.3441	99.5921	100
2:10:10:0	7	9	22	25.3441	99.5921	100
2:10:11:15	7	9	22	25.3441	99.5921	100
2:10:12:25	7	9	22	25.3441	99.5921	100
2:10:13:40	7	9	22	25.3441	99.5921	100
2:10:14:50	7	9	22	25.3441	99.5921	100
2:10:16:5	7	9	22	25.3441	99.5921	100
2:10:17:15	7	9	22	25.3441	99.5921	100
2:10:18:30	7	9	22	25.3441	99.5921	100
2:10:19:40	7	9	22	25.3441	99.5921	100
2:10:20:55	7	9	22	25.3441	99.5921	100
2:10:22:5	7	9	22	25.3441	99.5921	100
2:10:23:20	7	9	22	25.3441	99.5921	100
2:10:24:30	7	9	22	25.3441	99.5921	100
2:10:25:45	7	9	22	25.3441	99.5921	100
2:10:26:55	7	9	22	25.3441	99.5921	100
2:10:28:10	7	9	22	25.3441	99.5921	100
2:10:29:20	7	9	22	25.3441	99.5921	100
2:10:30:35	7	9	22	25.3441	99.5921	100
2:10:31:50	7	9	22	25.3441	99.5921	100
2:10:33:0	7	9	22	25.3441	99.5921	100
2:10:34:15	7	9	22	25.3441	99.5921	100
2:10:35:25	7	9	22	25.3441	99.5921	100
2:10:36:40	7	9	22	25.3441	99.5921	100
2:10:37:50	7	9	22	25.3441	99.5921	100
2:10:39:5	7	9	22	25.3441	99.5921	100
2:10:40:15	7	9	22	25.3441	99.5921	100
2:10:41:30	7	9	22	25.3441	99.5921	100
2:10:42:40	7	9	22	25.3441	99.5921	100
2:10:43:55	7	9	22	25.3441	99.5921	100
2:10:45:5	7	9	22	25.3441	99.5921	100
2:10:46:20	7	9	22	25.3441	99.5921	100
2:10:47:30	7	9	22	25.3441	99.5921	100
2:10:48:45	7	9	22	25.3441	99.5921	100
2:10:49:55	7	9	22	25.3441	99.5921	100
2:10:51:10	7	9	22	25.3441	99.5921	100
2:10:52:20	7	9	22	25.3441	99.5921	100
2:10:53:35	7	9	22	25.3441	99.5921	100
2:10:54:45	7	9	22	25.3441	99.5921	100
2:10:56:0	7	9	22	25.3441	99.5921	100
2:10:57:10	7	9	22	25.3441	99.5921	100
2:10:58:25	7	9	22	25.3441	99.5921	100
2:10:59:35	7	9	22	25.3441	99.5921	100
2:11:0:50	7	9	22	25.3441	99.5921	100
2:11:2:0	7	9	22	25.3441	99.5921	100
2:11:3:15	7	9	22	25.3441	99.5921	100
2:11:4:25	7	9	22	25.3441	99.5921	100
2:11:5:40	7	9	22	25.3441	99.5921	100
2:11:6:50	7	9	22	25.3441	99.5921	100
2:11:8:5	7	9	22	25.3441	99.5921	100
2:11:9:15	7	9	22	25.3441	99.5921	100
2:11:10:30	7	9	22	25.3441	99.5921	100
2:11:11:40	7	9	22	25.3441	99.5921	100
2:11:12:55	7	9	22	25.3441	99.5921	100
2:11:14:10	7	9	22	25.3441	99.5921	100
2:11:15:20	7	9	22	25.3441	99.5921	100
2:11:16:35	7	9	22	25.3441	99.5921	100
2:11:17:45	7	9	22	25.3441	99.5921	100
2:11:19:0	7	9	22	25.3441	99.5921	100
2:11:20:10	7	9	22	25.3441	99.5921	100
2:11:21:25	7	9	22	25.3441	99.5921	100
2:11:22:35	7	9	22	25.3441	99.5921	100
2:11:23:50	7	9	22	25.3441	99.5921	100
2:11:25:0	7	9	22	25.3441	99.5921	100
2:11:26:15	7	9	22	25.3441	99.5921	100
2:11:27:25	7	9	22	25.3441	99.5921	100
2:11:28:40	7	9	22	25.3441	99.5921	100
2:11:29:50	7	9	22	25.3441	99.5921	100
2:11:31:5	7	9	22	25.3441	99.5921	100
2:11:32:15	7	9	22	25.3441	99.5921	100
2:11:33:30	7	9	22	25.3441	99.5921	100
2:11:34:45	7	9	22	25.3441	99.5921	100
2:11:35:55	7	9	22	25.3441	99.5921	100
2:11:37:10	7	9	22	25.3441	99.5921	100
2:11:38:20	7	9	22	25.3441	99.5921	100
2:11:39:35	7	9	22	25.3441	99.5921	100
2:11:40:45	7	9	22	25.3441	99.5921	100
2:11:42:0	7	9	22	25.3441	99.5921	100
2:11:43:10	7	9	22	25.3441	99.5921	100
2:11:44:25	7	9	22	25.3441	99.5921	100
2:11:45:35	7	9	22	25.3441	99.5921	100
2:11:46:50	7	9	22	25.3441	99.5921	100
2:11:48:0	7	9	22	25.3441	99.5921	100
2:11:49:15	7	9	22	25.3441	99.5921	100
2:11:50:25	7	9	22	25.3441	99.5921	100
2:11:51:40	7	9	22	25.3441	99.5921	100
2:11:52:50	7	9	22	25.3441	99.5921	100
2:11:54:5	7	9	22	25.3441	99.5921	100
2:11:55:15	7	9	22	25.3441	99.5921	100
2:11:56:30	7	9	22	25.3441	99.5921	100
2:11:57:40	7	9	22	25.3441	99.5921	100
2:11:58:50	7	9	22	25.3441	99.5921	100
2:12:0:5	7	9	22	25.3441	99.5921	100
2:12:1:20	7	9	22	25.3441	99.5921	100
2:12:2:30	7	9	22	25.3441	99.5921	100
2:12:3:45	7	9	22	25.3441	99.5921	100
2:12:4:55	7	9	22	25.3441	99.5921	100
2:12:6:10	7	9	22	25.3441	99.5921	100
2:12:7:20	7	9	22	25.3441	99.5921	100
2:12:8:35	7	9	22	25.3441	99.5921	100
2:12:9:45	7	9	22	25.3441	99.5921	100
2:12:11:0	7	9	22	25.3441	99.5921	100
2:12:12:10	7	9	22	25.3441	99.5921	100
2:12:13:25	7	9	22	25.3441	99.5921	100
2:12:14:35	7	9	22	25.3441	99.5921	100
2:12:15:50	7	9	22	25.3441	99.5921	100
2:12:17:0	7	9	22	25.3441	99.5921	100
2:12:18:15	7	9	22	25.3441	99.5921	100
2:12:19:25	7	9	22	25.3441	99.5921	100
2:12:20:40	7	9	22	25.3441	99.5921	100
2:12:21:50	7	9	22	25.3441	99.5921	100
2:12:23:5	7	9	22	25.3441	99.5921	100
2:12:24:15	7	9	22	25.3441	99.5921	100
2:12:25:30	7	9	22	25.3441	99.5921	100
2:12:26:40	7	9	22	25.3441	99.5921	100
2:12:27:55	7	9	22	25.3441	99.5921	100
2:12:29:5	7	9	22	25.3441	99.5921	100
2:12:30:20	7	9	22	25.3441	99.5921	100
2:12:31:35	7	9	22	25.3441	99.5921	100
2:12:32:45	7	9	22	25.3441	99.5921	100
2:12:34:0	7	9	22	25.3441	99.5921	100
2:12:35:10	7	9	22	25.3441	99.5921	100
2:12:36:25	7	9	22	25.3441	99.5921	100
2:12:37:35	7	9	22	25.3441	99.5921	100
2:12:38:50	7	9	22	25.3441	99.5921	100
2:12:40:0	7	9	22	25.3441	99.5921	100
2:12:41:15	7	9	22	25.3441	99.5921	100
2:12:42:30	7	9	22	25.3441	99.5921	100
2:12:43:40	7	9	22	25.3441	99.5921	100
2:12:44:55	7	9	22	25.3441	99.5921	100
2:12:46:5	7	9	22	25.3441	99.5921	100
2:12:47:20	7	9	22	25.3441	99.5921	100
2:12:48:30	7	9	22	25.3441	99.5921	100
2:12:49:45	7	9	22	25.3441	99.5921	100
2:12:51:0	7	9	22	25.3441	99.5921	100
2:12:52:10	7	9	22	25.3441	99.5921	100
2:12:53:25	7	9	22	25.3441	99.5921	100
2:12:54:35	7	9	22	25.3441	99.5921	100
2:12:55:50	7	9	22	25.3441	99.5921	100
2:12:57:0	7	9	22	25.3441	99.5921	100
2:12:58:15	7	9	22	25.3441	99.5921	100
2:12:59:30	7	9	22	25.3441	99.5921	100
2:13:0:40	7	9	22	25.3441	99.5921	100
2:13:1:55	7	9	22	25.3441	99.5921	100
2:13:3:5	7	9	22	25.3441	99.5921	100
2:13:4:20	7	9	22	25.3441	99.5921	100
2:13:5:35	7	9	22	25.3441	99.5921	100
2:13:6:45	7	9	22	25.3441	99.5921	100
2:13:8:0	7	9	22	25.3441	99.5921	100
2:13:9:10	7	9	22	25.3441	99.5921	100
2:13:10:25	7	9	22	25.3441	99.5921	100
2:13:11:35	7	9	22	25.3441	99.5921	100
2:13:12:50	7	9	22	25.3441	99.5921	100
2:13:14:0	7	9	22	25.3441	99.5921	100
2:13:15:15	7	9	22	25.3441	99.5921	100
2:13:16:30	7	9	22	25.3441	99.5921	100
2:13:17:40	7	9	22	25.3441	99.5921	100
2:13:18:55	7	9	22	25.3441	99.5921	100
2:13:20:5	7	9	22	25.3441	99.5921	100
2:13:21:20	7	9	22	25.3441	99.5921	100
2:13:22:30	7	9	22	25.3441	99.5921	100
2:13:23:45	7	9	22	25.3441	99.5921	100
2:13:24:55	7	9	22	25.3441	99.5921	100
2:13:26:10	7	9	22	25.3441	99.5921	100
2:13:27:25	7	9	22	25.3441	99.5921	100
2:13:28:35	7	9	22	25.3441	99.5921	100
2:13:29:50	7	9	22	25.3441	99.5921	100
2:13:31:0	7	9	22	25.3441	99.5921	100
2:13:32:15	7	9	22	25.3441	99.5921	100
2:13:33:25	7	9	22	25.3441	99.5921	100
2:13:34:40	7	9	22	25.3441	99.5921	100
2:13:35:55	7	9	22	25.3441	99.5921	100
2:13:37:5	7	9	22	25.3441	99.5921	100
2:13:38:15	7	9	22	25.3441	99.5921	100
2:13:39:30	7	9	22	25.3441	99.5921	100
2:13:40:45	7	9	22	25.3441	99.5921	100
2:13:41:55	7	9	22	25.3441	99.5921	100
2:13:43:10	7	9	22	25.3441	99.5921	100
2:13:44:20	7	9	22	25.3441	99.5921	100
2:13:45:35	7	9	22	25.3441	99.5921	100
2:13:46:50	7	9	22	25.3441	99.5921	100
2:13:48:0	7	9	22	25.3441	99.5921	100
2:13:49:15	7	9	22	25.3441	99.5921	100
2:13:50:25	7	9	22	25.3441	99.5921	100
2:13:51:40	7	9	22	25.3441	99.5921	100
2:13:52:50	7	9	22	25.3441	99.5921	100
2:13:54:5	7	9	22	25.3441	99.5921	100
2:13:55:20	7	9	22	25.3441	99.5921	100
2:13:56:30	7	9	22	25.3441	99.5921	100
2:13:57:45	7	9	22	25.3441	99.5921	100
2:13:58:55	7	9	22	25.3441	99.5921	100
2:14:0:10	7	9	22	25.3441	99.5921	100
2:14:1:20	7	9	22	25.3441	99.5921	100
2:14:2:35	7	9	22	25.3441	99.5921	100
2:14:3:50	7	9	22	25.3441	99.5921	100
2:14:5:0	7	9	22	25.3441	99.5921	100
2:14:6:15	7	9	22	25.3441	99.5921	100
2:14:7:25	7	9	22	25.3441	99.5921	100
2:14:8:40	7	9	22	25.3441	99.5921	100
2:14:9:55	7	9	22	25.3441	99.5921	100
2:14:11:5	7	9	22	25.3441	99.5921	100
2:14:12:20	7	9	22	25.3441	99.5921	100
2:14:13:30	7	9	22	25.3441	99.5921	100
2:14:14:45	7	9	22	25.3441	99.5921	100
2:14:15:55	7	9	22	25.3441	99.5921	100
2:14:17:10	7	9	22	25.3441	99.5921	100
2:14:18:20	7	9	22	25.3441	99.5921	100
2:14:19:35	7	9	22	25.3441	99.5921	100
2:14:20:45	7	9	22	25.3441	99.5921	100
2:14:22:0	7	9	22	25.3441	99.5921	100
2:14:23:15	7	9	22	25.3441	99.5921	100
2:14:24:25	7	9	22	25.3441	99.5921	100
2:14:25:40	7	9	22	25.3441	99.5921	100
2:14:26:50	7	9	22	25.3441	99.5921	100
2:14:28:5	7	9	22	25.3441	99.5921	100
2:14:29:15	7	9	22	25.3441	99.5921	100
2:14:30:30	7	9	22	25.3441	99.5921	100
2:14:31:45	7	9	22	25.3441	99.5921	100
2:14:32:55	7	9	22	25.3441	99.5921	100
2:14:34:10	7	9	22	25.3441	99.5921	100
2:14:35:20	7	9	22	25.3441	99.5921	100
2:14:36:35	7	9	22	25.3441	99.5921	100
2:14:37:45	7	9	22	25.3441	99.5921	100
2:14:39:0	7	9	22	25.3441	99.5921	100
2:14:40:15	7	9	22	25.3441	99.5921	100
2:14:41:25	7	9	22	25.3441	99.5921	100
2:14:42:40	7	9	22	25.3441	99.5921	100
2:14:43:50	7	9	22	25.3441	99.5921	100
2:14:45:5	7	9	22	25.3441	99.5921	100
2:14:46:15	7	9	22	25.3441	99.5921	100
2:14:47:30	7	9	22	25.3441	99.5921	100
2:14:48:45	7	9	22	25.3441	99.5921	100
2:14:49:55	7	9	22	25.3441	99.5921	100
2:14:51:10	7	9	22	25.3441	99.5921	100
2:14:52:20	7	9	22	25.3441	99.5921	100
2:14:53:35	7	9	22	25.3441	99.5921	100
2:14:54:45	7	9	22	25.3441	99.5921	100
2:14:56:0	7	9	22	25.3441	99.5921	100
2:14:57:15	7	9	22	25.3441	99.5921	100
2:14:58:25	7	9	22	25.3441	99.5921	100
2:14:59:40	7	9	22	25.3441	99.5921	100
2:15:0:50	7	9	22	25.3441	99.5921	100
2:15:2:5	7	9	22	25.3441	99.5921	100
2:15:3:15	7	9	22	25.3441	99.5921	100
2:15:4:30	7	9	22	25.3441	99.5921	100
2:15:5:40	7	9	22	25.3441	99.5921	100
2:15:6:55	7	9	22	25.3441	99.5921	100
2:15:8:10	7	9	22	25.3441	99.5921	100
2:15:9:20	7	9	22	25.3441	99.5921	100
2:15:10:35	7	9	22	25.3441	99.5921	100
2:15:11:45	7	9	22	25.3441	99.5921	100
2:15:13:0	7	9	22	25.3441	99.5921	100
2:15:14:10	7	9	22	25.3441	99.5921	100
2:15:15:25	7	9	22	25.3441	99.5921	100
2:15:16:40	7	9	22	25.3441	99.5921	100
2:15:17:50	7	9	22	25.3441	99.5921	100
2:15:19:5	7	9	22	25.3441	99.5921	100
2:15:20:15	7	9	22	25.3441	99.5921	100
2:15:21:30	7	9	22	25.3441	99.5921	100
2:15:22:40	7	9	22	25.3441	99.5921	100
2:15:23:55	7	9	22	25.3441	99.5921	100
2:15:25:5	7	9	22	25.3441	99.5921	100
2:15:26:20	7	9	22	25.3441	99.5921	100
2:15:27:35	7	9	22	25.3441	99.5921	100
2:15:28:45	7	9	22	25.3441	99.5921	100
2:15:30:0	7	9	22	25.3441	99.5921	100
2:15:31:10	7	9	22	25.3441	99.5921	100
2:15:32:25	7	9	22	25.3441	99.5921	100
2:15:33:40	7	9	22	25.3441	99.5921	100
2:15:34:50	7	9	22	25.3441	99.5921	100
2:15:36:5	7	9	22	25.3441	99.5921	100
2:15:37:15	7	9	22	25.3441	99.5921	100
2:15:38:30	7	9	22	25.3441	99.5921	100
2:15:39:40	7	9	22	25.3441	99.5921	100
2:15:40:55	7	9	22	25.3441	99.5921	100
2:15:42:5	7	9	22	25.3441	99.5921	100
2:15:43:20	7	9	22	25.3441	99.5921	100
2:15:44:30	7	9	22	25.3441	99.5921	100
2:15:45:45	7	9	22	25.3441	99.5921	100
2:15:47:0	7	9	22	25.3441	99.5921	100
2:15:48:10	7	9	22	25.3441	99.5921	100
2:15:49:25	7	9	22	25.3441	99.5921	100
2:15:50:35	7	9	22	25.3441	99.5921	100
2:15:51:50	7	9	22	25.3441	99.5921	100
2:15:53:0	7	9	22	25.3441	99.5921	100
2:15:54:15	7	9	22	25.3441	99.5921	100
2:15:55:30	7	9	22	25.3441	99.5921	100
2:15:56:40	7	9	22	25.3441	99.5921	100
2:15:57:55	7	9	22	25.3441	99.5921	100
2:15:59:5	7	9	22	25.3441	99.5921	100
2:16:0:20	7	9	22	25.3441	99.5921	100
2:16:1:30	7	9	22	25.3441	99.5921	100
2:16:2:45	7	9	22	25.3441	99.5921	100
2:16:4:0	7	9	22	25.3441	99.5921	100
2:16:5:10	7	9	22	25.3441	99.5921	100
2:16:6:25	7	9	22	25.3441	99.5921	100
2:16:7:35	7	9	22	25.3441	99.5921	100
2:16:8:50	7	9	22	25.3441	99.5921	100
2:16:10:0	7	9	22	25.3441	99.5921	100
2:16:11:15	7	9	22	25.3441	99.5921	100
2:16:12:25	7	9	22	25.3441	99.5921	100
2:16:13:40	7	9	22	25.3441	99.5921	100
2:16:14:55	7	9	22	25.3441	99.5921	100
2:16:16:5	7	9	22	25.3441	99.5921	100
2:16:17:20	7	9	22	25.3441	99.5921	100
2:16:18:30	7	9	22	25.3441	99.5921	100
2:16:19:45	7	9	22	25.3441	99.5921	100
2:16:21:0	7	9	22	25.3441	99.5921	100
2:16:22:10	7	9	22	25.3441	99.5921	100
2:16:23:25	7	9	22	25.3441	99.5921	100
2:16:24:35	7	9	22	25.3441	99.5921	100
2:16:25:50	7	9	22	25.3441	99.5921	100
2:16:27:0	7	9	22	25.3441	99.5921	100
2:16:28:15	7	9	22	25.3441	99.5921	100
2:16:29:30	7	9	22	25.3441	99.5921	100
2:16:30:40	7	9	22	25.3441	99.5921	100
2:16:31:55	7	9	22	25.3441	99.5921	100
2:16:33:5	7	9	22	25.3441	99.5921	100
2:16:34:20	7	9	22	25.3441	99.5921	100
2:16:35:30	7	9	22	25.3441	99.5921	100
2:16:36:45	7	9	22	25.3441	99.5921	100
2:16:38:0	7	9	22	25.3441	99.5921	100
2:16:39:10	7	9	22	25.3441	99.5921	100
2:16:40:25	7	9	22	25.3441	99.5921	100
2:16:41:35	7	9	22	25.3441	99.5921	100
2:16:42:50	7	9	22	25.3441	99.5921	100
2:16:44:0	7	9	22	25.3441	99.5921	100
2:16:45:15	7	9	22	25.3441	99.5921	100
2:16:46:30	7	9	22	25.3441	99.5921	100
2:16:47:40	7	9	22	25.3441	99.5921	100
2:16:48:55	7	9	22	25.3441	99.5921	100
2:16:50:5	7	9	22	25.3441	99.5921	100
2:16:51:20	7	9	22	25.3441	99.5921	100
2:16:52:30	7	9	22	25.3441	99.5921	100
2:16:53:45	7	9	22	25.3441	99.5921	100
2:16:54:55	7	9	22	25.3441	99.5921	100
2:16:56:10	7	9	22	25.3441	99.5921	100
2:16:57:20	7	9	22	25.3441	99.5921	100
2:16:58:35	7	9	22	25.3441	99.5921	100
2:16:59:50	7	9	22	25.3441	99.5921	100
2:17:1:0	7	9	22	25.3441	99.5921	100
2:17:2:15	7	9	22	25.3441	99.5921	100
2:17:3:25	7	9	22	25.3441	99.5921	100
2:17:4:40	7	9	22	25.3441	99.5921	100
2:17:5:50	7	9	22	25.3441	99.5921	100
2:17:7:5	7	9	22	25.3441	99.5921	100
2:17:8:15	7	9	22	25.3441	99.5921	100
2:17:9:30	7	9	22	25.3441	99.5921	100
2:17:10:45	7	9	22	25.3441	99.5921	100
2:17:11:55	7	9	22	25.3441	99.5921	100
2:17:13:10	7	9	22	25.3441	99.5921	100
2:17:14:20	7	9	22	25.3441	99.5921	100
2:17:15:35	7	9	22	25.3441	99.5921	100
2:17:16:45	7	9	22	25.3441	99.5921	100
2:17:18:0	7	9	22	25.3441	99.5921	100
2:17:19:10	7	9	22	25.3441	99.5921	100
2:17:20:25	7	9	22	25.3441	99.5921	100
2:17:21:40	7	9	22	25.3441	99.5921	100
2:17:22:50	7	9	22	25.3441	99.5921	100
2:17:24:5	7	9	22	25.3441	99.5921	100
2:17:25:15	7	9	22	25.3441	99.5921	100
2:17:26:30	7	9	22	25.3441	99.5921	100
2:17:27:45	7	9	22	25.3441	99.5921	100
2:17:28:55	7	9	22	25.3441	99.5921	100
2:17:30:10	7	9	22	25.3441	99.5921	100
2:17:31:20	7	9	22	25.3441	99.5921	100
2:17:32:35	7	9	22	25.3441	99.5921	100
2:17:33:45	7	9	22	25.3441	99.5921	100
2:17:35:0	7	9	22	25.3441	99.5921	100
2:17:36:10	7	9	22	25.3441	99.5921	100
2:17:37:25	7	9	22	25.3441	99.5921	100
2:17:38:40	7	9	22	25.3441	99.5921	100
2:17:39:50	7	9	22	25.3441	99.5921	100
2:17:41:5	7	9	22	25.3441	99.5921	100
2:17:42:15	7	9	22	25.3441	99.5921	100
2:17:43:30	7	9	22	25.3441	99.5921	100
2:17:44:40	7	9	22	25.3441	99.5921	100
2:17:45:55	7	9	22	25.3441	99.5921	100
2:17:47:10	7	9	22	25.3441	99.5921	100
2:17:48:20	7	9	22	25.3441	99.5921	100
2:17:49:35	7	9	22	25.3441	99.5921	100
2:17:50:45	7	9	22	25.3441	99.5921	100
2:17:52:0	7	9	22	25.3441	99.5921	100
2:17:53:10	7	9	22	25.3441	99.5921	100
2:17:54:25	7	9	22	25.3441	99.5921	100
2:17:55:40	7	9	22	25.3441	99.5921	100
2:17:56:50	7	9	22	25.3441	99.5921	100
2:17:58:5	7	9	22	25.3441	99.5921	100
2:17:59:15	7	9	22	25.3441	99.5921	100
2:18:0:30	7	9	22	25.3441	99.5921	100
2:18:1:40	7	9	22	25.3441	99.5921	100
2:18:2:55	7	9	22	25.3441	99.5921	100
2:18:4:10	7	9	22	25.3441	99.5921	100
2:18:5:20	7	9	22	25.3441	99.5921	100
2:18:6:35	7	9	22	25.3441	99.5921	100
2:18:7:45	7	9	22	25.3441	99.5921	100
2:18:9:0	7	9	22	25.3441	99.5921	100
2:18:10:10	7	9	22	25.3441	99.5921	100
2:18:11:25	7	9	22	25.3441	99.5921	100
2:18:12:40	7	9	22	25.3441	99.5921	100
2:18:13:50	7	9	22	25.3441	99.5921	100
2:18:15:5	7	9	22	25.3441	99.5921	100
2:18:16:15	7	9	22	25.3441	99.5921	100
2:18:17:30	7	9	22	25.3441	99.5921	100
2:18:18:40	7	9	22	25.3441	99.5921	100
2:18:19:55	7	9	22	25.3441	99.5921	100
2:18:21:5	7	9	22	25.3441	99.5921	100
2:18:22:20	7	9	22	25.3441	99.5921	100
2:18:23:35	7	9	22	25.3441	99.5921	100
2:18:24:45	7	9	22	25.3441	99.5921	100
2:18:26:0	7	9	22	25.3441	99.5921	100
2:18:27:10	7	9	22	25.3441	99.5921	100
2:18:28:25	7	9	22	25.3441	99.5921	100
2:18:29:35	7	9	22	25.3441	99.5921	100
2:18:30:50	7	9	22	25.3441	99.5921	100
2:18:32:5	7	9	22	25.3441	99.5921	100
2:18:33:15	7	9	22	25.3441	99.5921	100
2:18:34:30	7	9	22	25.3441	99.5921	100
2:18:35:40	7	9	22	25.3441	99.5921	100
2:18:36:55	7	9	22	25.3441	99.5921	100
2:18:38:10	7	9	22	25.3441	99.5921	100
2:18:39:20	7	9	22	25.3441	99.5921	100
2:18:40:35	7	9	22	25.3441	99.5921	100
2:18:41:45	7	9	22	25.3441	99.5921	100
2:18:43:0	7	9	22	25.3441	99.5921	100
2:18:44:10	7	9	22	25.3441	99.5921	100
2:18:45:25	7	9	22	25.3441	99.5921	100
2:18:46:35	7	9	22	25.3441	99.5921	100
2:18:47:50	7	9	22	25.3441	99.5921	100
2:18:49:5	7	9	22	25.3441	99.5921	100
2:18:50:15	7	9	22	25.3441	99.5921	100
2:18:51:30	7	9	22	25.3441	99.5921	100
2:18:52:40	7	9	22	25.3441	99.5921	100
2:18:53:55	7	9	22	25.3441	99.5921	100
2:18:55:5	7	9	22	25.3441	99.5921	100
2:18:56:20	7	9	22	25.3441	99.5921	100
2:18:57:35	7	9	22	25.3441	99.5921	100
2:18:58:45	7	9	22	25.3441	99.5921	100
2:19:0:0	7	9	22	25.3441	99.5921	100
2:19:1:10	7	9	22	25.3441	99.5921	100
2:19:2:25	7	9	22	25.3441	99.5921	100
2:19:3:35	7	9	22	25.3441	99.5921	100
2:19:4:50	7	9	22	25.3441	99.5921	100
2:19:6:5	7	9	22	25.3441	99.5921	100
2:19:7:15	7	9	22	25.3441	99.5921	100
2:19:8:30	7	9	22	25.3441	99.5921	100
2:19:9:40	7	9	22	25.3441	99.5921	100
2:19:10:55	7	9	22	25.3441	99.5921	100
2:19:12:5	7	9	22	25.3441	99.5921	100
2:19:13:20	7	9	22	25.3441	99.5921	100
2:19:14:35	7	9	22	25.3441	99.5921	100
2:19:15:45	7	9	22	25.3441	99.5921	100
2:19:17:0	7	9	22	25.3441	99.5921	100
2:19:18:10	7	9	22	25.3441	99.5921	100
2:19:19:25	7	9	22	25.3441	99.5921	100
2:19:20:35	7	9	22	25.3441	99.5921	100
2:19:21:50	7	9	22	25.3441	99.5921	100
2:19:23:0	7	9	22	25.3441	99.5921	100
2:19:24:15	7	9	22	25.3441	99.5921	100
2:19:25:30	7	9	22	25.3441	99.5921	100
2:19:26:40	7	9	22	25.3441	99.5921	100
2:19:27:55	7	9	22	25.3441	99.5921	100
2:19:29:5	7	9	22	25.3441	99.5921	100
2:19:30:20	7	9	22	25.3441	99.5921	100
2:19:31:30	7	9	22	25.3441	99.5921	100
2:19:32:45	7	9	22	25.3441	99.5921	100
2:19:33:55	7	9	22	25.3441	99.5921	100
2:19:35:10	7	9	22	25.3441	99.5921	100
2:19:36:20	7	9	22	25.3441	99.5921	100
2:19:37:35	7	9	22	25.3441	99.5921	100
2:19:38:50	7	9	22	25.3441	99.5921	100
2:19:40:0	7	9	22	25.3441	99.5921	100
2:19:41:15	7	9	22	25.3441	99.5921	100
2:19:42:25	7	9	22	25.3441	99.5921	100
2:19:43:40	7	9	22	25.3441	99.5921	100
2:19:44:55	7	9	22	25.3441	99.5921	100
2:19:46:5	7	9	22	25.3441	99.5921	100
2:19:47:20	7	9	22	25.3441	99.5921	100
2:19:48:30	7	9	22	25.3441	99.5921	100
2:19:49:45	7	9	22	25.3441	99.5921	100
2:19:50:55	7	9	22	25.3441	99.5921	100
2:19:52:10	7	9	22	25.3441	99.5921	100
2:19:53:20	7	9	22	25.3441	99.5921	100
2:19:54:35	7	9	22	25.3441	99.5921	100
2:19:55:50	7	9	22	25.3441	99.5921	100
2:19:57:0	7	9	22	25.3441	99.5921	100
2:19:58:15	7	9	22	25.3441	99.5921	100
2:19:59:25	7	9	22	25.3441	99.5921	100
2:20:0:40	7	9	22	25.3441	99.5921	100
2:20:1:50	7	9	22	25.3441	99.5921	100
2:20:3:5	7	9	22	25.3441	99.5921	100
2:20:4:15	7	9	22	25.3441	99.5921	100
2:20:5:30	7	9	22	25.3441	99.5921	100
2:20:6:45	7	9	22	25.3441	99.5921	100
2:20:7:55	7	9	22	25.3441	99.5921	100
2:20:9:10	7	9	22	25.3441	99.5921	100
2:20:10:20	7	9	22	25.3441	99.5921	100
2:20:11:35	7	9	22	25.3441	99.5921	100
2:20:12:45	7	9	22	25.3441	99.5921	100
2:20:14:0	7	9	22	25.3441	99.5921	100
2:20:15:15	7	9	22	25.3441	99.5921	100
2:20:16:25	7	9	22	25.3441	99.5921	100
2:20:17:40	7	9	22	25.3441	99.5921	100
2:20:18:50	7	9	22	25.3441	99.5921	100
2:20:20:5	7	9	22	25.3441	99.5921	100
2:20:21:15	7	9	22	25.3441	99.5921	100
2:20:22:30	7	9	22	25.3441	99.5921	100
2:20:23:45	7	9	22	25.3441	99.5921	100
2:20:24:55	7	9	22	25.3441	99.5921	100
2:20:26:10	7	9	22	25.3441	99.5921	100
2:20:27:20	7	9	22	25.3441	99.5921	100
2:20:28:35	7	9	22	25.3441	99.5921	100
2:20:29:45	7	9	22	25.3441	99.5921	100
2:20:31:0	7	9	22	25.3441	99.5921	100
2:20:32:15	7	9	22	25.3441	99.5921	100
2:20:33:25	7	9	22	25.3441	99.5921	100
2:20:34:40	7	9	22	25.3441	99.5921	100
2:20:35:50	7	9	22	25.3441	99.5921	100
2:20:37:5	7	9	22	25.3441	99.5921	100
2:20:38:15	7	9	22	25.3441	99.5921	100
2:20:39:30	7	9	22	25.3441	99.5921	100
2:20:40:45	7	9	22	25.3441	99.5921	100
2:20:41:55	7	9	22	25.3441	99.5921	100
2:20:43:10	7	9	22	25.3441	99.5921	100
2:20:44:20	7	9	22	25.3441	99.5921	100
2:20:45:35	7	9	22	25.3441	99.5921	100
2:20:46:45	7	9	22	25.3441	99.5921	100
2:20:48:0	7	9	22	25.3441	99.5921	100
2:20:49:10	7	9	22	25.3441	99.5921	100
2:20:50:25	7	9	22	25.3441	99.5921	100
2:20:51:35	7	9	22	25.3441	99.5921	100
2:20:52:50	7	9	22	25.3441	99.5921	100
2:20:54:5	7	9	22	25.3441	99.5921	100
2:20:55:15	7	9	22	25.3441	99.5921	100
2:20:56:30	7	9	22	25.3441	99.5921	100
2:20:57:40	7	9	22	25.3441	99.5921	100
2:20:58:55	7	9	22	25.3441	99.5921	100
2:21:0:5	7	9	22	25.3441	99.5921	100
2:21:1:20	7	9	22	25.3441	99.5921	100
2:21:2:30	7	9	22	25.3441	99.5921	100
2:21:3:45	7	9	22	25.3441	99.5921	100
2:21:5:0	7	9	22	25.3441	99.5921	100
2:21:6:10	7	9	22	25.3441	99.5921	100
2:21:7:25	7	9	22	25.3441	99.5921	100
2:21:8:35	7	9	22	25.3441	99.5921	100
2:21:9:50	7	9	22	25.3441	99.5921	100
2:21:11:0	7	9	22	25.3441	99.5921	100
2:21:12:15	7	9	22	25.3441	99.5921	100
2:21:13:30	7	9	22	25.3441	99.5921	100
2:21:14:40	7	9	22	25.3441	99.5921	100
2:21:15:55	7	9	22	25.3441	99.5921	100
2:21:17:5	7	9	22	25.3441	99.5921	100
2:21:18:20	7	9	22	25.3441	99.5921	100
2:21:19:35	7	9	22	25.3441	99.5921	100
2:21:20:45	7	9	22	25.3441	99.5921	100
2:21:22:0	7	9	22	25.3441	99.5921	100
2:21:23:10	7	9	22	25.3441	99.5921	100
2:21:24:25	7	9	22	25.3441	99.5921	100
2:21:25:35	7	9	22	25.3441	99.5921	100
2:21:26:50	7	9	22	25.3441	99.5921	100
2:21:28:5	7	9	22	25.3441	99.5921	100
2:21:29:15	7	9	22	25.3441	99.5921	100
2:21:30:30	7	9	22	25.3441	99.5921	100
2:21:31:40	7	9	22	25.3441	99.5921	100
2:21:32:55	7	9	22	25.3441	99.5921	100
2:21:34:5	7	9	22	25.3441	99.5921	100
2:21:35:20	7	9	22	25.3441	99.5921	100
2:21:36:35	7	9	22	25.3441	99.5921	100
2:21:37:45	7	9	22	25.3441	99.5921	100
2:21:39:0	7	9	22	25.3441	99.5921	100
2:21:40:10	7	9	22	25.3441	99.5921	100
2:21:41:25	7	9	22	25.3441	99.5921	100
2:21:42:35	7	9	22	25.3441	99.5921	100
2:21:43:50	7	9	22	25.3441	99.5921	100
2:21:45:5	7	9	22	25.3441	99.5921	100
2:21:46:15	7	9	22	25.3441	99.5921	100
2:21:47:30	7	9	22	25.3441	99.5921	100
2:21:48:40	7	9	22	25.3441	99.5921	100
2:21:49:55	7	9	22	25.3441	99.5921	100
2:21:51:5	7	9	22	25.3441	99.5921	100
2:21:52:20	7	9	22	25.3441	99.5921	100
2:21:53:30	7	9	22	25.3441	99.5921	100
2:21:54:45	7	9	22	25.3441	99.5921	100
2:21:56:0	7	9	22	25.3441	99.5921	100
2:21:57:10	7	9	22	25.3441	99.5921	100
2:21:58:25	7	9	22	25.3441	99.5921	100
2:21:59:35	7	9	22	25.3441	99.5921	100
2:22:0:50	7	9	22	25.3441	99.5921	100
2:22:2:0	7	9	22	25.3441	99.5921	100
2:22:3:15	7	9	22	25.3441	99.5921	100
2:22:4:25	7	9	22	25.3441	99.5921	100
2:22:5:40	7	9	22	25.3441	99.5921	100
2:22:6:55	7	9	22	25.3441	99.5921	100
2:22:8:5	7	9	22	25.3441	99.5921	100
2:22:9:20	7	9	22	25.3441	99.5921	100
2:22:10:30	7	9	22	25.3441	99.5921	100
2:22:11:45	7	9	22	25.3441	99.5921	100
2:22:12:55	7	9	22	25.3441	99.5921	100
2:22:14:10	7	9	22	25.3441	99.5921	100
2:22:15:20	7	9	22	25.3441	99.5921	100
2:22:16:35	7	9	22	25.3441	99.5921	100
2:22:17:50	7	9	22	25.3441	99.5921	100
2:22:19:0	7	9	22	25.3441	99.5921	100
2:22:20:15	7	9	22	25.3441	99.5921	100
2:22:21:25	7	9	22	25.3441	99.5921	100
2:22:22:40	7	9	22	25.3441	99.5921	100
2:22:23:50	7	9	22	25.3441	99.5921	100
2:22:25:5	7	9	22	25.3441	99.5921	100
2:22:26:15	7	9	22	25.3441	99.5921	100
2:22:27:30	7	9	22	25.3441	99.5921	100
2:22:28:45	7	9	22	25.3441	99.5921	100
2:22:29:55	7	9	22	25.3441	99.5921	100
2:22:31:10	7	9	22	25.3441	99.5921	100
2:22:32:20	7	9	22	25.3441	99.5921	100
2:22:33:35	7	9	22	25.3441	99.5921	100
2:22:34:45	7	9	22	25.3441	99.5921	100
2:22:36:0	7	9	22	25.3441	99.5921	100
2:22:37:15	7	9	22	25.3441	99.5921	100
2:22:38:25	7	9	22	25.3441	99.5921	100
2:22:39:40	7	9	22	25.3441	99.5921	100
2:22:40:50	7	9	22	25.3441	99.5921	100
2:22:42:5	7	9	22	25.3441	99.5921	100
2:22:43:15	7	9	22	25.3441	99.5921	100
2:22:44:30	7	9	22	25.3441	99.5921	100
2:22:45:45	7	9	22	25.3441	99.5921	100
2:22:46:55	7	9	22	25.3441	99.5921	100
2:22:48:10	7	9	22	25.3441	99.5921	100
2:22:49:20	7	9	22	25.3441	99.5921	100
2:22:50:35	7	9	22	25.3441	99.5921	100
2:22:51:50	7	9	22	25.3441	99.5921	100
2:22:53:0	7	9	22	25.3441	99.5921	100
2:22:54:15	7	9	22	25.3441	99.5921	100
2:22:55:25	7	9	22	25.3441	99.5921	100
2:22:56:40	7	9	22	25.3441	99.5921	100
2:22:57:50	7	9	22	25.3441	99.5921	100
2:22:59:5	7	9	22	25.3441	99.5921	100
2:23:0:20	7	9	22	25.3441	99.5921	100
2:23:1:30	7	9	22	25.3441	99.5921	100
2:23:2:45	7	9	22	25.3441	99.5921	100
2:23:3:55	7	9	22	25.3441	99.5921	100
2:23:5:10	7	9	22	25.3441	99.5921	100
2:23:6:20	7	9	22	25.3441	99.5921	100
2:23:7:35	7	9	22	25.3441	99.5921	100
2:23:8:45	7	9	22	25.3441	99.5921	100
2:23:10:0	7	9	22	25.3441	99.5921	100
2:23:11:15	7	9	22	25.3441	99.5921	100
2:23:12:25	7	9	22	25.3441	99.5921	100
2:23:13:40	7	9	22	25.3441	99.5921	100
2:23:14:50	7	9	22	25.3441	99.5921	100
2:23:16:5	7	9	22	25.3441	99.5921	100
2:23:17:15	7	9	22	25.3441	99.5921	100
2:23:18:30	7	9	22	25.3441	99.5921	100
2:23:19:45	7	9	22	25.3441	99.5921	100
2:23:20:55	7	9	22	25.3441	99.5921	100
2:23:22:10	7	9	22	25.3441	99.5921	100
2:23:23:20	7	9	22	25.3441	99.5921	100
2:23:24:35	7	9	22	25.3441	99.5921	100
2:23:25:45	7	9	22	25.3441	99.5921	100
2:23:27:0	7	9	22	25.3441	99.5921	100
2:23:28:10	7	9	22	25.3441	99.5921	100
2:23:29:25	7	9	22	25.3441	99.5921	100
2:23:30:35	7	9	22	25.3441	99.5921	100
2:23:31:50	7	9	22	25.3441	99.5921	100
2:23:33:5	7	9	22	25.3441	99.5921	100
2:23:34:15	7	9	22	25.3441	99.5921	100
2:23:35:30	7	9	22	25.3441	99.5921	100
2:23:36:40	7	9	22	25.3441	99.5921	100
2:23:37:55	7	9	22	25.3441	99.5921	100
2:23:39:5	7	9	22	25.3441	99.5921	100
2:23:40:20	7	9	22	25.3441	99.5921	100
2:23:41:35	7	9	22	25.3441	99.5921	100
2:23:42:45	7	9	22	25.3441	99.5921	100
2:23:44:0	7	9	22	25.3441	99.5921	100
2:23:45:10	7	9	22	25.3441	99.5921	100
2:23:46:25	7	9	22	25.3441	99.5921	100
2:23:47:35	7	9	22	25.3441	99.5921	100
2:23:48:50	7	9	22	25.3441	99.5921	100
2:23:50:5	7	9	22	25.3441	99.5921	100
2:23:51:15	7	9	22	25.3441	99.5921	100
2:23:52:30	7	9	22	25.3441	99.5921	100
2:23:53:40	7	9	22	25.3441	99.5921	100
2:23:54:55	7	9	22	25.3441	99.5921	100
2:23:56:10	7	9	22	25.3441	99.5921	100
2:23:57:20	7	9	22	25.3441	99.5921	100
2:23:58:35	7	9	22	25.3441	99.5921	100
2:23:59:45	7	9	22	25.3441	99.5921	100
3:0:1:0	7	9	22	25.3441	99.5921	100
3:0:2:10	7	9	22	25.3441	99.5921	100
3:0:3:25	7	9	22	25.3441	99.5921	100
3:0:4:35	7	9	22	25.3441	99.5921	100
3:0:5:50	7	9	22	25.3441	99.5921	100
3:0:7:5	7	9	22	25.3441	99.5921	100
3:0:8:15	7	9	22	25.3441	99.5921	100
3:0:9:30	7	9	22	25.3441	99.5921	100
3:0:10:40	7	9	22	25.3441	99.5921	100
3:0:11:55	7	9	22	25.3441	99.5921	100
3:0:13:5	7	9	22	25.3441	99.5921	100
3:0:14:20	7	9	22	25.3441	99.5921	100
3:0:15:35	7	9	22	25.3441	99.5921	100
3:0:16:45	7	9	22	25.3441	99.5921	100
3:0:18:0	7	9	22	25.3441	99.5921	100
3:0:19:10	7	9	22	25.3441	99.5921	100
3:0:20:25	7	9	22	25.3441	99.5921	100
3:0:21:35	7	9	22	25.3441	99.5921	100
3:0:22:50	7	9	22	25.3441	99.5921	100
3:0:24:0	7	9	22	25.3441	99.5921	100
3:0:25:15	7	9	22	25.3441	99.5921	100
3:0:26:30	7	9	22	25.3441	99.5921	100
3:0:27:40	7	9	22	25.3441	99.5921	100
3:0:28:55	7	9	22	25.3441	99.5921	100
3:0:30:5	7	9	22	25.3441	99.5921	100
3:0:31:20	7	9	22	25.3441	99.5921	100
3:0:32:30	7	9	22	25.3441	99.5921	100
3:0:33:45	7	9	22	25.3441	99.5921	100
3:0:34:55	7	9	22	25.3441	99.5921	100
3:0:36:10	7	9	22	25.3441	99.5921	100
3:0:37:25	7	9	22	25.3441	99.5921	100
3:0:38:35	7	9	22	25.3441	99.5921	100
3:0:39:50	7	9	22	25.3441	99.5921	100
3:0:41:0	7	9	22	25.3441	99.5921	100
3:0:42:15	7	9	22	25.3441	99.5921	100
3:0:43:25	7	9	22	25.3441	99.5921	100
3:0:44:40	7	9	22	25.3441	99.5921	100
3:0:45:55	7	9	22	25.3441	99.5921	100
3:0:47:5	7	9	22	25.3441	99.5921	100
3:0:48:20	7	9	22	25.3441	99.5921	100
3:0:49:30	7	9	22	25.3441	99.5921	100
3:0:50:45	7	9	22	25.3441	99.5921	100
3:0:51:55	7	9	22	25.3441	99.5921	100
3:0:53:10	7	9	22	25.3441	99.5921	100
3:0:54:25	7	9	22	25.3441	99.5921	100
3:0:55:35	7	9	22	25.3441	99.5921	100
3:0:56:50	7	9	22	25.3441	99.5921	100
3:0:58:0	7	9	22	25.3441	99.5921	100
3:0:59:15	7	9	22	25.3441	99.5921	100
3:1:0:25	7	9	22	25.3441	99.5921	100
3:1:1:40	7	9	22	25.3441	99.5921	100
3:1:2:50	7	9	22	25.3441	99.5921	100
3:1:4:5	7	9	22	25.3441	99.5921	100
3:1:5:15	7	9	22	25.3441	99.5921	100
3:1:6:30	7	9	22	25.3441	99.5921	100
3:1:7:45	7	9	22	25.3441	99.5921	100
3:1:8:55	7	9	22	25.3441	99.5921	100
3:1:10:10	7	9	22	25.3441	99.5921	100
3:1:11:20	7	9	22	25.3441	99.5921	100
3:1:12:35	7	9	22	25.3441	99.5921	100
3:1:13:45	7	9	22	25.3441	99.5921	100
3:1:15:0	7	9	22	25.3441	99.5921	100
3:1:16:15	7	9	22	25.3441	99.5921	100
3:1:17:25	7	9	22	25.3441	99.5921	100
3:1:18:40	7	9	22	25.3441	99.5921	100
3:1:19:50	7	9	22	25.3441	99.5921	100
3:1:21:5	7	9	22	25.3441	99.5921	100
3:1:22:20	7	9	22	25.3441	99.5921	100
3:1:23:30	7	9	22	25.3441	99.5921	100
3:1:24:45	7	9	22	25.3441	99.5921	100
3:1:25:55	7	9	22	25.3441	99.5921	100
3:1:27:10	7	9	22	25.3441	99.5921	100
3:1:28:20	7	9	22	25.3441	99.5921	100
3:1:29:35	7	9	22	25.3441	99.5921	100
3:1:30:45	7	9	22	25.3441	99.5921	100
3:1:32:0	7	9	22	25.3441	99.5921	100
3:1:33:15	7	9	22	25.3441	99.5921	100
3:1:34:25	7	9	22	25.3441	99.5921	100
3:1:35:40	7	9	22	25.3441	99.5921	100
3:1:36:50	7	9	22	25.3441	99.5921	100
3:1:38:5	7	9	22	25.3441	99.5921	100
3:1:39:15	7	9	22	25.3441	99.5921	100
3:1:40:30	7	9	22	25.3441	99.5921	100
3:1:41:45	7	9	22	25.3441	99.5921	100
3:1:42:55	7	9	22	25.3441	99.5921	100
3:1:44:10	7	9	22	25.3441	99.5921	100
3:1:45:20	7	9	22	25.3441	99.5921	100
3:1:46:35	7	9	22	25.3441	99.5921	100
3:1:47:45	7	9	22	25.3441	99.5921	100
3:1:49:0	7	9	22	25.3441	99.5921	100
3:1:50:10	7	9	22	25.3441	99.5921	100
3:1:51:25	7	9	22	25.3441	99.5921	100
3:1:52:40	7	9	22	25.3441	99.5921	100
3:1:53:50	7	9	22	25.3441	99.5921	100
3:1:55:5	7	9	22	25.3441	99.5921	100
3:1:56:15	7	9	22	25.3441	99.5921	100
3:1:57:30	7	9	22	25.3441	99.5921	100
3:1:58:40	7	9	22	25.3441	99.5921	100
3:1:59:55	7	9	22	25.3441	99.5921	100
3:2:1:5	7	9	22	25.3441	99.5921	100
3:2:2:20	7	9	22	25.3441	99.5921	100
3:2:3:35	7	9	22	25.3441	99.5921	100
3:2:4:45	7	9	22	25.3441	99.5921	100
3:2:6:0	7	9	22	25.3441	99.5921	100
3:2:7:10	7	9	22	25.3441	99.5921	100
3:2:8:25	7	9	22	25.3441	99.5921	100
3:2:9:35	7	9	22	25.3441	99.5921	100
3:2:10:50	7	9	22	25.3441	99.5921	100
3:2:12:5	7	9	22	25.3441	99.5921	100
3:2:13:15	7	9	22	25.3441	99.5921	100
3:2:14:30	7	9	22	25.3441	99.5921	100
3:2:15:40	7	9	22	25.3441	99.5921	100
3:2:16:55	7	9	22	25.3441	99.5921	100
3:2:18:10	7	9	22	25.3441	99.5921	100
3:2:19:20	7	9	22	25.3441	99.5921	100
3:2:20:35	7	9	22	25.3441	99.5921	100
3:2:21:45	7	9	22	25.3441	99.5921	100
3:2:23:0	7	9	22	25.3441	99.5921	100
3:2:24:10	7	9	22	25.3441	99.5921	100
3:2:25:25	7	9	22	25.3441	99.5921	100
3:2:26:40	7	9	22	25.3441	99.5921	100
3:2:27:50	7	9	22	25.3441	99.5921	100
3:2:29:5	7	9	22	25.3441	99.5921	100
3:2:30:15	7	9	22	25.3441	99.5921	100
3:2:31:30	7	9	22	25.3441	99.5921	100
3:2:32:45	7	9	22	25.3441	99.5921	100
3:2:33:55	7	9	22	25.3441	99.5921	100
3:2:35:10	7	9	22	25.3441	99.5921	100
3:2:36:20	7	9	22	25.3441	99.5921	100
3:2:37:35	7	9	22	25.3441	99.5921	100
3:2:38:45	7	9	22	25.3441	99.5921	100
3:2:40:0	7	9	22	25.3441	99.5921	100
3:2:41:15	7	9	22	25.3441	99.5921	100
3:2:42:25	7	9	22	25.3441	99.5921	100
3:2:43:40	7	9	22	25.3441	99.5921	100
3:2:44:50	7	9	22	25.3441	99.5921	100
3:2:46:5	7	9	22	25.3441	99.5921	100
3:2:47:15	7	9	22	25.3441	99.5921	100
3:2:48:30	7	9	22	25.3441	99.5921	100
3:2:49:40	7	9	22	25.3441	99.5921	100
3:2:50:55	7	9	22	25.3441	99.5921	100
3:2:52:10	7	9	22	25.3441	99.5921	100
3:2:53:20	7	9	22	25.3441	99.5921	100
3:2:54:35	7	9	22	25.3441	99.5921	100
3:2:55:45	7	9	22	25.3441	99.5921	100
3:2:57:0	7	9	22	25.3441	99.5921	100
3:2:58:10	7	9	22	25.3441	99.5921	100
3:2:59:25	7	9	22	25.3441	99.5921	100
3:3:0:35	7	9	22	25.3441	99.5921	100
3:3:1:50	7	9	22	25.3441	99.5921	100
3:3:3:5	7	9	22	25.3441	99.5921	100
3:3:4:15	7	9	22	25.3441	99.5921	100
3:3:5:30	7	9	22	25.3441	99.5921	100
3:3:6:40	7	9	22	25.3441	99.5921	100
3:3:7:55	7	9	22	25.3441	99.5921	100
3:3:9:5	7	9	22	25.3441	99.5921	100
3:3:10:20	7	9	22	25.3441	99.5921	100
3:3:11:30	7	9	22	25.3441	99.5921	100
3:3:12:45	7	9	22	25.3441	99.5921	100
3:3:13:55	7	9	22	25.3441	99.5921	100
3:3:15:10	7	9	22	25.3441	99.5921	100
3:3:16:25	7	9	22	25.3441	99.5921	100
3:3:17:35	7	9	22	25.3441	99.5921	100
3:3:18:50	7	9	22	25.3441	99.5921	100
3:3:20:0	7	9	22	25.3441	99.5921	100
3:3:21:15	7	9	22	25.3441	99.5921	100
3:3:22:25	7	9	22	25.3441	99.5921	100
3:3:23:40	7	9	22	25.3441	99.5921	100
3:3:24:55	7	9	22	25.3441	99.5921	100
3:3:26:5	7	9	22	25.3441	99.5921	100
3:3:27:20	7	9	22	25.3441	99.5921	100
3:3:28:30	7	9	22	25.3441	99.5921	100
3:3:29:45	7	9	22	25.3441	99.5921	100
3:3:30:55	7	9	22	25.3441	99.5921	100
3:3:32:10	7	9	22	25.3441	99.5921	100
3:3:33:20	7	9	22	25.3441	99.5921	100
3:3:34:35	7	9	22	25.3441	99.5921	100
3:3:35:50	7	9	22	25.3441	99.5921	100
3:3:37:0	7	9	22	25.3441	99.5921	100
3:3:38:15	7	9	22	25.3441	99.5921	100
3:3:39:25	7	9	22	25.3441	99.5921	100
3:3:40:40	7	9	22	25.3441	99.5921	100
3:3:41:50	7	9	22	25.3441	99.5921	100
3:3:43:5	7	9	22	25.3441	99.5921	100
3:3:44:20	7	9	22	25.3441	99.5921	100
3:3:45:30	7	9	22	25.3441	99.5921	100
3:3:46:45	7	9	22	25.3441	99.5921	100
3:3:47:55	7	9	22	25.3441	99.5921	100
3:3:49:10	7	9	22	25.3441	99.5921	100
3:3:50:20	7	9	22	25.3441	99.5921	100
3:3:51:35	7	9	22	25.3441	99.5921	100
3:3:52:50	7	9	22	25.3441	99.5921	100
3:3:54:0	7	9	22	25.3441	99.5921	100
3:3:55:15	7	9	22	25.3441	99.5921	100
3:3:56:25	7	9	22	25.3441	99.5921	100
3:3:57:40	7	9	22	25.3441	99.5921	100
3:3:58:55	7	9	22	25.3441	99.5921	100
3:4:0:5	7	9	22	25.3441	99.5921	100
3:4:1:20	7	9	22	25.3441	99.5921	100
3:4:2:30	7	9	22	25.3441	99.5921	100
3:4:3:45	7	9	22	25.3441	99.5921	100
3:4:4:55	7	9	22	25.3441	99.5921	100
3:4:6:10	7	9	22	25.3441	99.5921	100
3:4:7:20	7	9	22	25.3441	99.5921	100
3:4:8:35	7	9	22	25.3441	99.5921	100
3:4:9:50	7	9	22	25.3441	99.5921	100
3:4:11:0	7	9	22	25.3441	99.5921	100
3:4:12:15	7	9	22	25.3441	99.5921	100
3:4:13:25	7	9	22	25.3441	99.5921	100
3:4:14:40	7	9	22	25.3441	99.5921	100
3:4:15:50	7	9	22	25.3441	99.5921	100
3:4:17:5	7	9	22	25.3441	99.5921	100
3:4:18:20	7	9	22	25.3441	99.5921	100
3:4:19:30	7	9	22	25.3441	99.5921	100
3:4:20:45	7	9	22	25.3441	99.5921	100
3:4:21:55	7	9	22	25.3441	99.5921	100
3:4:23:10	7	9	22	25.3441	99.5921	100
3:4:24:20	7	9	22	25.3441	99.5921	100
3:4:25:35	7	9	22	25.3441	99.5921	100
3:4:26:45	7	9	22	25.3441	99.5921	100
3:4:28:0	7	9	22	25.3441	99.5921	100
3:4:29:15	7	9	22	25.3441	99.5921	100
3:4:30:25	7	9	22	25.3441	99.5921	100
3:4:31:40	7	9	22	25.3441	99.5921	100
3:4:32:50	7	9	22	25.3441	99.5921	100
3:4:34:5	7	9	22	25.3441	99.5921	100
3:4:35:15	7	9	22	25.3441	99.5921	100
3:4:36:30	7	9	22	25.3441	99.5921	100
3:4:37:40	7	9	22	25.3441	99.5921	100
3:4:38:55	7	9	22	25.3441	99.5921	100
3:4:40:5	7	9	22	25.3441	99.5921	100
3:4:41:20	7	9	22	25.3441	99.5921	100
3:4:42:35	7	9	22	25.3441	99.5921	100
3:4:43:45	7	9	22	25.3441	99.5921	100
3:4:45:0	7	9	22	25.3441	99.5921	100
3:4:46:10	7	9	22	25.3441	99.5921	100
3:4:47:25	7	9	22	25.3441	99.5921	100
3:4:48:35	7	9	22	25.3441	99.5921	100
3:4:49:50	7	9	22	25.3441	99.5921	100
3:4:51:5	7	9	22	25.3441	99.5921	100
3:4:52:15	7	9	22	25.3441	99.5921	100
3:4:53:30	7	9	22	25.3441	99.5921	100
3:4:54:40	7	9	22	25.3441	99.5921	100
3:4:55:55	7	9	22	25.3441	99.5921	100
3:4:57:5	7	9	22	25.3441	99.5921	100
3:4:58:20	7	9	22	25.3441	99.5921	100
3:4:59:35	7	9	22	25.3441	99.5921	100
3:5:0:45	7	9	22	25.3441	99.5921	100
3:5:2:0	7	9	22	25.3441	99.5921	100
3:5:3:10	7	9	22	25.3441	99.5921	100
3:5:4:25	7	9	22	25.3441	99.5921	100
3:5:5:35	7	9	22	25.3441	99.5921	100
3:5:6:50	7	9	22	25.3441	99.5921	100
3:5:8:5	7	9	22	25.3441	99.5921	100
3:5:9:15	7	9	22	25.3441	99.5921	100
3:5:10:30	7	9	22	25.3441	99.5921	100
3:5:11:40	7	9	22	25.3441	99.5921	100
3:5:12:55	7	9	22	25.3441	99.5921	100
3:5:14:10	7	9	22	25.3441	99.5921	100
3:5:15:20	7	9	22	25.3441	99.5921	100
3:5:16:35	7	9	22	25.3441	99.5921	100
3:5:17:45	7	9	22	25.3441	99.5921	100
3:5:19:0	7	9	22	25.3441	99.5921	100
3:5:20:10	7	9	22	25.3441	99.5921	100
3:5:21:25	7	9	22	25.3441	99.5921	100
3:5:22:35	7	9	22	25.3441	99.5921	100
3:5:23:50	7	9	22	25.3441	99.5921	100
3:5:25:5	7	9	22	25.3441	99.5921	100
3:5:26:15	7	9	22	25.3441	99.5921	100
3:5:27:30	7	9	22	25.3441	99.5921	100
3:5:28:40	7	9	22	25.3441	99.5921	100
3:5:29:55	7	9	22	25.3441	99.5921	100
3:5:31:10	7	9	22	25.3441	99.5921	100
3:5:32:20	7	9	22	25.3441	99.5921	100
3:5:33:35	7	9	22	25.3441	99.5921	100
3:5:34:45	7	9	22	25.3441	99.5921	100
3:5:36:0	7	9	22	25.3441	99.5921	100
3:5:37:10	7	9	22	25.3441	99.5921	100
3:5:38:25	7	9	22	25.3441	99.5921	100
3:5:39:35	7	9	22	25.3441	99.5921	100
3:5:40:50	7	9	22	25.3441	99.5921	100
3:5:42:5	7	9	22	25.3441	99.5921	100
3:5:43:15	7	9	22	25.3441	99.5921	100
3:5:44:30	7	9	22	25.3441	99.5921	100
3:5:45:40	7	9	22	25.3441	99.5921	100
3:5:46:55	7	9	22	25.3441	99.5921	100
3:5:48:5	7	9	22	25.3441	99.5921	100
3:5:49:20	7	9	22	25.3441	99.5921	100
3:5:50:30	7	9	22	25.3441	99.5921	100
3:5:51:45	7	9	22	25.3441	99.5921	100
3:5:53:0	7	9	22	25.3441	99.5921	100
3:5:54:10	7	9	22	25.3441	99.5921	100
3:5:55:25	7	9	22	25.3441	99.5921	100
3:5:56:35	7	9	22	25.3441	99.5921	100
3:5:57:50	7	9	22	25.3441	99.5921	100
3:5:59:0	7	9	22	25.3441	99.5921	100
3:6:0:15	7	9	22	25.3441	99.5921	100
3:6:1:25	7	9	22	25.3441	99.5921	100
3:6:2:40	7	9	22	25.3441	99.5921	100
3:6:3:55	7	9	22	25.3441	99.5921	100
3:6:5:5	7	9	22	25.3441	99.5921	100
3:6:6:20	7	9	22	25.3441	99.5921	100
3:6:7:30	7	9	22	25.3441	99.5921	100
3:6:8:45	7	9	22	25.3441	99.5921	100
3:6:9:55	7	9	22	25.3441	99.5921	100
3:6:11:10	7	9	22	25.3441	99.5921	100
3:6:12:20	7	9	22	25.3441	99.5921	100
3:6:13:35	7	9	22	25.3441	99.5921	100
3:6:14:50	7	9	22	25.3441	99.5921	100
3:6:16:0	7	9	22	25.3441	99.5921	100
3:6:17:15	7	9	22	25.3441	99.5921	100
3:6:18:25	7	9	22	25.3441	99.5921	100
3:6:19:40	7	9	22	25.3441	99.5921	100
3:6:20:50	7	9	22	25.3441	99.5921	100
3:6:22:5	7	9	22	25.3441	99.5921	100
3:6:23:20	7	9	22	25.3441	99.5921	100
3:6:24:30	7	9	22	25.3441	99.5921	100
3:6:25:45	7	9	22	25.3441	99.5921	100
3:6:26:55	7	9	22	25.3441	99.5921	100
3:6:28:10	7	9	22	25.3441	99.5921	100
3:6:29:20	7	9	22	25.3441	99.5921	100
3:6:30:35	7	9	22	25.3441	99.5921	100
3:6:31:50	7	9	22	25.3441	99.5921	100
3:6:33:0	7	9	22	25.3441	99.5921	100
3:6:34:15	7	9	22	25.3441	99.5921	100
3:6:35:25	7	9	22	25.3441	99.5921	100
3:6:36:40	7	9	22	25.3441	99.5921	100
3:6:37:50	7	9	22	25.3441	99.5921	100
3:6:39:5	7	9	22	25.3441	99.5921	100
3:6:40:20	7	9	22	25.3441	99.5921	100
3:6:41:30	7	9	22	25.3441	99.5921	100
3:6:42:45	7	9	22	25.3441	99.5921	100
3:6:43:55	7	9	22	25.3441	99.5921	100
3:6:45:10	7	9	22	25.3441	99.5921	100
3:6:46:20	7	9	22	25.3441	99.5921	100
3:6:47:35	7	9	22	25.3441	99.5921	100
3:6:48:50	7	9	22	25.3441	99.5921	100
3:6:50:0	7	9	22	25.3441	99.5921	100
3:6:51:15	7	9	22	25.3441	99.5921	100
3:6:52:25	7	9	22	25.3441	99.5921	100
3:6:53:40	7	9	22	25.3441	99.5921	100
3:6:54:50	7	9	22	25.3441	99.5921	100
3:6:56:5	7	9	22	25.3441	99.5921	100
3:6:57:20	7	9	22	25.3441	99.5921	100
3:6:58:30	7	9	22	25.3441	99.5921	100
3:6:59:45	7	9	22	25.3441	99.5921	100
3:7:0:55	7	9	22	25.3441	99.5921	100
3:7:2:10	7	9	22	25.3441	99.5921	100
3:7:3:20	7	9	22	25.3441	99.5921	100
3:7:4:35	7	9	22	25.3441	99.5921	100
3:7:5:45	7	9	22	25.3441	99.5921	100
3:7:7:0	7	9	22	25.3441	99.5921	100
3:7:8:15	7	9	22	25.3441	99.5921	100
3:7:9:25	7	9	22	25.3441	99.5921	100
3:7:10:40	7	9	22	25.3441	99.5921	100
3:7:11:50	7	9	22	25.3441	99.5921	100
3:7:13:5	7	9	22	25.3441	99.5921	100
3:7:14:15	7	9	22	25.3441	99.5921	100
3:7:15:30	7	9	22	25.3441	99.5921	100
3:7:16:40	7	9	22	25.3441	99.5921	100
3:7:17:55	7	9	22	25.3441	99.5921	100
3:7:19:10	7	9	22	25.3441	99.5921	100
3:7:20:20	7	9	22	25.3441	99.5921	100
3:7:21:35	7	9	22	25.3441	99.5921	100
3:7:22:45	7	9	22	25.3441	99.5921	100
3:7:24:0	7	9	22	25.3441	99.5921	100
3:7:25:10	7	9	22	25.3441	99.5921	100
3:7:26:25	7	9	22	25.3441	99.5921	100
3:7:27:35	7	9	22	25.3441	99.5921	100
3:7:28:50	7	9	22	25.3441	99.5921	100
3:7:30:5	7	9	22	25.3441	99.5921	100
3:7:31:15	7	9	22	25.3441	99.5921	100
3:7:32:30	7	9	22	25.3441	99.5921	100
3:7:33:40	7	9	22	25.3441	99.5921	100
3:7:34:55	7	9	22	25.3441	99.5921	100
3:7:36:5	7	9	22	25.3441	99.5921	100
3:7:37:20	7	9	22	25.3441	99.5921	100
3:7:38:35	7	9	22	25.3441	99.5921	100
3:7:39:45	7	9	22	25.3441	99.5921	100
3:7:41:0	7	9	22	25.3441	99.5921	100
3:7:42:10	7	9	22	25.3441	99.5921	100
3:7:43:25	7	9	22	25.3441	99.5921	100
3:7:44:35	7	9	22	25.3441	99.5921	100
3:7:45:50	7	9	22	25.3441	99.5921	100
3:7:47:5	7	9	22	25.3441	99.5921	100
3:7:48:15	7	9	22	25.3441	99.5921	100
3:7:49:30	7	9	22	25.3441	99.5921	100
3:7:50:40	7	9	22	25.3441	99.5921	100
3:7:51:55	7	9	22	25.3441	99.5921	100
3:7:53:10	7	9	22	25.3441	99.5921	100
3:7:54:20	7	9	22	25.3441	99.5921	100
3:7:55:35	7	9	22	25.3441	99.5921	100
3:7:56:45	7	9	22	25.3441	99.5921	100
3:7:58:0	7	9	22	25.3441	99.5921	100
3:7:59:10	7	9	22	25.3441	99.5921	100
3:8:0:25	7	9	22	25.3441	99.5921	100
3:8:1:35	7	9	22	25.3441	99.5921	100
3:8:2:50	7	9	22	25.3441	99.5921	100
3:8:4:5	7	9	22	25.3441	99.5921	100
3:8:5:15	7	9	22	25.3441	99.5921	100
3:8:6:30	7	9	22	25.3441	99.5921	100
3:8:7:40	7	9	22	25.3441	99.5921	100
3:8:8:55	7	9	22	25.3441	99.5921	100
3:8:10:5	7	9	22	25.3441	99.5921	100
3:8:11:20	7	9	22	25.3441	99.5921	100
3:8:12:30	7	9	22	25.3441	99.5921	100
3:8:13:45	7	9	22	25.3441	99.5921	100
3:8:15:0	7	9	22	25.3441	99.5921	100
3:8:16:10	7	9	22	25.3441	99.5921	100
3:8:17:25	7	9	22	25.3441	99.5921	100
3:8:18:35	7	9	22	25.3441	99.5921	100
3:8:19:50	7	9	22	25.3441	99.5921	100
3:8:21:0	7	9	22	25.3441	99.5921	100
3:8:22:15	7	9	22	25.3441	99.5921	100
3:8:23:25	7	9	22	25.3441	99.5921	100
3:8:24:40	7	9	22	25.3441	99.5921	100
3:8:25:55	7	9	22	25.3441	99.5921	100
3:8:27:5	7	9	22	25.3441	99.5921	100
3:8:28:20	7	9	22	25.3441	99.5921	100
3:8:29:30	7	9	22	25.3441	99.5921	100
3:8:30:45	7	9	22	25.3441	99.5921	100
3:8:31:55	7	9	22	25.3441	99.5921	100
3:8:33:10	7	9	22	25.3441	99.5921	100
3:8:34:20	7	9	22	25.3441	99.5921	100
3:8:35:35	7	9	22	25.3441	99.5921	100
3:8:36:50	7	9	22	25.3441	99.5921	100
3:8:38:0	7	9	22	25.3441	99.5921	100
3:8:39:15	7	9	22	25.3441	99.5921	100
3:8:40:25	7	9	22	25.3441	99.5921	100
3:8:41:40	7	9	22	25.3441	99.5921	100
3:8:42:50	7	9	22	25.3441	99.5921	100
3:8:44:5	7	9	22	25.3441	99.5921	100
3:8:45:15	7	9	22	25.3441	99.5921	100
3:8:46:30	7	9	22	25.3441	99.5921	100
3:8:47:40	7	9	22	25.3441	99.5921	100
3:8:48:55	7	9	22	25.3441	99.5921	100
3:8:50:10	7	9	22	25.3441	99.5921	100
3:8:51:20	7	9	22	25.3441	99.5921	100
3:8:52:35	7	9	22	25.3441	99.5921	100
3:8:53:45	7	9	22	25.3441	99.5921	100
3:8:55:0	7	9	22	25.3441	99.5921	100
3:8:56:10	7	9	22	25.3441	99.5921	100
3:8:57:25	7	9	22	25.3441	99.5921	100
3:8:58:35	7	9	22	25.3441	99.5921	100
3:8:59:50	7	9	22	25.3441	99.5921	100
3:9:1:5	7	9	22	25.3441	99.5921	100
3:9:2:15	7	9	22	25.3441	99.5921	100
3:9:3:30	7	9	22	25.3441	99.5921	100
3:9:4:40	7	9	22	25.3441	99.5921	100
3:9:5:55	7	9	22	25.3441	99.5921	100
3:9:7:10	7	9	22	25.3441	99.5921	100
3:9:8:20	7	9	22	25.3441	99.5921	100
3:9:9:35	7	9	22	25.3441	99.5921	100
3:9:10:45	7	9	22	25.3441	99.5921	100
3:9:12:0	7	9	22	25.3441	99.5921	100
3:9:13:10	7	9	22	25.3441	99.5921	100
3:9:14:25	7	9	22	25.3441	99.5921	100
3:9:15:35	7	9	22	25.3441	99.5921	100
3:9:16:50	7	9	22	25.3441	99.5921	100
3:9:18:5	7	9	22	25.3441	99.5921	100
3:9:19:15	7	9	22	25.3441	99.5921	100
3:9:20:30	7	9	22	25.3441	99.5921	100
3:9:21:40	7	9	22	25.3441	99.5921	100
3:9:22:55	7	9	22	25.3441	99.5921	100
3:9:24:5	7	9	22	25.3441	99.5921	100
3:9:25:20	7	9	22	25.3441	99.5921	100
3:9:26:35	7	9	22	25.3441	99.5921	100
3:9:27:45	7	9	22	25.3441	99.5921	100
3:9:29:0	7	9	22	25.3441	99.5921	100
3:9:30:10	7	9	22	25.3441	99.5921	100
3:9:31:25	7	9	22	25.3441	99.5921	100
3:9:32:35	7	9	22	25.3441	99.5921	100
3:9:33:50	7	9	22	25.3441	99.5921	100
3:9:35:5	7	9	22	25.3441	99.5921	100
3:9:36:15	7	9	22	25.3441	99.5921	100
3:9:37:30	7	9	22	25.3441	99.5921	100
3:9:38:40	7	9	22	25.3441	99.5921	100
3:9:39:55	7	9	22	25.3441	99.5921	100
3:9:41:5	7	9	22	25.3441	99.5921	100
3:9:42:20	7	9	22	25.3441	99.5921	100
3:9:43:35	7	9	22	25.3441	99.5921	100
3:9:44:45	7	9	22	25.3441	99.5921	100
3:9:46:0	7	9	22	25.3441	99.5921	100
3:9:47:10	7	9	22	25.3441	99.5921	100
3:9:48:25	7	9	22	25.3441	99.5921	100
3:9:49:35	7	9	22	25.3441	99.5921	100
3:9:50:50	7	9	22	25.3441	99.5921	100
3:9:52:0	7	9	22	25.3441	99.5921	100
3:9:53:15	7	9	22	25.3441	99.5921	100
3:9:54:30	7	9	22	25.3441	99.5921	100
3:9:55:40	7	9	22	25.3441	99.5921	100
3:9:56:55	7	9	22	25.3441	99.5921	100
3:9:58:5	7	9	22	25.3441	99.5921	100
3:9:59:20	7	9	22	25.3441	99.5921	100
3:10:0:30	7	9	22	25.3441	99.5921	100
3:10:1:45	7	9	22	25.3441	99.5921	100
3:10:3:0	7	9	22	25.3441	99.5921	100
3:10:4:10	7	9	22	25.3441	99.5921	100
3:10:5:25	7	9	22	25.3441	99.5921	100
3:10:6:35	7	9	22	25.3441	99.5921	100
3:10:7:50	7	9	22	25.3441	99.5921	100
3:10:9:0	7	9	22	25.3441	99.5921	100
3:10:10:15	7	9	22	25.3441	99.5921	100
3:10:11:30	7	9	22	25.3441	99.5921	100
3:10:12:40	7	9	22	25.3441	99.5921	100
3:10:13:55	7	9	22	25.3441	99.5921	100
3:10:15:5	7	9	22	25.3441	99.5921	100
3:10:16:20	7	9	22	25.3441	99.5921	100
3:10:17:30	7	9	22	25.3441	99.5921	100
3:10:18:45	7	9	22	25.3441	99.5921	100
3:10:20:0	7	9	22	25.3441	99.5921	100
3:10:21:10	7	9	22	25.3441	99.5921	100
3:10:22:25	7	9	22	25.3441	99.5921	100
3:10:23:35	7	9	22	25.3441	99.5921	100
3:10:24:50	7	9	22	25.3441	99.5921	100
3:10:26:0	7	9	22	25.3441	99.5921	100
3:10:27:15	7	9	22	25.3441	99.5921	100
3:10:28:30	7	9	22	25.3441	99.5921	100
3:10:29:40	7	9	22	25.3441	99.5921	100
3:10:30:55	7	9	22	25.3441	99.5921	100
3:10:32:5	7	9	22	25.3441	99.5921	100
3:10:33:20	7	9	22	25.3441	99.5921	100
3:10:34:30	7	9	22	25.3441	99.5921	100
3:10:35:45	7	9	22	25.3441	99.5921	100
3:10:37:0	7	9	22	25.3441	99.5921	100
3:10:38:10	7	9	22	25.3441	99.5921	100
3:10:39:25	7	9	22	25.3441	99.5921	100
3:10:40:35	7	9	22	25.3441	99.5921	100
3:10:41:50	7	9	22	25.3441	99.5921	100
3:10:43:0	7	9	22	25.3441	99.5921	100
3:10:44:15	7	9	22	25.3441	99.5921	100
3:10:45:10	7	9	22	25.3441	99.5921	100
3:10:45:10	7	9	22	25.3441	99.5921	100
3:10:45:10	7	9	22	25.3441	99.5921	100
3:10:45:10	7	9	22	25.3441	99.5921	100
3:10:45:10	7	9	22	25.3441	99.5921	100
3:10:45:10	7	9	22	25.3441	99.5921	100
3:10:45:10	7	9	22	25.3441	99.5921	100
3:10:45:10	7	9	22	25.3441	99.5921	100
3:10:45:10	7	9	22	25.3441	99.5921	100
3:10:45:10	7	9	22	25.3441	99.5921	100
3:10:45:10	7	9	22	25.3441	99.5921	100
3:10:45:10	7	9	22	25.3441	99.5921	100
3:10:45:10	7	9	22	25.3441	99.5921	100
3:10:45:10	7	9	22	25.3441	99.5921	100
3:10:45:10	7	9	22	25.3441	99.5921	100
3:10:45:10	7	9	22	25.3441	99.5921	100
3:10:45:10	7	9	22	25.3441	99.5921	100
3:10:45:10	7	9	22	25.3441	99.5921	100
3:10:45:10	7	9	22	25.3441	99.5921	100
3:10:45:10	7	9	22	25.3441	99.5921	100
3:10:45:10	7	9	22	25.3441	99.5921	100
3:10:45:10	7	9	22	25.3441	99.5921	100
3:10:45:10	7	9	22	25.3441	99.5921	100
3:10:45:10	7	9	22	25.3441	99.5921	100
3:10:45:10	7	9	22	25.3441	99.5921	100
3:10:45:10	7	9	22	25.3441	99.5921	100
3:10:45:10	7	9	22	25.3441	99.5921	100
3:10:45:10	7	9	22	25.3441	99.5921	100
3:10:45:10	7	9	22	25.3441	99.5921	100
3:10:45:10	7	9	22	25.3441	99.5921	100
3:10:45:10	7	9	22	25.3441	99.5921	100
3:10:45:10	7	9	22	25.3441	99.5921	100
3:10:45:10	7	9	22	25.3441	99.5921	100
3:10:45:10	7	9	22	25.3441	99.5921	100
3:10:45:10	7	9	22	25.3441	99.5921	100
3:10:45:10	7	9	22	25.3441	99.5921	100
3:10:45:10	7	9	22	25.3441	99.5921	100
3:10:45:10	7	9	22	25.3441	99.5921	100
3:10:45:10	7	9	22	25.3441	99.5921	100
3:10:45:10	7	9	22	25.3441	99.5921	100
3:10:45:10	7	9	22	25.3441	99.5921	100
3:10:45:10	7	9	22	25.3441	99.5921	100
3:10:45:10	7	9	22	25.3441	99.5921	100
3:10:45:10	7	9	22	25.3441	99.5921	100
3:10:45:10	7	9	22	25.3441	99.5921	100
3:10:45:10	7	9	22	25.3441	99.5921	100
3:10:45:10	7	9	22	25.3441	99.5921	100
3:10:45:10	7	9	22	25.3441	99.5921	100
3:10:45:10	7	9	22	25.3441	99.5921	100
3:10:45:10	7	9	22	25.3441	99.5921	100
3:10:45:10	7	9	22	25.3441	99.5921	100
3:10:45:10	7	9	22	25.3441	99.5921	100
3:10:45:10	7	9	22	25.3441	99.5921	100
3:10:45:10	7	9	22	25.3441	99.5921	100
3:10:45:10	7	9	22	25.3441	99.5921	100
3:10:45:10	7	9	22	25.3441	99.5921	100
3:10:45:10	7	9	22	25.3441	99.5921	100
3:10:45:10	7	9	22	25.3441	99.5921	100
3:10:45:10	7	9	22	25.3441	99.5921	100
3:10:45:10	7	9	22	25.3441	99.5921	100
3:10:45:10	7	9	22	25.3441	99.5921	100
3:10:45:10	7	9	22	25.3441	99.5921	100
3:10:45:10	7	9	22	25.3441	99.5921	100
3:10:45:10	7	9	22	25.3441	99.5921	100
3:10:45:10	7	9	22	25.3441	99.5921	100
3:10:45:10	7	9	22	25.3441	99.5921	100
3:10:45:10	7	9	22	25.3441	99.5921	100
3:10:45:10	7	9	22	25.3441	99.5921	100
3:10:45:10	7	9	22	25.3441	99.5921	100
3:10:45:10	7	9	22	25.3441	99.5921	100
3:10:45:10	7	9	22	25.3441	99.5921	100
3:10:45:10	7	9	22	25.3441	99.5921	100
3:10:45:10	7	9	22	25.3441	99.5921	100
3:10:45:10	7	9	22	25.3441	99.5921	100
3:8:1:55	7	9	22	27.4582	99.5172	100
3:8:3:10	7	9	22	26.5145	99.5172	100
3:8:4:20	7	9	22	25.6101	83.1881	82.67100000000002
3:8:5:35	7	9	22	24.9795	74.2805	73.74849999999986
3:8:6:45	7	9	22	24.4825	73.8783	73.38250000000002
3:8:7:55	7	9	22	24.0215	73.8783	74.02550000000004
3:8:9:10	7	9	22	23.6127	71.8846	71.37049999999992
3:8:10:20	7	9	22	23.2495	67.7685	67.31849999999997
3:8:11:35	7	9	22	22.9319	62.3808	61.88150000000003
3:8:12:45	7	9	22	22.6253	56.0815	55.54849999999989
3:8:14:0	7	9	22	22.0316	46.9948	46.52649999999992
3:8:15:10	7	9	22	22.0316	16.3133	15.722000000000019
3:8:16:25	7	9	22	22.0316	18.5175	19.00650000000002
3:8:17:30	7	9	22	22.0316	18.8307	19.32250000000003
3:8:18:45	7	9	22	22.1442	19.1447	19.63850000000004
3:8:20:0	7	9	22	22.3406	26.9878	27.27350000000008
3:8:21:10	7	9	22	22.3406	40.51	40.918499999999895
3:8:22:25	7	9	22	22.0784	43.0508	43.342499999999895
3:8:23:35	7	9	22	21.9369	30.1767	29.70549999999988
3:8:24:50	7	9	22	22.019	23.0889	22.603000000000055
3:8:26:0	7	9	22	22.2227	27.6086	28.015999999999856
3:8:27:15	7	9	22	22.2227	40.6526	41.035999999999945
3:8:28:25	7	9	22	22.031	41.8485	42.24449999999993
3:8:29:40	7	9	22	21.9345	32.4857	32.01099999999987
3:8:30:55	7	9	22	21.6716	27.4917	27.00699999999993
3:8:32:5	7	9	22	21.8217	10.275	9.74600000000003
3:8:33:20	7	9	22	21.9853	17.0938	17.53299999999993
3:8:34:30	7	9	22	22.1651	25.3193	25.633499999999863
3:8:35:45	7	9	22	22.0724	35.8678	36.355499999999864
3:8:36:55	7	9	22	21.8014	31.542	31.08199999999981
3:8:38:10	7	9	22	21.7956	15.1722	14.654499999999974
3:8:39:25	7	9	22	21.9485	14.1663	13.646499999999925
3:8:40:35	7	9	22	22.1142	21.1169	21.56999999999986
3:8:41:50	7	9	22	22.184	30.6492	31.06099999999993
3:8:43:0	7	9	22	22.0624	35.4587	35.911499999999975
3:8:44:15	7	9	22	21.9966	29.9432	29.49849999999993
3:8:45:30	7	9	22	21.863	26.9751	26.453499999999973
3:8:46:40	7	9	22	22.0601	18.583	18.064499999999896
3:8:47:55	7	9	22	22.4312	29.8789	30.17399999999983
3:8:49:5	7	9	22	21.6085	53.589	53.910999999999945
3:8:50:20	7	9	22	21.7156	3.5316	2.891999999999868
3:8:51:30	7	9	22	21.8269	9.6906	10.051999999999808
3:8:52:45	7	9	22	22.0668	13.5958	13.906999999999794
3:8:53:55	7	9	22	22.276	26.8201	27.212999999999923
3:8:55:5	7	9	22	22.3287	39.8945	40.279499999999864
3:8:56:20	7	9	22	21.9365	44.9307	45.41899999999997
3:8:57:30	7	9	22	21.812	23.4534	22.94949999999981
3:8:58:45	7	9	22	21.8174	16.6612	16.182999999999964
3:8:59:55	7	9	22	21.9905	15.7814	15.276499999999839
3:9:1:10	7	9	22	22.1911	24.3322	24.674999999999944
3:9:2:20	7	9	22	21.884	36.4201	36.7534999999998
3:9:3:35	7	9	22	21.7702	18.1732	17.699999999999907
3:9:4:50	7	9	22	21.8025	11.1624	10.678499999999822
3:9:5:55	7	9	22	21.9596	11.1624	11.048999999999776
3:9:7:10	7	9	22	22.1331	18.85	19.12399999999975
3:9:8:20	7	9	22	22.3305	28.7712	29.211999999999776
3:9:9:35	7	9	22	22.1328	42.1077	42.506499999999875
3:9:10:45	7	9	22	22.0253	32.4541	31.9739999999998
3:9:12:0	7	9	22	21.9406	27.7761	27.302999999999923
3:9:13:15	7	9	22	21.8264	23.0624	22.587999999999827
3:9:14:25	7	9	22	22.0171	15.4931	14.994499999999814
3:9:15:40	7	9	22	22.3998	25.7585	26.22499999999979
3:9:16:50	7	9	22	21.9907	49.9826	50.31799999999977
3:9:18:5	7	9	22	22.0151	26.2718	25.810999999999847
3:9:19:15	7	9	22	21.9913	29.0115	29.349499999999843
3:9:20:30	7	9	22	21.8512	29.0115	27.831499999999757
3:9:21:40	7	9	22	22.28	19.2393	18.75699999999973
3:9:22:55	7	9	22	21.8508	45.4538	45.84149999999988
3:9:24:10	7	9	22	21.8508	19.0784	18.59949999999978
3:9:25:20	7	9	22	21.953	19.0784	19.253499999999782
3:9:26:35	7	9	22	22.0785	23.9431	24.404499999999768
3:9:27:45	7	9	22	22.3308	31.1112	31.580999999999687
3:9:29:0	7	9	22	21.5861	47.8199	48.13799999999979
3:9:30:10	7	9	22	21.6975	2.5091	1.7789999999996695
3:9:31:25	7	9	22	21.8307	8.2843	8.604499999999874
3:9:32:35	7	9	22	21.9329	13.2096	13.680499999999785
3:9:33:50	7	9	22	22.143	17.5804	17.964499999999784
3:9:35:5	7	9	22	22.3827	30.0839	30.438999999999826
3:9:36:15	7	9	22	22.6865	46.1063	46.39899999999977
3:9:37:30	7	9	22	21.6621	68.4874	68.7744999999997
3:9:38:40	7	9	22	21.0556	8.4049	7.534499999999696
3:9:39:55	7	9	22	21.1784	0.0	0
3:9:41:5	7	9	22	21.3405	1.1824	1.570500000000088
3:9:42:20	7	9	22	21.5056	2.9458	3.277000000000001
3:9:43:30	7	9	22	21.6709	6.1556	6.603000000000154
3:9:44:45	7	9	22	21.9339	11.1036	11.578000000000053
3:9:45:55	7	9	22	21.9339	24.1708	24.555500000000166
3:9:47:5	7	9	22	21.9339	23.0543	22.57950000000017
3:9:48:20	7	9	22	21.8619	22.3764	21.918500000000183
3:9:49:30	7	9	22	22.2733	17.0737	16.57750000000002
3:9:50:45	7	9	22	21.8248	41.9451	42.29750000000004
3:9:51:55	7	9	22	21.9185	14.3826	13.82100000000008
3:9:53:10	7	9	22	21.9185	20.0892	20.402000000000196
3:9:54:20	7	9	22	21.9185	19.5953	19.118500000000203
3:9:55:35	7	9	22	22.1779	18.7908	18.30350000000022
3:9:56:50	7	9	22	22.0532	33.8599	34.3495000000002
3:9:58:0	7	9	22	21.9556	27.2698	26.726000000000166
3:9:59:15	7	9	22	21.9556	22.0288	21.53750000000018
3:10:0:25	7	9	22	22.1842	22.0288	21.581500000000183
3:10:1:40	7	9	22	22.0577	35.5862	35.9965000000002
3:10:2:50	7	9	22	22.0577	28.9472	28.473000000000198
3:10:4:5	7	9	22	22.0577	29.2406	29.682500000000203
3:10:5:20	7	9	22	21.9304	29.8824	30.25950000000021
3:10:6:30	7	9	22	22.3492	23.0415	22.5620000000001
3:10:7:45	7	9	22	21.661	49.3348	49.72450000000016
3:10:8:55	7	9	22	21.7921	7.0905	6.389500000000261
3:10:10:10	7	9	22	21.9042	14.4696	14.962000000000266
3:10:11:20	7	9	22	21.9042	19.0907	19.514000000000156
3:10:12:35	7	9	22	22.1638	18.4457	17.99550000000016
3:10:13:50	7	9	22	22.4434	33.4266	33.91150000000009
3:10:15:0	7	9	22	22.4434	52.037	52.42550000000021
3:10:16:15	7	9	22	21.9046	55.058	55.46150000000021
3:10:17:25	7	9	22	21.7163	25.4545	24.873500000000085
3:10:18:40	7	9	22	21.7735	14.8715	14.374000000000201
3:10:19:50	7	9	22	21.9794	15.8987	16.196500000000075
3:10:21:5	7	9	22	21.8704	26.5348	27.029000000000053
3:10:22:15	7	9	22	21.8704	19.277	18.708500000000154
3:10:23:30	7	9	22	21.8704	18.4357	17.957500000000145
3:10:24:45	7	9	22	21.9261	17.161	16.661500000000146
3:10:25:55	7	9	22	21.9261	18.5043	18.986000000000253
3:10:27:10	7	9	22	22.1758	18.4374	17.96850000000026
3:10:28:20	7	9	22	22.412	32.9971	33.46000000000009
3:10:29:35	7	9	22	21.9176	49.0294	49.322500000000105
3:10:30:45	7	9	22	21.9176	20.6945	20.12550000000017
3:10:32:0	7	9	22	21.9176	21.3263	21.773500000000165
3:10:33:15	7	9	22	21.9176	21.3263	20.949500000000167
3:10:34:25	7	9	22	22.1418	20.5956	20.12550000000017
3:10:35:40	7	9	22	22.1127	33.4985	33.874500000000154
3:10:36:50	7	9	22	22.0954	32.7535	32.28000000000017
3:10:38:5	7	9	22	22.0954	32.7535	32.42800000000025
3:10:39:15	7	9	22	21.8483	33.0412	33.46850000000026
3:10:40:30	7	9	22	22.3705	18.8497	18.361000000000068
3:10:41:45	7	9	22	21.9142	51.7094	52.02250000000017
3:10:42:55	7	9	22	21.9142	24.0199	23.45700000000024
3:10:44:10	7	9	22	22.0425	24.5846	24.880500000000243
3:10:45:20	7	9	22	21.9279	31.8787	32.362000000000215
3:10:46:35	7	9	22	21.676	25.1724	24.696500000000263
3:10:47:45	7	9	22	21.8169	8.6941	8.175000000000097
3:10:49:0	7	9	22	22.0289	14.9722	15.353000000000225
3:10:50:15	7	9	22	22.2716	26.3038	26.597500000000203
3:10:51:25	7	9	22	22.122	41.1254	41.60200000000016
3:10:52:40	7	9	22	21.8648	33.8708	33.38050000000019
3:10:53:50	7	9	22	21.8648	19.1266	18.630500000000122
3:10:55:5	7	9	22	21.9099	19.0523	18.564500000000116
3:10:56:15	7	9	22	22.1361	19.7295	20.1440000000002
3:10:57:30	7	9	22	22.0722	33.309	33.72050000000011
3:10:58:45	7	9	22	22.0722	30.2569	29.797000000000086
3:10:59:55	7	9	22	22.0722	30.5068	30.838500000000074
3:11:1:10	7	9	22	21.9414	31.1655	31.56050000000006
3:11:2:20	7	9	22	21.7811	24.2616	23.780500000000234
3:11:3:35	7	9	22	22.251	13.9982	13.429000000000041
3:11:4:45	7	9	22	22.0009	42.1447	42.585000000000214
3:11:6:0	7	9	22	22.0009	26.9905	26.489000000000228
3:11:7:15	7	9	22	22.0009	27.2495	27.74850000000024
3:11:8:25	7	9	22	22.0009	27.2495	27.757500000000256
3:11:9:40	7	9	22	21.7701	27.2495	27.76650000000027
3:11:10:50	7	9	22	21.8601	13.2595	12.773500000000148
3:11:12:5	7	9	22	22.0891	17.1669	17.478500000000142
3:11:13:15	7	9	22	22.3442	30.135	30.514500000000083
3:11:14:30	7	9	22	21.933	46.5353	46.842000000000226
3:11:15:45	7	9	22	22.008	22.7419	22.280500000000163
3:11:16:55	7	9	22	21.9674	28.25	28.54150000000012
3:11:18:10	7	9	22	22.2402	26.0703	25.60750000000026
3:11:19:20	7	9	22	21.9302	42.8941	43.21650000000027
3:11:20:35	7	9	22	21.5508	24.5784	24.10450000000014
3:11:21:45	7	9	22	21.71	0.0	0.2955000000001178
3:11:23:0	7	9	22	21.9104	7.7684	8.048500000000239
3:11:24:15	7	9	22	22.1269	16.9899	17.37850000000013
3:11:25:25	7	9	22	22.1269	29.2126	29.553000000000125
3:11:26:40	7	9	22	22.1696	29.447	29.739500000000117
3:11:27:50	7	9	22	21.9777	33.4565	33.784000000000106
3:11:29:5	7	9	22	21.9777	23.2828	22.79300000000007
3:11:30:15	7	9	22	22.0114	23.2828	23.52950000000006
3:11:31:30	7	9	22	22.5373	25.1343	25.49700000000002
3:11:32:40	7	9	22	21.7706	59.2888	59.62600000000001
3:11:33:55	7	9	22	21.9131	13.2708	12.534000000000212
3:11:35:10	7	9	22	22.0165	22.9158	23.3360000000001
3:11:36:20	7	9	22	22.0165	27.9825	28.47550000000015
3:11:37:35	7	9	22	21.787	27.9825	28.123500000000153
3:11:38:45	7	9	22	21.8705	13.8588	13.371000000000056
3:11:40:0	7	9	22	21.907	17.5399	17.816000000000106
3:11:41:10	7	9	22	22.1466	18.1413	18.476000000000113
3:11:42:25	7	9	22	22.4163	32.4859	32.93750000000007
3:11:43:40	7	9	22	22.1028	50.3742	50.73600000000009
3:11:44:50	7	9	22	22.0542	33.6948	33.173
3:11:46:5	7	9	22	21.9209	33.0999	32.609500000000196
3:11:47:15	7	9	22	21.7808	25.1778	24.730000000000068
3:11:48:30	7	9	22	21.8352	15.9708	15.499000000000052
3:11:49:40	7	9	22	21.9973	17.1546	17.54350000000012
3:11:50:55	7	9	22	22.2827	25.8134	26.16000000000004
3:11:52:5	7	9	22	22.674	43.5185	43.873499999999986
3:11:53:20	7	9	22	22.0471	70.3053	70.70800000000004
3:11:54:35	7	9	22	21.5615	35.2806	34.74300000000009
3:11:55:45	7	9	22	21.7024	7.3496	6.7844999999999835
3:11:57:0	7	9	22	21.8079	13.6134	13.98600000000011
3:11:58:10	7	9	22	22.0457	16.7359	17.16300000000006
3:11:59:25	7	9	22	21.994	29.7876	30.171500000000066
3:12:0:35	7	9	22	21.994	26.5487	26.079000000000047
3:12:1:50	7	9	22	21.994	26.5487	26.277500000000046
3:12:3:0	7	9	22	21.8576	26.5487	26.217500000000044
3:12:4:15	7	9	22	22.1139	17.7556	17.291500000000152
3:12:5:30	7	9	22	22.2265	32.7247	33.20900000000013
3:12:6:40	7	9	22	22.1495	39.9135	40.38550000000018
3:12:7:55	7	9	22	22.0024	37.5584	37.08250000000008
3:12:9:5	7	9	22	21.92	29.8449	29.401000000000202
3:12:10:20	7	9	22	21.7997	25.2736	24.80450000000022
3:12:11:30	7	9	22	21.7997	17.0504	16.597000000000218
3:12:12:45	7	9	22	22.0145	15.6463	15.195500000000234
3:12:13:55	7	9	22	22.313	26.8666	27.15450000000027
3:12:15:10	7	9	22	22.4622	45.248	45.6280000000001
3:12:16:25	7	9	22	22.0701	56.6653	56.96350000000013
3:12:17:35	7	9	22	21.9296	35.8506	35.35300000000017
3:12:18:50	7	9	22	21.8318	29.3525	28.882000000000208
3:12:20:0	7	9	22	21.7859	22.9904	22.523500000000247
3:12:21:15	7	9	22	21.812	18.8632	18.347000000000282
3:12:22:25	7	9	22	21.812	18.6971	18.132000000000268
3:12:23:40	7	9	22	22.1061	16.5744	16.12150000000028
3:12:24:50	7	9	22	22.0977	33.0486	33.35800000000031
3:12:26:5	7	9	22	22.0977	32.8802	32.40250000000021
3:12:27:20	7	9	22	22.3788	33.1187	33.421500000000215
3:12:28:30	7	9	22	21.987	52.2618	52.670000000000115
3:12:29:45	7	9	22	22.0553	30.0959	29.58550000000011
3:12:30:55	7	9	22	21.9695	35.5608	35.85400000000014
3:12:32:10	7	9	22	21.839	30.9587	30.488500000000194
3:12:33:20	7	9	22	21.7714	22.5862	22.1300000000001
3:12:34:35	7	9	22	21.8373	17.275	16.77850000000017
3:12:35:50	7	9	22	22.0224	18.6271	19.11400000000011
3:12:37:0	7	9	22	22.3414	28.7343	29.189000000000238
3:12:38:15	7	9	22	22.7902	48.7809	49.22250000000018
3:12:39:25	7	9	22	22.0798	79.9323	80.2135000000001
3:12:40:40	7	9	22	21.3145	40.2646	39.695500000000095
3:12:41:50	7	9	22	21.5099	0.0	0
3:12:43:5	7	9	22	21.677	9.2796	9.672499999999946
3:12:44:20	7	9	22	21.9133	14.1878	14.65600000000002
3:12:45:30	7	9	22	22.0159	25.6495	25.950000000000006
3:12:46:45	7	9	22	21.9465	30.1639	30.57049999999993
3:12:47:55	7	9	22	21.9465	26.1538	25.705500000000043
3:12:49:10	7	9	22	22.2196	25.9902	25.517500000000037
3:12:50:20	7	9	22	22.5851	42.426	42.73400000000001
3:12:51:35	7	9	22	21.7772	66.9779	67.32200000000006
3:12:52:45	7	9	22	21.8879	19.5819	18.832000000000058
3:12:54:0	7	9	22	21.8879	27.5356	27.83899999999992
3:12:55:15	7	9	22	21.8879	26.6668	26.164499999999915
3:12:56:25	7	9	22	21.8879	25.5826	25.0434999999999
3:12:57:40	7	9	22	21.7614	24.3974	23.922499999999882
3:12:58:50	7	9	22	21.9568	15.0533	14.578999999999862
3:13:0:5	7	9	22	22.1543	25.0779	25.526500000000034
3:13:1:15	7	9	22	22.1543	36.6487	36.9549999999999
3:13:2:30	7	9	22	22.1003	37.214	37.5104999999999
3:13:3:40	7	9	22	21.967	36.029	35.543499999999995
3:13:4:55	7	9	22	21.8562	28.6457	28.151999999999866
3:13:6:10	7	9	22	21.8562	21.7669	21.28650000000002
3:13:7:20	7	9	22	21.8562	20.8466	20.40250000000002
3:13:8:35	7	9	22	22.1188	19.4786	18.964500000000033
3:13:9:45	7	9	22	21.8919	34.1249	34.59549999999999
3:13:11:0	7	9	22	21.9559	20.2803	19.72199999999996
3:13:12:10	7	9	22	22.0059	23.4746	23.935499999999962
3:13:13:25	7	9	22	22.308	26.1107	26.424500000000005
3:13:14:40	7	9	22	21.9814	45.4544	45.86999999999996
3:13:15:50	7	9	22	21.9814	26.6886	26.21050000000002
3:13:17:5	7	9	22	21.9814	27.306	27.657500000000024
3:13:18:15	7	9	22	21.8459	27.306	27.47150000000003
3:13:19:30	7	9	22	21.8459	18.996	18.478000000000012
3:13:20:40	7	9	22	22.1054	18.1833	17.614500000000017
3:13:21:55	7	9	22	22.4726	32.4875	32.94099999999997
3:13:23:10	7	9	22	21.7166	56.2424	56.56549999999999
3:13:24:20	7	9	22	21.6896	11.0446	10.315499999999979
3:13:25:35	7	9	22	22.0167	9.9741	9.50649999999991
3:13:26:45	7	9	22	21.9231	27.4524	27.799
3:13:28:0	7	9	22	21.9231	20.7929	20.246500000000086
3:13:29:10	7	9	22	22.2083	20.4907	19.945500000000095
3:13:30:25	7	9	22	22.5123	37.3869	37.714500000000086
3:13:31:40	7	9	22	22.1535	57.6808	58.1315
3:13:32:50	7	9	22	22.0609	38.8909	38.412500000000094
3:13:34:5	7	9	22	21.941	36.2218	35.72250000000004
3:13:35:10	7	9	22	21.8146	29.4779	29.000999999999966
3:13:36:25	7	9	22	21.8199	21.248	20.794499999999942
3:13:37:35	7	9	22	22.0905	20.4888	19.91700000000005
3:13:38:50	7	9	22	22.4963	35.2035	35.67849999999993
3:13:40:5	7	9	22	21.5644	61.2249	61.60750000000011
3:13:41:15	7	9	22	21.5644	4.8036	3.967999999999954
3:13:42:30	7	9	22	21.9527	4.7378	4.271499999999957
3:13:43:40	7	9	22	21.9527	24.7159	25.155000000000012
3:13:44:55	7	9	22	21.9527	23.2672	22.740500000000008
3:13:46:5	7	9	22	22.2083	22.735	22.26750000000001
3:13:47:20	7	9	22	22.5332	37.9132	38.40850000000009
3:13:48:30	7	9	22	22.1222	60.0513	60.332000000000065
3:13:49:45	7	9	22	22.0692	37.8354	37.324499999999986
3:13:51:0	7	9	22	21.9408	37.651	37.15649999999994
3:13:52:10	7	9	22	21.7858	30.2613	29.76749999999998
3:13:53:25	7	9	22	21.8104	20.2297	19.742499999999897
3:13:54:35	7	9	22	21.8104	20.2297	19.974500000000084
3:13:55:50	7	9	22	22.1171	18.4469	17.955500000000082
3:13:57:0	7	9	22	22.4963	35.6583	35.99500000000005
3:13:58:15	7	9	22	22.2537	59.9435	60.28050000000012
3:13:59:30	7	9	22	21.925	48.0995	47.578499999999934
3:14:0:40	7	9	22	21.925	30.4963	29.96300000000008
3:14:1:55	7	9	22	21.8932	30.4963	30.856500000000075
3:14:3:5	7	9	22	21.8932	28.4848	28.03950000000005
3:14:4:20	7	9	22	21.7595	27.6296	27.130500000000055
3:14:5:30	7	9	22	21.7383	17.8544	17.37199999999999
3:14:6:45	7	9	22	21.9674	14.7866	14.257499999999965
3:14:7:55	7	9	22	22.2942	26.3298	26.63800000000012
3:14:9:10	7	9	22	21.8266	45.9815	46.40850000000003
3:14:10:20	7	9	22	21.7497	17.8892	17.32249999999998
3:14:11:35	7	9	22	22.0546	13.3916	12.928000000000079
3:14:12:45	7	9	22	22.0546	30.3024	30.628000000000075
3:14:14:0	7	9	22	21.8759	30.1307	29.64950000000008
3:14:15:15	7	9	22	21.8759	19.0861	18.58000000000014
3:14:16:25	7	9	22	22.1822	18.7867	18.23250000000015
3:14:17:40	7	9	22	21.8819	36.5415	36.90100000000018
3:14:18:50	7	9	22	21.9839	18.1466	17.672000000000196
3:14:20:0	7	9	22	22.077	24.2654	24.622500000000002
3:14:21:10	7	9	22	22.077	29.7175	30.003000000000217
3:14:22:25	7	9	22	21.7985	29.9698	30.307500000000218
3:14:23:40	7	9	22	21.9077	13.4941	12.975000000000165
3:14:24:50	7	9	22	21.9077	19.1378	19.45050000000003
3:14:26:5	7	9	22	22.2317	18.4432	17.981500000000025
3:14:27:15	7	9	22	22.5402	37.7059	38.11850000000011
3:14:28:30	7	9	22	22.0638	58.4024	58.868000000000016
3:14:29:40	7	9	22	22.0638	32.3092	31.76150000000013
3:14:30:55	7	9	22	22.0638	34.3507	34.78150000000012
3:14:32:5	7	9	22	21.7797	35.0168	35.41950000000013
3:14:33:20	7	9	22	21.7067	18.052	17.590999999999987
3:14:34:35	7	9	22	21.8466	12.5664	12.063500000000186
3:14:35:45	7	9	22	22.1257	18.2703	18.589000000000006
3:14:37:0	7	9	22	22.4932	34.2074	34.496999999999986
3:14:38:10	7	9	22	22.3288	57.9239	58.24600000000018
3:14:39:25	7	9	22	22.1115	51.1326	50.65450000000014
3:14:40:35	7	9	22	21.9984	41.1267	40.64000000000005
3:14:41:50	7	9	22	21.8944	35.9804	35.490000000000094
3:14:43:5	7	9	22	21.8944	29.7431	29.279500000000144
3:14:44:15	7	9	22	21.7716	29.2279	28.74350000000015
3:14:45:30	7	9	22	21.7327	20.1744	19.705500000000058
3:14:46:40	7	9	22	21.8897	15.9628	15.507000000000179
3:14:47:55	7	9	22	22.2006	22.7994	23.233500000000184
3:14:49:5	7	9	22	22.6155	41.1742	41.55400000000021
3:14:50:20	7	9	22	22.1242	68.5557	68.97400000000019
3:14:51:35	7	9	22	22.0703	41.6752	41.12000000000003
3:14:52:45	7	9	22	21.9473	41.6752	41.31500000000011
3:14:54:0	7	9	22	21.8001	34.7717	34.29250000000003
3:14:55:10	7	9	22	21.7622	25.2894	24.812500000000153
3:14:56:25	7	9	22	21.7622	21.5803	21.086000000000116
3:14:57:35	7	9	22	21.9329	19.3631	18.897500000000118
3:14:58:50	7	9	22	22.2842	27.3208	27.615000000000123
3:15:0:5	7	9	22	22.8216	48.4436	48.92500000000002
3:15:1:15	7	9	22	22.2401	84.5675	84.94150000000012
3:15:2:30	7	9	22	21.6006	53.1859	52.673000000000215
3:15:3:40	7	9	22	21.7372	17.057	16.414000000000115
3:15:4:55	7	9	22	21.8226	24.046	24.496500000000214
3:15:6:5	7	9	22	21.8226	26.2482	26.736500000000216
3:15:7:20	7	9	22	21.8226	25.0267	24.53550000000023
3:15:8:35	7	9	22	21.8226	23.2521	22.761500000000243
3:15:9:45	7	9	22	22.1105	21.478	20.987500000000257
3:15:11:0	7	9	22	22.5254	37.6295	37.92700000000007
3:15:12:10	7	9	22	22.2617	64.1649	64.56100000000026
3:15:13:25	7	9	22	21.9637	51.0741	50.60000000000026
3:15:14:40	7	9	22	21.9637	35.6703	35.16550000000015
3:15:15:50	7	9	22	21.8542	35.8901	36.29250000000015
3:15:17:5	7	9	22	21.7908	29.2853	28.812000000000108
3:15:18:15	7	9	22	21.7908	24.2662	23.780500000000234
3:15:19:30	7	9	22	21.7908	22.4956	22.005500000000232
3:15:20:40	7	9	22	21.9731	20.3721	19.91350000000024
3:15:21:55	7	9	22	22.3322	29.304	29.671000000000113
3:15:23:5	7	9	22	22.8612	51.5485	51.83200000000021
3:15:24:20	7	9	22	21.8488	87.3751	87.7435000000002
3:15:25:35	7	9	22	21.9373	28.6032	27.904500000000226
3:15:26:45	7	9	22	21.8972	36.8883	37.20700000000022
3:15:28:0	7	9	22	21.8972	33.9832	33.5310000000003
3:15:29:10	7	9	22	21.7415	33.1885	32.703500000000304
3:15:30:25	7	9	22	21.63	22.0626	21.55500000000012
3:15:31:35	7	9	22	21.8051	12.9696	12.501000000000154
3:15:32:50	7	9	22	22.089	20.2574	20.740000000000173
3:15:34:0	7	9	22	22.4669	36.0835	36.36900000000011
3:15:35:15	7	9	22	22.2883	60.0737	60.40300000000013
3:15:36:30	7	9	22	21.9481	52.0831	51.57350000000015
3:15:37:40	7	9	22	21.9481	33.7791	33.236500000000184
3:15:38:55	7	9	22	21.9481	33.9961	34.41850000000018
3:15:40:5	7	9	22	21.7691	33.9961	33.89950000000018
3:15:41:20	7	9	22	21.716	22.2644	21.74550000000028
3:15:42:30	7	9	22	21.716	17.3592	16.88000000000025
3:15:43:45	7	9	22	22.0271	14.7968	14.305500000000265
3:15:45:0	7	9	22	22.3665	31.3738	31.687000000000257
3:15:46:10	7	9	22	22.1754	52.0004	52.46350000000012
3:15:47:25	7	9	22	21.9825	42.4875	42.0100000000002
3:15:48:35	7	9	22	21.9825	32.6643	32.18100000000031
3:15:49:50	7	9	22	21.868	32.6643	32.970500000000314
3:15:51:0	7	9	22	21.7909	25.8322	25.353000000000126
3:15:52:15	7	9	22	21.7909	20.0458	19.59400000000026
3:15:53:30	7	9	22	22.0533	18.3686	17.888500000000256
3:15:54:40	7	9	22	22.4386	32.4174	32.85350000000023
3:15:55:55	7	9	22	23.1217	56.7799	57.11900000000029
3:15:57:5	7	9	22	21.8934	99.5936	100
3:15:58:20	7	9	22	21.6483	28.7426	27.96199999999996
3:15:59:35	7	9	22	21.779	17.5548	17.105999999999913
3:16:0:45	7	9	22	21.83	23.0228	23.309999999999967
3:16:2:0	7	9	22	21.83	23.3172	23.761499999999856
3:16:3:10	7	9	22	21.83	22.2704	21.806499999999847
3:16:4:25	7	9	22	22.1058	20.5872	20.10649999999983
3:16:5:35	7	9	22	21.8867	35.8346	36.33349999999983
3:16:6:50	7	9	22	21.9629	22.2516	21.770999999999983
3:16:8:5	7	9	22	22.0463	26.3457	26.686499999999985
3:16:9:15	7	9	22	22.0463	30.9369	31.355499999999832
3:16:10:30	7	9	22	21.7935	30.9369	31.40149999999983
3:16:11:40	7	9	22	21.854	15.932	15.432500000000012
3:16:12:55	7	9	22	22.1053	18.0911	18.563999999999854
3:16:14:5	7	9	22	22.4256	32.672	33.135999999999896
3:16:15:20	7	9	22	21.8759	53.2893	53.75199999999987
3:16:16:30	7	9	22	21.9692	21.2799	20.676000000000002
3:16:17:45	7	9	22	21.9692	27.8348	28.24799999999996
3:16:19:0	7	9	22	21.8984	27.8348	27.47349999999997
3:16:20:10	7	9	22	21.8984	23.0408	22.56349999999985
3:16:21:25	7	9	22	22.0819	22.36	21.901499999999846
3:16:22:35	7	9	22	22.4519	32.3658	32.812999999999974
3:16:23:50	7	9	22	21.7996	56.4332	56.764499999999806
3:16:25:0	7	9	22	21.8729	17.7017	17.034000000000013
3:16:26:15	7	9	22	22.001	22.5767	23.055999999999994
3:16:27:30	7	9	22	21.9735	29.3208	29.745
3:16:28:40	7	9	22	21.8679	27.7912	27.327000000000023
3:16:29:55	7	9	22	22.1384	20.8908	20.33549999999987
3:16:31:5	7	9	22	22.4819	36.8326	37.125
3:16:32:20	7	9	22	21.9041	59.1973	59.483999999999924
3:16:33:30	7	9	22	21.9041	25.647	25.028499999999937
3:16:34:45	7	9	22	21.9041	26.6657	26.958499999999933
3:16:35:55	7	9	22	21.8747	26.4875	25.99949999999993
3:16:37:10	7	9	22	22.1672	23.5817	23.129499999999993
3:16:38:25	7	9	22	21.9983	40.7026	41.03600000000002
3:16:39:35	7	9	22	21.9983	30.7526	30.266999999999985
3:16:40:50	7	9	22	22.0066	30.7526	31.094499999999993
3:16:42:0	7	9	22	21.8879	31.3192	31.616999999999894
3:16:43:15	7	9	22	22.2017	24.479	23.92599999999986
3:16:44:25	7	9	22	22.1239	43.3931	43.795499999999876
3:16:45:40	7	9	22	22.0118	39.681	39.18649999999987
3:16:46:50	7	9	22	21.9912	33.9776	33.52799999999998
3:16:48:5	7	9	22	21.8743	33.381	32.867499999999865
3:16:49:15	7	9	22	21.6743	25.7818	25.284000000000024
3:16:50:30	7	9	22	21.782	12.0935	11.611499999999843
3:16:51:45	7	9	22	22.0031	16.0377	16.354999999999926
3:16:52:55	7	9	22	22.2855	27.6971	28.00799999999991
3:16:54:10	7	9	22	22.0717	44.9512	45.28949999999985
3:16:55:20	7	9	22	21.9716	33.2906	32.8354999999999
3:16:56:35	7	9	22	21.9716	28.5889	28.114999999999814
3:16:57:45	7	9	22	21.8332	28.5889	28.331499999999807
3:16:59:0	7	9	22	22.1467	28.5889	19.051499999999976
3:17:0:10	7	9	22	22.4997	38.0468	38.452999999999825
3:17:1:25	7	9	22	21.7545	60.9955	61.29749999999993
3:17:2:40	7	9	22	21.8232	16.692	16.091499999999897
3:17:3:50	7	9	22	21.8232	21.3923	21.827999999999886
3:17:5:5	7	9	22	21.8232	20.2764	19.716499999999886
3:17:6:15	7	9	22	22.0591	18.438	17.948499999999886
3:17:7:30	7	9	22	22.2801	31.148	31.513999999999943
3:17:8:40	7	9	22	22.0578	44.8715	45.29049999999995
3:17:9:55	7	9	22	22.0578	32.9949	32.53699999999992
3:17:11:5	7	9	22	21.8827	33.7402	34.22649999999993
3:17:12:20	7	9	22	22.4981	23.9791	23.422999999999902
3:17:13:35	7	9	22	21.2671	62.7027	63.12649999999997
3:17:14:45	7	9	22	21.4089	0.0	0
3:17:16:0	7	9	22	21.5487	7.7633	8.042999999999996
3:17:17:10	7	9	22	21.6546	10.2346	10.510000000000055
3:17:18:25	7	9	22	21.9243	11.8892	12.181499999999943
3:17:19:35	7	9	22	21.8822	25.3245	25.728499999999954
3:17:20:50	7	9	22	21.9074	21.3925	20.886500000000083
3:17:22:0	7	9	22	21.9074	21.3925	21.55699999999996
3:17:23:15	7	9	22	22.1303	20.9997	20.50499999999996
3:17:24:30	7	9	22	22.6843	33.702	34.067499999999896
3:17:25:40	7	9	22	21.6235	69.8908	70.26600000000002
3:17:26:55	7	9	22	21.7382	6.1196	5.386999999999986
3:17:28:5	7	9	22	21.8516	14.0866	14.381499999999932
3:17:29:20	7	9	22	22.0092	18.2149	18.561000000000067
3:17:30:35	7	9	22	22.3007	26.4398	26.75399999999998
3:17:31:45	7	9	22	21.7767	44.6325	45.005499999999934
3:17:33:0	7	9	22	21.8394	13.0944	12.495000000000097
3:17:34:10	7	9	22	21.9153	16.6826	16.95750000000007
3:17:35:25	7	9	22	22.2695	19.5936	19.971499999999903
3:17:36:40	7	9	22	22.5477	41.4935	41.76800000000005
3:17:37:50	7	9	22	21.5912	60.3764	60.774999999999935
3:17:39:5	7	9	22	21.6648	3.3752	2.6885000000000403
3:17:40:15	7	9	22	21.8146	7.7779	8.166999999999973
3:17:41:30	7	9	22	21.9155	13.8337	14.183999999999912
3:17:42:40	7	9	22	21.9155	17.8162	18.13950000000009
3:17:43:55	7	9	22	21.9155	17.2814	16.79000000000009
3:17:45:10	7	9	22	22.162	16.4408	15.945000000000107
3:17:46:20	7	9	22	22.6216	30.6766	31.12249999999996
3:17:47:35	7	9	22	21.3959	60.8914	61.38400000000008
3:17:48:45	7	9	22	21.5156	0.0	0
3:17:50:0	7	9	22	21.6264	0.0	7.867999999999888
3:17:51:10	7	9	22	21.7715	9.2377	9.627499999999962
3:17:52:25	7	9	22	22.1018	14.2798	14.768999999999917
3:17:53:40	7	9	22	21.9553	32.8413	33.227999999999994
3:17:54:50	7	9	22	21.9553	23.5454	23.07200000000002
3:17:56:5	7	9	22	22.0164	23.5454	23.35750000000003
3:17:57:15	7	9	22	22.2036	26.4951	26.882000000000023
3:17:58:30	7	9	22	22.8076	38.5755	38.908500000000075
3:17:59:40	7	9	22	21.0843	78.8177	79.26850000000003
3:18:0:55	7	9	22	21.188	1.0383	0
3:18:2:10	7	9	22	21.3137	5.7608	6.199999999999992
3:18:3:20	7	9	22	21.529	5.7608	5.732000000000106
3:18:4:35	7	9	22	21.6374	11.8781	12.23500000000005
3:18:5:45	7	9	22	21.8067	13.0895	13.494500000000027
3:18:7:0	7	9	22	22.0064	19.8997	20.33100000000001
3:18:8:10	7	9	22	22.2448	30.0724	30.532000000000004
3:18:9:25	7	9	22	21.7235	44.6307	45.093500000000134
3:18:10:35	7	9	22	21.7235	13.0647	12.465000000000131
3:18:11:50	7	9	22	21.938	12.775	12.306500000000145
3:18:13:0	7	9	22	22.1407	23.0191	23.483999999999995
3:18:14:15	7	9	22	22.3794	34.6572	34.967
3:18:15:30	7	9	22	21.7724	50.5867	50.87600000000008
3:18:16:40	7	9	22	21.8342	14.6625	14.021500000000124
3:18:17:55	7	9	22	21.8342	18.4973	18.797500000000007
3:18:19:5	7	9	22	21.8342	17.3887	16.830500000000008
3:18:20:15	7	9	22	22.1486	15.6512	15.1725
3:18:21:25	7	9	22	22.4439	33.587	33.950499999999934
3:18:22:40	7	9	22	22.9751	52.6537	53.05899999999998
3:18:23:55	7	9	22	20.3647	90.1499	90.5495000000001
3:18:25:5	7	9	22	20.2074	1.1449	0
3:18:26:20	7	9	22	20.4962	0.0	0
3:18:27:30	7	9	22	20.6314	1.2216	1.632500000000121
3:18:28:45	7	9	22	20.7913	0.0	0
