1:3:37:5	7	8	22	21.9184	3.1696	3.1696
1:3:38:20	7	8	22	21.9184	2.8852	2.3535999999999833
1:3:39:30	7	8	22	22.002	2.0964	1.5375999999999665
1:3:40:45	7	8	22	22.002	2.0964	6.991599999999992
1:3:41:55	7	8	22	22.002	5.2956	5.7575999999999725
1:3:43:10	7	8	22	22.002	5.2956	5.777599999999961
1:3:44:20	7	8	22	22.002	5.2956	5.79759999999995
1:3:45:35	7	8	22	22.002	5.5286	5.817599999999939
1:3:46:45	7	8	22	22.002	5.5286	5.837599999999928
1:3:48:0	7	8	22	21.9942	5.5286	5.857599999999917
1:3:49:10	7	8	22	21.9942	5.5286	5.292599999999937
1:3:50:25	7	8	22	21.9942	5.5286	5.351599999999924
1:3:51:35	7	8	22	22.01	5.5286	5.293599999999917
1:3:52:50	7	8	22	22.01	6.1086	6.420600000000079
1:3:54:5	7	8	22	22.01	6.1086	6.283600000000061
1:3:55:15	7	8	22	22.01	6.1086	6.383600000000077
1:3:56:30	7	8	22	22.1053	6.1086	6.483600000000092
1:3:57:40	7	8	22	22.1053	13.2628	13.73109999999997
1:3:58:55	7	8	22	22.1053	13.2628	13.354599999999994
1:4:0:5	7	8	22	22.1053	13.9658	14.407599999999992
1:4:1:20	7	8	22	22.1053	15.1003	15.460599999999989
1:4:2:30	7	8	22	22.2097	16.1833	16.513599999999986
1:4:3:45	7	8	22	22.2097	25.0356	25.39660000000012
1:4:4:55	7	8	22	22.2097	25.6156	25.92760000000011
1:4:6:10	7	8	22	22.2097	25.6156	28.024600000000124
1:4:7:20	7	8	22	22.3102	29.7712	30.12160000000014
1:4:8:35	7	8	22	22.3102	39.3415	39.756099999999904
1:4:9:45	7	8	22	22.4275	41.0419	41.350599999999936
1:4:11:0	7	8	22	22.4275	52.9274	53.25009999999993
1:4:12:10	7	8	22	22.5624	55.4729	55.765599999999914
1:4:13:25	7	8	22	22.9164	99.5813	100
1:4:14:40	7	8	22	17.8879	99.5813	100
1:4:15:50	7	8	22	17.8879	1.2336	0
1:4:17:5	7	8	22	17.9307	0.0	0
1:4:18:15	7	8	22	17.9307	0.0	0
1:4:19:30	7	8	22	18.032	0.0	0
1:4:20:40	7	8	22	18.032	0.0	0
1:4:21:55	7	8	22	18.032	0.0	0
1:4:23:5	7	8	22	18.1578	0.0	0
1:4:24:20	7	8	22	18.3671	0.0	0
1:4:25:30	7	8	22	18.4691	0.0	0
1:4:26:45	7	8	22	18.5694	0.0	0
1:4:27:55	7	8	22	18.6681	0.0	0
1:4:29:10	7	8	22	18.7647	0.0	0
1:4:30:20	7	8	22	18.9512	0.0	0
1:4:31:35	7	8	22	19.0407	0.0	0
1:4:32:45	7	8	22	19.1284	0.0	0
1:4:34:0	7	8	22	19.2175	0.0	0
1:4:35:10	7	8	22	19.3046	0.0	0
1:4:36:25	7	8	22	19.4733	0.0	0
1:4:37:40	7	8	22	19.5568	0.0	0
1:4:38:50	7	8	22	19.6324	0.0	0
1:4:40:5	7	8	22	19.6324	0.0	0
1:4:41:15	7	8	22	19.7181	0.0	0
1:4:42:30	7	8	22	19.824	0.0	0
1:4:43:40	7	8	22	19.824	0.0	0
1:4:44:55	7	8	22	19.9232	0.0	0
1:4:46:5	7	8	22	19.9232	0.0	0
1:4:47:20	7	8	22	19.9232	0.0	0
1:4:48:30	7	8	22	19.9232	0.0	0
1:4:49:45	7	8	22	19.9232	0.0	0
1:4:50:55	7	8	22	19.9232	0.0	0
1:4:52:10	7	8	22	20.0188	0.0	0
1:4:53:20	7	8	22	20.1096	0.0	0
1:4:54:35	7	8	22	20.1096	0.0	0
1:4:55:45	7	8	22	20.1096	0.0	0
1:4:57:0	7	8	22	20.2391	0.0	0
1:4:58:15	7	8	22	20.2391	0.0	0
1:4:59:25	7	8	22	20.3221	0.0	0
1:5:0:40	7	8	22	20.3221	0.0	0
1:5:1:50	7	8	22	20.3221	0.0	0
1:5:3:5	7	8	22	20.434	0.0	0
1:5:4:15	7	8	22	20.434	0.0	0
1:5:5:30	7	8	22	20.513	0.0	0
1:5:6:40	7	8	22	20.513	0.0	0
1:5:7:55	7	8	22	20.6259	0.0	0
1:5:9:5	7	8	22	20.6259	0.0	0
1:5:10:20	7	8	22	20.6259	0.0	0
1:5:11:30	7	8	22	20.721	0.0	0
1:5:12:45	7	8	22	20.721	0.0	0
1:5:13:55	7	8	22	20.721	0.0	0
1:5:15:10	7	8	22	20.8244	0.0	0
1:5:16:20	7	8	22	20.8244	0.0	0
1:5:17:35	7	8	22	20.7856	0.0	0
1:5:18:45	7	8	22	20.8224	0.0	0
1:5:20:0	7	8	22	20.8224	0.0	0
1:5:21:10	7	8	22	20.8224	0.0	0
1:5:22:25	7	8	22	20.9302	0.0	0
1:5:23:35	7	8	22	20.8937	0.0	0
1:5:24:50	7	8	22	20.8937	0.0	0
1:5:26:0	7	8	22	20.8937	0.0	0
1:5:27:15	7	8	22	20.8937	0.0	0
1:5:28:25	7	8	22	20.9284	0.0	0
1:5:29:40	7	8	22	20.9284	0.0	0
1:5:30:50	7	8	22	21.0285	0.0	0
1:5:32:5	7	8	22	21.0285	0.0	0
1:5:33:15	7	8	22	21.0285	0.0	0
1:5:34:30	7	8	22	21.1313	0.0	0
1:5:35:40	7	8	22	21.201	0.0	0
1:5:36:55	7	8	22	21.1748	0.0	0
1:5:38:5	7	8	22	21.1748	0.0	0
1:5:39:20	7	8	22	21.2162	0.0	0
1:5:40:30	7	8	22	21.2162	0.0	0
1:5:41:45	7	8	22	21.3174	0.0	0
1:5:43:0	7	8	22	21.3174	0.0	0
1:5:44:10	7	8	22	21.3174	0.0	0
1:5:45:25	7	8	22	21.4144	0.0	0
1:5:46:30	7	8	22	21.4144	0.0	0
1:5:47:45	7	8	22	21.4144	0.0	0
1:5:48:55	7	8	22	21.4144	0.0	0
1:5:50:5	7	8	22	21.5095	0.0	0
1:5:51:20	7	8	22	21.5095	0.0	0
1:5:52:35	7	8	22	21.6047	8.5282	8.86499999999998
1:5:53:45	7	8	22	21.6047	10.643	11.100000000000119
1:5:55:0	7	8	22	21.6047	6.184	5.719000000000101
1:5:56:10	7	8	22	21.6047	2.271	1.766000000000112
1:5:57:25	7	8	22	21.7226	0.0	0
1:5:58:35	7	8	22	21.7226	4.4872	4.88949999999992
1:5:59:50	7	8	22	21.7226	0.0	0.34699999999993736
1:6:1:0	7	8	22	21.7226	0.0	0
1:6:2:15	7	8	22	21.6923	0.0	0
1:6:3:25	7	8	22	21.6923	0.0	0
1:6:4:40	7	8	22	21.6923	0.0	0
1:6:5:50	7	8	22	21.6923	0.0	0
1:6:7:5	7	8	22	21.6923	0.0	0
1:6:8:15	7	8	22	21.6923	0.0	0
1:6:9:30	7	8	22	21.6923	0.0	0
1:6:10:40	7	8	22	21.7345	0.0	0
1:6:11:55	7	8	22	21.7345	0.0	0.08800000000007913
1:6:13:10	7	8	22	21.808	0.0	0
1:6:14:20	7	8	22	21.808	2.5611	2.8574999999999484
1:6:15:35	7	8	22	21.9053	0.0	0
1:6:16:45	7	8	22	21.9053	4.9091	5.377500000000044
1:6:18:0	7	8	22	21.9053	3.4927	2.971000000000039
1:6:19:10	7	8	22	22.0152	2.4737	2.0240000000000435
1:6:20:25	7	8	22	22.0152	8.9266	9.319500000000023
1:6:21:35	7	8	22	22.1279	8.2748	7.823000000000029
1:6:22:50	7	8	22	22.1279	16.1402	16.427500000000048
1:6:24:0	7	8	22	22.0838	16.1402	16.016000000000048
1:6:25:15	7	8	22	21.9437	14.4672	13.987500000000033
1:6:26:25	7	8	22	21.9437	5.4478	4.979500000000012
1:6:27:40	7	8	22	21.9437	6.1145	6.518000000000015
1:6:28:50	7	8	22	21.9437	6.1145	5.9550000000000125
1:6:30:5	7	8	22	22.0128	5.8474	5.39200000000001
1:6:31:15	7	8	22	22.1069	9.7074	10.01149999999992
1:6:32:30	7	8	22	22.1069	15.8056	16.160499999999995
1:6:33:40	7	8	22	22.2044	15.8056	15.817999999999977
1:6:34:55	7	8	22	22.2044	23.8954	24.199499999999983
1:6:36:5	7	8	22	22.0538	24.4723	24.780999999999977
1:6:37:20	7	8	22	21.9594	15.9883	15.52999999999992
1:6:38:30	7	8	22	22.0188	11.7681	11.2469999999999
1:6:39:45	7	8	22	22.0188	16.2938	16.7119999999999
1:6:40:55	7	8	22	22.0188	16.2938	16.008999999999887
1:6:42:10	7	8	22	21.9931	16.2938	16.196999999999875
1:6:43:20	7	8	22	21.8479	14.9654	14.457499999999825
1:6:44:35	7	8	22	21.8479	4.3804	3.883999999999883
1:6:45:45	7	8	22	21.921	4.3804	4.540999999999862
1:6:47:0	7	8	22	21.921	8.204	8.502499999999866
1:6:48:10	7	8	22	22.0083	7.0903	6.6159999999998576
1:6:49:25	7	8	22	22.1353	11.9179	12.37349999999978
1:6:50:35	7	8	22	22.014	20.3429	20.67199999999996
1:6:51:50	7	8	22	22.014	11.4877	11.02249999999982
1:6:53:0	7	8	22	22.1479	12.6219	12.981999999999836
1:6:54:15	7	8	22	22.2143	22.7111	23.164499999999872
1:6:55:25	7	8	22	22.3659	27.2107	27.61499999999998
1:6:56:40	7	8	22	22.1178	39.7738	40.13199999999985
1:6:57:55	7	8	22	21.953	23.3653	22.909499999999806
1:6:59:5	7	8	22	21.8911	15.9437	15.448999999999838
1:7:0:20	7	8	22	21.8911	13.3834	12.808499999999988
1:7:1:30	7	8	22	21.8911	13.1315	12.647999999999971
1:7:2:45	7	8	22	21.8911	12.0994	11.558999999999987
1:7:3:55	7	8	22	21.9207	10.9407	10.470000000000002
1:7:5:10	7	8	22	21.9207	11.2129	11.600999999999907
1:7:6:20	7	8	22	22.0099	10.8659	10.36399999999993
1:7:7:35	7	8	22	21.9764	15.7825	16.260999999999793
1:7:8:45	7	8	22	22.0602	12.9575	12.509500000000063
1:7:10:0	7	8	22	22.1438	18.74	19.06099999999977
1:7:11:10	7	8	22	22.0582	24.3713	24.675999999999846
1:7:12:25	7	8	22	21.9213	18.8839	18.439999999999866
1:7:13:35	7	8	22	22.0778	10.495	10.0384999999998
1:7:14:50	7	8	22	22.1651	22.7029	23.042499999999887
1:7:16:0	7	8	22	22.2596	27.5602	28.020499999999796
1:7:17:15	7	8	22	22.031	34.9554	35.4494999999998
1:7:18:30	7	8	22	21.9598	19.9821	19.48299999999978
1:7:19:40	7	8	22	21.9598	18.3566	17.88199999999996
1:7:20:55	7	8	22	21.857	18.3566	18.547999999999934
1:7:22:5	7	8	22	21.857	10.9308	10.435999999999797
1:7:23:20	7	8	22	21.857	10.9308	10.54799999999982
1:7:24:30	7	8	22	21.857	9.5647	9.117999999999814
1:7:25:45	7	8	22	21.9388	8.1409	7.687999999999807
1:7:26:55	7	8	22	21.9388	12.0769	12.39299999999989
1:7:28:10	7	8	22	21.9388	11.085	10.553999999999878
1:7:29:20	7	8	22	22.0623	10.3889	9.941999999999883
1:7:30:35	7	8	22	22.154	18.3016	18.592499999999884
1:7:31:45	7	8	22	22.24	23.9355	24.240499999999848
1:7:33:0	7	8	22	22.0475	30.4549	30.854999999999745
1:7:34:10	7	8	22	21.8173	17.9932	17.527499999999826
1:7:35:25	7	8	22	22.0112	4.1827	3.624999999999808
1:7:36:40	7	8	22	22.1215	19.2977	19.79349999999975
1:7:37:50	7	8	22	22.2331	24.9613	25.26949999999992
1:7:39:0	7	8	22	22.0294	32.9067	33.19999999999984
1:7:40:15	7	8	22	21.8445	19.0636	18.579499999999754
1:7:41:25	7	8	22	21.8445	8.5575	8.061499999999842
1:7:42:40	7	8	22	21.9267	8.8474	9.279999999999827
1:7:43:55	7	8	22	21.9267	13.467	13.889999999999848
1:7:45:5	7	8	22	21.9267	12.3922	11.923999999999847
1:7:46:20	7	8	22	21.9267	11.6612	11.19099999999985
1:7:47:30	7	8	22	22.0265	10.9961	10.457999999999853
1:7:48:45	7	8	22	22.0265	16.8718	17.20999999999973
1:7:49:55	7	8	22	21.9667	16.4964	15.977999999999742
1:7:51:10	7	8	22	22.0546	12.2759	11.75799999999979
1:7:52:20	7	8	22	22.279	18.5357	18.91449999999986
1:7:53:35	7	8	22	22.393	34.6749	34.971999999999795
1:7:54:45	7	8	22	22.5635	42.6505	42.94599999999986
1:7:56:0	7	8	22	19.2314	99.6136	100
1:7:57:10	7	8	22	17.7058	1.2339	0
1:7:58:25	7	8	22	17.9939	0.0	0
1:7:59:35	7	8	22	18.1197	0.0	0
1:8:0:50	7	8	22	18.2451	0.0	0
1:8:2:0	7	8	22	18.3698	0.0	0
1:8:3:15	7	8	22	18.6231	0.0	0
1:8:4:25	7	8	22	18.7521	0.0	0
1:8:5:40	7	8	22	18.8778	0.0	0
1:8:6:50	7	8	22	19.0015	0.0	0
1:8:8:5	7	8	22	19.1236	0.0	0
1:8:9:15	7	8	22	19.4149	0.0	0
1:8:10:30	7	8	22	19.5252	0.0	0
1:8:11:40	7	8	22	19.6441	0.0	0
1:8:12:55	7	8	22	19.7899	0.0	0
1:8:14:5	7	8	22	19.9437	0.0	0
1:8:15:20	7	8	22	20.261	0.0	0
1:8:16:30	7	8	22	20.3699	0.0	0
1:8:17:45	7	8	22	20.4872	0.0	0
1:8:18:55	7	8	22	20.6279	0.0	0
1:8:20:10	7	8	22	20.7811	0.0	0
1:8:21:25	7	8	22	21.0881	0.0	0
1:8:22:35	7	8	22	21.1869	0.0	0
1:8:23:50	7	8	22	21.296	0.0	0
1:8:25:0	7	8	22	21.4033	0.0	0
1:8:26:15	7	8	22	21.6087	0.0	0
1:8:27:25	7	8	22	21.7174	0.0	0
1:8:28:40	7	8	22	21.7174	15.7224	16.0040000000002
1:8:29:50	7	8	22	21.8161	12.0404	11.547500000000177
1:8:31:5	7	8	22	21.8161	15.8307	16.12399999999999
1:8:32:15	7	8	22	22.0204	13.2939	12.804500000000019
1:8:33:30	7	8	22	21.9471	25.9261	26.288
1:8:34:40	7	8	22	22.1081	18.4267	17.93000000000001
1:8:35:55	7	8	22	22.2746	30.2557	30.575500000000098
1:8:37:5	7	8	22	22.0107	41.4428	41.72900000000002
1:8:38:20	7	8	22	21.7348	22.6633	22.18500000000006
1:8:39:30	7	8	22	21.8208	6.0785	5.55800000000005
1:8:40:45	7	8	22	21.8208	13.0402	13.494499999999938
1:8:41:55	7	8	22	21.9893	10.8742	10.412499999999945
1:8:43:10	7	8	22	22.0665	20.8157	21.258000000000052
1:8:44:20	7	8	22	22.288	23.9773	24.413500000000123
1:8:45:35	7	8	22	21.9138	40.2317	40.53300000000004
1:8:46:45	7	8	22	22.0805	12.5879	12.025499999999916
1:8:48:0	7	8	22	22.2623	28.9702	29.2790000000001
1:8:49:10	7	8	22	22.1684	40.8938	41.218500000000006
1:8:50:25	7	8	22	21.8128	34.5387	34.07199999999991
1:8:51:35	7	8	22	21.8128	11.0178	10.494499999999988
1:8:52:50	7	8	22	21.9801	13.6328	13.956499999999966
1:8:54:0	7	8	22	22.1515	24.1469	24.632000000000026
1:8:55:15	7	8	22	21.7209	34.3189	34.778499999999894
1:8:56:25	7	8	22	21.8802	2.034	1.4275000000000304
1:8:57:40	7	8	22	22.0485	16.5765	17.042999999999875
1:8:58:50	7	8	22	22.2359	25.697	26.078000000000046
1:9:0:5	7	8	22	22.0342	37.7614	38.093500000000034
1:9:1:15	7	8	22	21.6654	23.0878	22.513999999999857
1:9:2:30	7	8	22	21.8293	0.0	0
1:9:3:40	7	8	22	21.9329	14.0427	14.47849999999983
1:9:4:55	7	8	22	21.9329	17.7956	18.082999999999867
1:9:6:5	7	8	22	21.9329	16.3796	15.857999999999866
1:9:7:20	7	8	22	22.1966	15.6437	15.186999999999866
1:9:8:30	7	8	22	22.0537	33.9175	34.29349999999987
1:9:9:45	7	8	22	22.2417	22.0444	21.5864999999998
1:9:10:55	7	8	22	22.4449	38.074	38.36699999999998
1:9:12:10	7	8	22	21.9923	52.7358	53.20399999999988
1:9:13:20	7	8	22	21.2465	21.2588	20.659999999999876
1:9:14:35	7	8	22	21.2465	21.1741	0
1:9:15:45	7	8	22	21.4432	0.0	0
1:9:17:0	7	8	22	21.5742	0.0	0
1:9:18:10	7	8	22	21.7069	0.0	0
1:9:19:25	7	8	22	21.9326	11.6553	11.965999999999983
1:9:20:35	7	8	22	22.0736	23.6439	23.97199999999998
1:9:21:50	7	8	22	21.9236	30.0948	30.48749999999986
1:9:23:0	7	8	22	22.1267	18.3771	17.85849999999998
1:9:24:15	7	8	22	22.4009	34.2862	34.5769999999999
1:9:25:25	7	8	22	21.5399	52.9713	53.36249999999994
1:9:26:40	7	8	22	21.7266	0.0	0
1:9:27:50	7	8	22	21.9173	22.0384	22.316500000000143
1:9:29:5	7	8	22	22.0495	30.7351	31.0845000000001
1:9:30:15	7	8	22	21.4959	36.9451	37.31199999999993
1:9:31:30	7	8	22	21.6725	0.0	0
1:9:32:45	7	8	22	21.8444	0.0	0
1:9:33:55	7	8	22	22.0032	14.7972	15.27250000000004
1:9:35:5	7	8	22	22.0032	22.7539	23.047999999999984
1:9:36:20	7	8	22	22.1186	21.1683	20.69799999999999
1:9:37:35	7	8	22	22.1186	29.0932	29.385000000000066
1:9:38:45	7	8	22	22.0792	29.0932	28.840000000000057
1:9:40:0	7	8	22	21.9993	27.538	27.071000000000023
1:9:41:10	7	8	22	21.9993	22.9993	22.461500000000143
1:9:42:25	7	8	22	22.0102	23.2213	23.653000000000137
1:9:43:35	7	8	22	22.0102	23.9717	24.463500000000113
1:9:44:50	7	8	22	22.2449	23.9717	24.402000000000132
1:9:46:0	7	8	22	22.0294	41.7489	42.10650000000015
1:9:47:10	7	8	22	22.0778	25.39	24.872499999999995
1:9:48:25	7	8	22	22.3081	31.6501	32.02900000000008
1:9:49:40	7	8	22	21.8952	49.0112	49.35350000000005
1:9:50:50	7	8	22	22.1161	18.6012	18.01250000000001
1:9:52:5	7	8	22	21.9076	39.2612	39.72550000000003
1:9:53:15	7	8	22	21.7476	22.3956	21.935499999999962
1:9:54:30	7	8	22	21.9556	12.6935	12.13899999999995
1:9:55:40	7	8	22	21.9556	27.1536	27.615000000000084
1:9:56:55	7	8	22	21.8783	27.1536	24.05100000000006
1:9:58:5	7	8	22	21.8783	18.2751	17.809499999999986
1:9:59:20	7	8	22	21.9152	18.2751	17.751999999999995
1:10:0:30	7	8	22	22.0233	18.8885	19.302499999999934
1:10:1:45	7	8	22	22.0233	25.589	26.008499999999955
1:10:2:55	7	8	22	22.0233	25.0963	24.61999999999994
1:10:4:10	7	8	22	22.2445	25.0963	24.85299999999993
1:10:5:20	7	8	22	21.7626	41.3738	41.67599999999989
1:10:6:35	7	8	22	21.9463	5.2059	4.660499999999914
1:10:7:45	7	8	22	22.1368	22.9366	23.29250000000003
1:10:9:0	7	8	22	22.3764	34.0074	34.28750000000002
1:10:10:10	7	8	22	22.6476	50.4594	50.76799999999999
1:10:11:25	7	8	22	17.8071	99.5341	100
1:10:12:35	7	8	22	18.031	1.2332	0
1:10:13:50	7	8	22	18.2477	0.0	0
1:10:15:0	7	8	22	18.4616	0.0	0
1:10:16:15	7	8	22	18.8892	0.0	0
1:10:17:25	7	8	22	19.1094	0.0	0
1:10:18:40	7	8	22	19.3175	0.0	0
1:10:19:50	7	8	22	19.5217	0.0	0
1:10:21:5	7	8	22	19.7238	0.0	0
1:10:22:15	7	8	22	20.1689	0.0	0
1:10:23:30	7	8	22	20.3774	0.0	0
1:10:24:40	7	8	22	20.5699	0.0	0
1:10:25:55	7	8	22	20.8036	0.0	0
1:10:27:5	7	8	22	21.0406	0.0	0
1:10:28:20	7	8	22	21.4049	0.0	0
1:10:29:35	7	8	22	21.5922	0.0	0
1:10:30:45	7	8	22	21.7834	0.0	0
1:10:32:0	7	8	22	21.912	21.5286	22.025000000000166
1:10:33:10	7	8	22	21.912	26.2042	26.636000000000042
1:10:34:25	7	8	22	21.912	24.2713	23.82700000000005
1:10:35:35	7	8	22	21.912	23.4405	22.947000000000042
1:10:36:50	7	8	22	21.912	22.5698	22.067000000000032
1:10:38:0	7	8	22	22.0375	21.6807	21.187000000000022
1:10:39:15	7	8	22	21.9817	29.4401	29.719500000000192
1:10:40:25	7	8	22	22.2375	24.5816	24.027000000000065
1:10:41:40	7	8	22	21.8229	43.4648	43.86600000000014
1:10:42:50	7	8	22	21.9158	11.9086	11.309000000000133
1:10:44:5	7	8	22	22.0672	11.7628	22.724500000000155
1:10:45:15	7	8	22	22.4775	31.4169	31.844000000000076
1:10:46:30	7	8	22	21.7477	60.5532	61.01750000000005
1:10:47:40	7	8	22	21.9253	5.7235	4.9029999999999845
1:10:48:55	7	8	22	22.0047	26.1846	26.647000000000112
1:10:50:5	7	8	22	21.9803	28.8665	29.191000000000063
1:10:51:20	7	8	22	22.0293	26.6803	26.217000000000066
1:10:52:35	7	8	22	22.194	29.6658	30.061000000000025
1:10:53:45	7	8	22	21.8766	41.6439	41.97150000000001
1:10:55:0	7	8	22	21.9023	18.0957	17.636000000000063
1:10:56:10	7	8	22	21.9023	22.6739	23.090500000000088
1:10:57:25	7	8	22	22.1299	22.1983	21.728000000000083
1:10:58:35	7	8	22	22.1299	37.3283	37.821000000000005
1:10:59:50	7	8	22	22.0285	36.185	35.70600000000002
1:11:1:0	7	8	22	21.9945	29.8658	29.400000000000148
1:11:2:15	7	8	22	21.9945	29.1958	28.655999999999946
1:11:3:25	7	8	22	21.8316	29.1958	29.11099999999997
1:11:4:40	7	8	22	21.94	17.2958	16.838500000000185
1:11:5:55	7	8	22	22.1939	25.4213	25.728000000000126
1:11:7:5	7	8	22	22.4858	42.2229	42.5445
1:11:8:15	7	8	22	21.2887	62.131	62.56750000000016
1:11:9:30	7	8	22	21.5119	0.0	0
1:11:10:40	7	8	22	21.7088	0.0	0
1:11:11:55	7	8	22	21.8343	24.1612	24.49499999999997
1:11:13:10	7	8	22	21.8343	27.5523	28.04199999999989
1:11:14:20	7	8	22	22.0323	24.9936	24.5024999999999
1:11:15:35	7	8	22	22.3061	37.3482	37.69549999999992
1:11:16:45	7	8	22	21.6416	55.2223	55.58350000000001
1:11:17:55	7	8	22	21.7634	5.4723	4.699999999999967
1:11:19:10	7	8	22	21.9518	19.7627	20.218500000000002
1:11:20:20	7	8	22	22.113	29.7125	30.155499999999847
1:11:21:35	7	8	22	22.431	38.5757	38.93749999999993
1:11:22:45	7	8	22	21.5632	61.2059	61.49950000000001
1:11:24:0	7	8	22	21.672	0.0	0
1:11:25:10	7	8	22	21.8916	16.4987	16.80900000000019
1:11:26:25	7	8	22	22.0441	28.0612	28.367000000000147
1:11:27:35	7	8	22	21.9106	34.9832	35.426500000000146
1:11:28:50	7	8	22	22.2145	24.0711	23.567500000000038
1:11:30:0	7	8	22	21.9697	47.1613	47.46850000000022
1:11:31:15	7	8	22	21.1805	27.1846	26.695000000000086
1:11:32:25	7	8	22	21.4228	0.0	0
1:11:33:40	7	8	22	21.6681	0.0	0
1:11:34:50	7	8	22	21.9121	0.0	0
1:11:36:5	7	8	22	22.16	19.0985	19.50499999999998
1:11:37:15	7	8	22	22.2849	33.1236	33.55850000000007
1:11:38:30	7	8	22	21.9758	40.3333	40.807500000000076
1:11:39:40	7	8	22	22.0922	19.1818	18.600500000000014
1:11:40:55	7	8	22	22.0922	31.3816	31.724999999999927
1:11:42:5	7	8	22	22.4017	31.3816	30.90099999999993
1:11:43:20	7	8	22	21.8266	54.7232	55.03550000000017
1:11:44:30	7	8	22	22.0028	11.9832	11.27749999999994
1:11:45:45	7	8	22	21.9958	30.9781	31.38500000000008
1:11:46:55	7	8	22	21.9958	28.7809	28.244999999999955
1:11:48:10	7	8	22	21.8856	28.7809	28.307999999999968
1:11:49:20	7	8	22	22.374	20.4551	20.001000000000037
1:11:50:35	7	8	22	22.0468	56.7626	57.139999999999915
1:11:51:45	7	8	22	22.0468	29.5721	29.014000000000095
1:11:53:0	7	8	22	21.9778	33.9875	34.39000000000007
1:11:54:10	7	8	22	21.9778	30.1824	29.682999999999886
1:11:55:25	7	8	22	21.7969	30.1824	30.49599999999991
1:11:56:35	7	8	22	21.9371	17.1794	16.706500000000073
1:11:57:50	7	8	22	21.9371	27.438	27.904000000000053
1:11:59:0	7	8	22	22.2326	25.6626	25.17200000000006
1:12:0:15	7	8	22	21.6064	46.2441	46.705500000000114
1:12:1:25	7	8	22	21.8517	0.0	0
1:12:2:40	7	8	22	22.1378	23.5371	23.85450000000004
1:12:3:50	7	8	22	21.9319	39.8462	40.14949999999986
1:12:5:5	7	8	22	21.9319	22.2604	21.793499999999902
1:12:6:15	7	8	22	22.1422	23.9104	24.200999999999887
1:12:7:30	7	8	22	21.9677	38.8117	39.29249999999989
1:12:8:40	7	8	22	22.0885	24.9567	24.472500000000004
1:12:9:55	7	8	22	21.973	35.3509	35.82699999999992
1:12:11:5	7	8	22	21.973	26.6989	26.23749999999987
1:12:12:20	7	8	22	21.9377	27.332	27.69999999999987
1:12:13:30	7	8	22	21.9377	25.2388	24.782499999999903
1:12:14:45	7	8	22	21.8865	25.168	24.68899999999989
1:12:15:55	7	8	22	21.9431	20.6916	20.22600000000004
1:12:17:10	7	8	22	22.0907	23.7028	24.103999999999992
1:12:18:20	7	8	22	22.6634	33.3366	33.75599999999979
1:12:19:35	7	8	22	18.7577	99.5508	100
1:12:20:45	7	8	22	18.9914	1.2333	0
1:12:22:0	7	8	22	19.2411	0.0	0
1:12:23:10	7	8	22	19.4871	0.0	0
1:12:24:25	7	8	22	19.9749	0.0	0
1:12:25:35	7	8	22	20.2202	0.0	0
1:12:26:50	7	8	22	20.4539	0.0	0
1:12:28:0	7	8	22	20.7363	0.0	0
1:12:29:15	7	8	22	21.2051	0.0	0
1:12:30:25	7	8	22	21.4363	0.0	0
1:12:31:40	7	8	22	21.6673	0.0	0
1:12:32:50	7	8	22	21.8883	0.0	0
1:12:34:5	7	8	22	22.1592	19.1891	19.598999999999975
1:12:35:15	7	8	22	22.0954	35.1925	35.4844999999998
1:12:36:30	7	8	22	22.1517	28.6984	28.228000000000048
1:12:37:40	7	8	22	22.2014	34.0832	34.361500000000035
1:12:38:55	7	8	22	22.5697	38.3878	38.761499999999884
1:12:40:5	7	8	22	21.5774	99.4206	100
1:12:41:20	7	8	22	18.3255	55.0694	54.46850000000012
1:12:42:30	7	8	22	18.6049	0.0	0
1:12:43:40	7	8	22	18.8603	0.0	0
1:12:44:55	7	8	22	19.112	0.0	0
1:12:46:10	7	8	22	19.3605	0.0	0
1:12:47:20	7	8	22	19.8538	0.0	0
1:12:48:35	7	8	22	20.0896	0.0	0
1:12:49:45	7	8	22	20.316	0.0	0
1:12:50:55	7	8	22	20.5424	0.0	0
1:12:52:10	7	8	22	20.8278	0.0	0
1:12:53:20	7	8	22	21.2851	0.0	0
1:12:54:35	7	8	22	21.5076	0.0	0
1:12:55:45	7	8	22	21.7791	0.0	0
1:12:57:0	7	8	22	21.9799	16.1867	16.485499999999984
1:12:58:10	7	8	22	22.1113	24.9124	25.26400000000006
1:12:59:25	7	8	22	22.2693	31.4987	31.906
1:13:0:35	7	8	22	21.9477	42.6155	42.8980000000001
1:13:1:50	7	8	22	22.0581	19.6193	19.101000000000088
1:13:3:0	7	8	22	22.1121	31.3665	31.681999999999988
1:13:4:15	7	8	22	21.961	34.2788	34.65700000000016
1:13:5:25	7	8	22	22.2565	24.1999	23.63549999999991
1:13:6:40	7	8	22	21.8792	47.3649	47.67449999999998
1:13:7:50	7	8	22	21.9957	18.0874	17.5095000000001
1:13:9:5	7	8	22	22.0669	30.3557	30.698499999999967
1:13:10:15	7	8	22	21.981	33.7562	34.24800000000006
1:13:11:30	7	8	22	22.2932	27.8611	27.406500000000143
1:13:12:40	7	8	22	21.887	51.5973	51.91999999999993
1:13:13:55	7	8	22	21.9856	20.2169	19.704000000000086
1:13:15:5	7	8	22	22.0437	31.7573	32.062000000000154
1:13:16:20	7	8	22	21.8689	34.4658	34.79650000000012
1:13:17:30	7	8	22	21.992	21.7885	21.252000000000052
1:13:18:45	7	8	22	22.3399	31.3747	31.795500000000136
1:13:19:55	7	8	22	21.9766	55.6254	55.96150000000007
1:13:21:10	7	8	22	21.755	27.3861	26.89450000000017
1:13:22:20	7	8	22	21.982	15.9422	15.489999999999998
1:13:23:35	7	8	22	21.8176	33.0559	33.389000000000046
1:13:24:45	7	8	22	21.8176	17.9746	17.473999999999993
1:13:26:0	7	8	22	22.0431	17.9746	18.11599999999999
1:13:27:10	7	8	22	22.2478	32.7285	33.204499999999996
1:13:28:25	7	8	22	21.5501	45.2495	45.60550000000018
1:13:29:35	7	8	22	21.7888	0.0	0
1:13:30:50	7	8	22	21.8686	23.5512	23.868999999999865
1:13:32:0	7	8	22	21.9083	23.8092	24.161500000000053
1:13:33:15	7	8	22	22.2397	24.3536	24.628000000000014
1:13:34:25	7	8	22	22.6392	47.6591	47.970499999999916
1:13:35:40	7	8	22	22.7593	99.5078	100
1:13:36:50	7	8	22	20.5819	99.5078	100
1:13:38:5	7	8	22	20.6456	0.0	0
1:13:39:15	7	8	22	21.1197	0.0	0
1:13:40:30	7	8	22	21.3544	0.0	0
1:13:41:40	7	8	22	21.5861	0.0	0
1:13:42:55	7	8	22	21.7942	0.0	0
1:13:44:5	7	8	22	22.053	20.8029	21.272500000000125
1:13:45:20	7	8	22	22.0541	35.0562	35.503000000000156
1:13:46:30	7	8	22	22.1227	32.7781	32.233499999999964
1:13:47:45	7	8	22	22.3833	37.4594	37.902999999999984
1:13:48:55	7	8	22	21.9501	57.2152	57.64599999999998
1:13:50:10	7	8	22	21.602	25.6794	25.080000000000005
1:13:51:20	7	8	22	21.9178	5.4634	4.971500000000081
1:13:52:35	7	8	22	21.9178	29.5657	29.89800000000002
1:13:53:45	7	8	22	22.2779	24.8843	24.339000000000027
1:13:55:0	7	8	22	21.8592	50.1597	50.52449999999996
1:13:56:10	7	8	22	22.3531	17.1132	16.49950000000014
1:13:57:25	7	8	22	21.8769	57.9509	58.41450000000012
1:13:58:35	7	8	22	21.9523	19.4871	18.821999999999967
1:13:59:50	7	8	22	21.9523	29.9035	30.389000000000134
1:14:1:0	7	8	22	21.9523	29.2978	28.781000000000116
1:14:2:15	7	8	22	22.2332	29.2978	28.304000000000126
1:14:3:25	7	8	22	22.1569	48.4825	48.894500000000065
1:14:4:40	7	8	22	22.0328	41.7667	41.290500000000094
1:14:5:50	7	8	22	21.9867	35.1696	34.6965000000002
1:14:7:5	7	8	22	21.9867	33.9235	33.42849999999999
1:14:8:15	7	8	22	21.7116	33.9235	33.98700000000002
1:14:9:30	7	8	22	21.904	13.7893	13.221500000000137
1:14:10:40	7	8	22	22.2089	28.4233	28.894000000000062
1:14:11:55	7	8	22	22.0954	47.5094	47.915500000000065
1:14:13:5	7	8	22	21.962	37.4816	36.918500000000186
1:14:14:20	7	8	22	21.868	30.0627	29.570000000000046
1:14:15:30	7	8	22	21.9902	24.5847	24.14099999999998
1:14:16:45	7	8	22	22.026	33.0629	33.39600000000021
1:14:17:55	7	8	22	21.9749	33.7379	34.15000000000005
1:14:19:10	7	8	22	21.9749	30.5766	30.04050000000021
1:14:20:25	7	8	22	21.8853	30.5766	30.5560000000002
1:14:21:35	7	8	22	21.922	24.0543	23.585000000000157
1:14:22:45	7	8	22	21.922	26.1017	26.534500000000158
1:14:24:0	7	8	22	21.922	25.6615	25.204000000000168
1:14:25:10	7	8	22	22.1218	24.9711	24.424000000000174
1:14:26:25	7	8	22	22.5479	38.2306	38.62900000000016
1:14:27:40	7	8	22	19.18	99.5838	100
1:14:28:50	7	8	22	19.373	1.2336	0
1:14:30:0	7	8	22	19.6071	0.0	0
1:14:31:15	7	8	22	20.0672	0.0	0
1:14:32:25	7	8	22	20.3001	0.0	0
1:14:33:40	7	8	22	20.5259	0.0	0
1:14:34:50	7	8	22	20.8046	0.0	0
1:14:36:5	7	8	22	21.0247	0.0	0
1:14:37:20	7	8	22	21.4623	0.0	0
1:14:38:30	7	8	22	21.6791	0.0	0
1:14:39:40	7	8	22	21.8815	0.0	0
1:14:40:55	7	8	22	22.0237	18.2369	18.611500000000074
1:14:42:5	7	8	22	22.0237	24.6652	25.055500000000244
1:14:43:20	7	8	22	22.1797	23.6872	23.15950000000022
1:14:44:35	7	8	22	22.2098	34.8103	35.09650000000015
1:14:45:45	7	8	22	22.6015	36.5045	36.811000000000234
1:14:47:0	7	8	22	20.8518	99.5722	100
1:14:48:10	7	8	22	19.5746	1.2335	0
1:14:49:20	7	8	22	20.0562	0.0	0
1:14:50:35	7	8	22	20.2819	0.0	0
1:14:51:50	7	8	22	20.495	0.0	0
1:14:53:0	7	8	22	20.7038	0.0	0
1:14:54:15	7	8	22	21.1161	0.0	0
1:14:55:25	7	8	22	21.3632	0.0	0
1:14:56:40	7	8	22	21.5753	0.0	0
1:14:57:50	7	8	22	21.8296	0.0	0
1:14:59:5	7	8	22	21.9718	24.0131	24.343000000000075
1:15:0:15	7	8	22	22.039	29.0077	29.48950000000025
1:15:1:30	7	8	22	21.9864	31.771	32.114500000000206
1:15:2:40	7	8	22	22.0535	28.0466	27.551500000000093
1:15:3:55	7	8	22	21.9683	32.794	33.23700000000011
1:15:5:5	7	8	22	21.9683	26.8938	26.375500000000077
1:15:6:20	7	8	22	21.7799	27.06	27.336500000000076
1:15:7:30	7	8	22	21.9365	13.3715	12.889500000000226
1:15:8:45	7	8	22	22.2338	24.9527	25.259500000000013
1:15:9:55	7	8	22	22.0551	44.1624	44.573000000000036
1:15:11:10	7	8	22	21.8778	29.5434	29.049000000000085
1:15:12:20	7	8	22	21.9749	19.4709	18.98300000000015
1:15:13:35	7	8	22	22.0998	27.4102	27.70300000000022
1:15:14:45	7	8	22	22.1105	35.0896	35.36299999999997
1:15:16:0	7	8	22	22.1105	35.0896	35.29
1:15:17:10	7	8	22	22.0992	35.7926	36.23449999999998
1:15:18:25	7	8	22	21.8468	36.0759	36.492000000000075
1:15:19:35	7	8	22	21.9405	19.1839	18.723500000000204
1:15:20:50	7	8	22	21.9405	27.6712	28.005000000000067
1:15:22:0	7	8	22	21.9405	26.4895	26.004500000000093
1:15:23:15	7	8	22	22.5049	25.8568	25.409500000000094
1:15:24:25	7	8	22	20.3624	99.3028	100
1:15:25:40	7	8	22	20.5704	1.2328	0
1:15:26:50	7	8	22	20.778	0.0	0
1:15:28:5	7	8	22	20.982	0.0	0
1:15:29:15	7	8	22	21.3846	0.0	0
1:15:30:30	7	8	22	21.5941	0.0	0
1:15:31:40	7	8	22	21.7872	0.0	0
1:15:32:55	7	8	22	22.0347	15.1269	15.619499999999817
1:15:34:5	7	8	22	22.1441	28.744	29.15750000000001
1:15:35:20	7	8	22	21.9887	33.5455	33.99700000000004
1:15:36:30	7	8	22	22.0279	22.5877	22.14200000000003
1:15:37:45	7	8	22	22.0279	26.9217	27.29999999999986
1:15:38:55	7	8	22	22.3221	26.9217	26.990999999999886
1:15:40:10	7	8	22	22.3221	49.0544	49.33499999999988
1:15:41:20	7	8	22	21.7197	48.6679	48.14299999999987
1:15:42:35	7	8	22	21.8958	6.8801	6.183999999999912
1:15:43:45	7	8	22	21.9538	25.2451	25.624500000000026
1:15:45:0	7	8	22	21.9538	25.9	26.291
1:15:46:10	7	8	22	22.0084	25.4948	24.959000000000014
1:15:47:25	7	8	22	22.1017	28.2377	28.592000000000073
1:15:48:35	7	8	22	22.5031	34.4838	34.85450000000003
1:15:49:50	7	8	22	22.4114	34.4838	100
1:15:51:0	7	8	22	20.1427	99.3839	100
1:15:52:15	7	8	22	21.9908	0.0	0
1:15:53:25	7	8	22	22.2017	0.0	0
1:15:54:40	7	8	22	22.2017	21.5377	22.034499999999912
1:15:55:50	7	8	22	22.3216	21.3676	20.88799999999992
1:15:57:5	7	8	22	22.3216	31.445	31.8975
1:15:58:15	7	8	22	22.1671	32.8167	33.31499999999998
1:15:59:30	7	8	22	22.1671	25.4371	24.94350000000008
1:16:0:40	7	8	22	22.3878	28.5152	28.932000000000073
1:16:1:55	7	8	22	21.7876	46.7798	47.155499999999876
1:16:3:5	7	8	22	21.7876	3.4196	2.708000000000098
1:16:4:20	7	8	22	22.0923	9.2598	9.58700000000007
1:16:5:30	7	8	22	22.0923	29.8537	30.315500000000114
1:16:6:45	7	8	22	22.3595	27.1685	26.668000000000124
1:16:7:55	7	8	22	22.6518	47.1883	47.631000000000064
1:16:9:10	7	8	22	21.1005	99.5034	100
1:16:10:20	7	8	22	18.8088	1.2329	0
1:16:11:35	7	8	22	19.0152	0.0	0
1:16:12:45	7	8	22	19.2176	0.0	0
1:16:14:0	7	8	22	19.4175	0.0	0
1:16:15:10	7	8	22	19.6124	0.0	0
1:16:16:25	7	8	22	19.997	0.0	0
1:16:17:35	7	8	22	20.2302	0.0	0
1:16:18:50	7	8	22	20.4005	0.0	0
1:16:20:0	7	8	22	20.5836	0.0	0
1:16:21:15	7	8	22	21.0141	0.0	0
1:16:22:25	7	8	22	21.2296	0.0	0
1:16:23:40	7	8	22	21.4484	0.0	0
1:16:24:50	7	8	22	21.6202	0.0	0
1:16:26:5	7	8	22	21.7835	0.0	0
1:16:27:15	7	8	22	21.9445	19.1313	19.538999999999973
1:16:28:30	7	8	22	22.2716	26.5074	26.999500000000083
1:16:29:40	7	8	22	21.8024	48.0645	48.56199999999993
1:16:30:55	7	8	22	21.8024	11.728	11.1814999999999
1:16:32:5	7	8	22	22.0001	15.8918	16.243499999999898
1:16:33:20	7	8	22	21.9826	28.7227	29.094999999999967
1:16:34:30	7	8	22	21.9826	25.2975	24.818000000000076
1:16:35:45	7	8	22	21.9826	25.2975	24.906500000000065
1:16:36:55	7	8	22	22.2471	25.2975	24.73250000000008
1:16:38:5	7	8	22	22.511	44.0013	44.39599999999996
1:16:39:20	7	8	22	18.7509	99.4734	100
1:16:40:30	7	8	22	18.9491	1.2326	0
1:16:41:45	7	8	22	19.1308	0.0	0
1:16:42:55	7	8	22	19.3095	0.0	0
1:16:44:10	7	8	22	19.4858	0.0	0
1:16:45:20	7	8	22	19.8436	0.0	0
1:16:46:35	7	8	22	20.0111	0.0	0
1:16:47:45	7	8	22	20.1724	0.0	0
1:16:49:0	7	8	22	20.3289	0.0	0
1:16:50:10	7	8	22	20.4829	0.0	0
1:16:51:25	7	8	22	20.8365	0.0	0
1:16:52:35	7	8	22	20.9875	0.0	0
1:16:53:50	7	8	22	21.133	0.0	0
1:16:55:0	7	8	22	21.2673	0.0	0
1:16:56:15	7	8	22	21.6464	0.0	0
1:16:57:25	7	8	22	21.788	0.0	0
1:16:58:40	7	8	22	21.8565	15.8096	16.094500000000025
1:16:59:50	7	8	22	21.9059	16.529	16.98800000000004
1:17:1:5	7	8	22	21.9059	16.529	18.23049999999993
1:17:2:15	7	8	22	22.0264	16.529	16.548499999999944
1:17:3:30	7	8	22	22.0264	24.3602	24.64499999999992
1:17:4:40	7	8	22	21.9713	23.5826	23.101499999999913
1:17:5:55	7	8	22	22.1928	19.6775	19.23299999999994
1:17:7:5	7	8	22	22.4107	36.0783	36.38499999999985
1:17:8:20	7	8	22	22.7121	50.8586	51.33299999999986
1:17:9:30	7	8	22	23.7991	99.5379	100
1:17:10:45	7	8	22	19.4453	99.5379	100
1:17:11:55	7	8	22	19.5692	1.2332	0
1:17:13:10	7	8	22	19.7291	0.0	0
1:17:14:20	7	8	22	20.0385	0.0	0
1:17:15:35	7	8	22	20.1892	0.0	0
1:17:16:45	7	8	22	20.3254	0.0	0
1:17:18:0	7	8	22	20.5192	0.0	0
1:17:19:10	7	8	22	20.6435	0.0	0
1:17:20:25	7	8	22	20.9414	0.0	0
1:17:21:35	7	8	22	21.1123	0.0	0
1:17:22:50	7	8	22	21.2819	0.0	0
1:17:24:0	7	8	22	21.4544	0.0	0
1:17:25:15	7	8	22	21.7332	0.0	0
1:17:26:25	7	8	22	21.8503	0.0	0
1:17:27:40	7	8	22	21.9316	15.9856	16.277000000000026
1:17:28:50	7	8	22	21.9316	18.7721	19.120999999999935
1:17:30:5	7	8	22	22.0725	17.6873	17.217499999999948
1:17:31:15	7	8	22	22.0472	26.7261	27.101000000000095
1:17:32:30	7	8	22	22.2777	24.2964	23.814999999999973
1:17:33:40	7	8	22	21.907	41.6134	41.95399999999994
1:17:34:55	7	8	22	22.1006	13.9586	13.47099999999999
1:17:36:5	7	8	22	22.3239	32.245	32.62149999999998
1:17:37:20	7	8	22	21.76	46.998	47.470999999999854
1:17:38:30	7	8	22	21.9047	5.7595	5.068000000000104
1:17:39:45	7	8	22	22.0761	21.6897	21.978999999999825
1:17:40:55	7	8	22	22.3145	31.2934	31.710500000000007
1:17:42:10	7	8	22	22.1258	47.4816	47.780499999999876
1:17:43:20	7	8	22	21.5189	33.6805	33.197000000000095
1:17:44:35	7	8	22	21.6449	0.0	0
1:17:45:45	7	8	22	21.7297	13.3434	13.742500000000124
1:17:47:0	7	8	22	21.8657	14.3662	14.661500000000203
1:17:48:10	7	8	22	22.0416	20.5251	20.886500000000137
1:17:49:25	7	8	22	22.307	30.2684	30.696000000000048
1:17:50:35	7	8	22	21.5635	48.0217	48.37850000000003
1:17:51:50	7	8	22	21.705	0.0	0
1:17:53:0	7	8	22	21.8591	17.0686	17.399999999999753
1:17:54:15	7	8	22	22.1653	23.4949	23.885000000000023
1:17:55:25	7	8	22	21.6647	42.7184	43.12949999999976
1:17:56:40	7	8	22	21.7652	3.2125	2.644499999999894
1:17:57:50	7	8	22	21.8399	13.8441	14.33799999999989
1:17:59:5	7	8	22	21.8399	15.7152	16.084999999999887
1:18:0:15	7	8	22	22.0125	13.8625	13.363499999999888
1:18:1:30	7	8	22	22.1944	24.2331	24.70749999999983
1:18:2:40	7	8	22	22.4867	35.5909	35.88600000000001
1:18:3:55	7	8	22	22.9205	56.5487	57.02399999999979
1:18:5:5	7	8	22	23.441	99.5914	100
1:18:6:20	7	8	22	20.1206	99.5914	100
1:18:7:30	7	8	22	20.2435	1.2337	0
1:18:8:45	7	8	22	20.3555	0.0	0
1:18:9:55	7	8	22	20.4657	0.0	0
1:18:11:10	7	8	22	20.5742	0.0	0
1:18:12:20	7	8	22	20.7911	0.0	0
1:18:13:35	7	8	22	20.8902	0.0	0
1:18:14:45	7	8	22	20.9865	0.0	0
1:18:16:0	7	8	22	21.0796	0.0	0
1:18:17:10	7	8	22	21.2214	0.0	0
1:18:18:25	7	8	22	21.4067	0.0	0
1:18:19:35	7	8	22	21.5351	0.0	0
1:18:20:50	7	8	22	21.6665	0.0	0
1:18:22:0	7	8	22	21.8077	19.0744	19.479999999999933
1:18:23:15	7	8	22	21.7494	24.4832	24.764000000000035
1:18:24:25	7	8	22	21.7494	16.794	16.350500000000086
1:18:25:40	7	8	22	21.7494	15.1911	14.719000000000086
1:18:26:50	7	8	22	21.7494	12.6991	12.2130000000001
1:18:28:5	7	8	22	21.8422	10.1941	9.707000000000114
1:18:29:15	7	8	22	21.8422	13.8835	14.160999999999895
1:18:30:30	7	8	22	21.9197	11.6572	11.190999999999924
1:18:31:40	7	8	22	21.9197	14.9571	15.42549999999995
1:18:32:55	7	8	22	22.0426	13.9861	13.45999999999993
1:18:34:5	7	8	22	22.1834	21.6011	21.87450000000002
1:18:35:20	7	8	22	22.5473	30.6419	31.016999999999904
1:18:36:30	7	8	22	19.2337	99.3478	100
1:18:37:45	7	8	22	19.322	1.2331	0
1:18:38:55	7	8	22	19.4269	0.0	0
1:18:40:10	7	8	22	19.5298	0.0	0
1:18:41:20	7	8	22	19.73	0.0	0
1:18:42:35	7	8	22	19.8299	0.0	0
1:18:43:45	7	8	22	19.9334	0.0	0
1:18:45:0	7	8	22	20.0286	0.0	0
1:18:46:10	7	8	22	20.1234	0.0	0
1:18:47:25	7	8	22	20.309	0.0	0
1:18:48:35	7	8	22	20.4456	0.0	0
1:18:49:50	7	8	22	20.5403	0.0	0
1:18:51:0	7	8	22	20.6383	0.0	0
1:18:52:15	7	8	22	20.8358	0.0	0
1:18:53:25	7	8	22	20.9002	0.0	0
1:18:54:40	7	8	22	20.9002	0.0	0
1:18:55:50	7	8	22	21.0416	0.0	0
1:18:57:5	7	8	22	21.1033	0.0	0
1:18:58:15	7	8	22	21.2176	0.0	0
1:18:59:30	7	8	22	21.2176	0.0	0
1:19:0:40	7	8	22	21.391	0.0	0
1:19:1:55	7	8	22	21.4935	0.0	0
1:19:3:5	7	8	22	21.5662	0.0	0
1:19:4:20	7	8	22	21.7878	0.0	0
1:19:5:30	7	8	22	21.7878	21.0609	21.54000000000016
1:19:6:45	7	8	22	21.6932	21.0609	16.094000000000133
1:19:7:55	7	8	22	21.7366	7.3592	6.877000000000155
1:19:9:10	7	8	22	21.7366	8.052	8.483000000000036
1:19:10:20	7	8	22	21.9298	5.6755	5.198000000000054
1:19:11:35	7	8	22	21.9298	16.7726	17.054000000000116
1:19:12:45	7	8	22	21.9298	13.9637	13.454000000000104
1:19:14:0	7	8	22	21.9298	13.2767	12.752000000000105
1:19:15:10	7	8	22	22.0167	12.5775	12.050000000000107
1:19:16:25	7	8	22	22.1317	17.4005	17.865500000000107
1:19:17:35	7	8	22	21.9486	25.0805	25.353999999999992
1:19:18:50	7	8	22	22.0623	11.6916	11.213500000000032
1:19:20:0	7	8	22	22.1857	21.5382	21.973500000000126
1:19:21:15	7	8	22	22.4619	29.8271	30.14600000000012
1:19:22:25	7	8	22	21.9394	50.4057	50.867000000000075
1:19:23:40	7	8	22	21.9394	12.7112	12.155500000000018
1:19:24:50	7	8	22	21.9394	19.0105	19.38700000000002
1:19:26:5	7	8	22	21.9394	19.0105	18.781000000000013
1:19:27:15	7	8	22	21.9394	18.672	18.175000000000004
1:19:28:30	7	8	22	21.8976	18.0807	17.568999999999996
1:19:29:40	7	8	22	21.9109	14.3985	13.828000000000099
1:19:30:55	7	8	22	22.02	14.3985	14.428500000000156
1:19:32:5	7	8	22	22.1444	21.0933	21.520500000000006
1:19:33:20	7	8	22	22.2103	29.115	29.414000000000136
1:19:34:30	7	8	22	22.3259	33.5417	33.934500000000064
1:19:35:45	7	8	22	21.604	43.291	43.71900000000012
1:19:36:55	7	8	22	21.604	0.0	0
1:19:38:10	7	8	22	21.604	6.4734	6.868500000000015
1:19:39:20	7	8	22	21.8001	3.371	2.908500000000007
1:19:40:35	7	8	22	21.7947	13.2205	13.656000000000095
1:19:41:45	7	8	22	21.8281	8.775	8.310499999999958
1:19:43:0	7	8	22	21.8281	8.775	8.843499999999995
1:19:44:10	7	8	22	21.9083	7.1741	6.623499999999982
1:19:45:25	7	8	22	21.9083	10.442	10.919500000000077
1:19:46:35	7	8	22	21.9083	9.2812	8.799500000000062
1:19:47:50	7	8	22	22.0193	8.39	7.882500000000068
1:19:49:0	7	8	22	22.0193	14.8865	15.290500000000122
1:19:50:15	7	8	22	22.1204	14.2636	13.818500000000125
1:19:51:25	7	8	22	22.2117	21.1541	21.59400000000005
1:19:52:40	7	8	22	22.3613	27.7235	28.129000000000097
1:19:53:50	7	8	22	22.5654	39.7655	40.09650000000006
1:19:55:5	7	8	22	20.0598	99.5941	100
1:19:56:10	7	8	22	17.4743	1.6031	0
1:19:56:10	7	8	22	17.4743	1.6031	0
1:19:56:10	7	8	22	17.4743	1.6031	0
1:19:56:10	7	8	22	17.4743	1.6031	0
1:19:56:10	7	8	22	17.4743	1.6031	0
1:19:56:10	7	8	22	17.4743	1.6031	0
1:19:56:10	7	8	22	17.4743	1.6031	0
1:19:56:10	7	8	22	17.4743	1.6031	0
1:19:56:10	7	8	22	17.4743	1.6031	0
1:19:56:10	7	8	22	17.4743	1.6031	0
1:19:56:10	7	8	22	17.4743	1.6031	0
1:19:56:10	7	8	22	17.4743	1.6031	0
1:19:56:10	7	8	22	17.4743	1.6031	0
1:19:56:10	7	8	22	17.4743	1.6031	0
1:19:56:10	7	8	22	17.4743	1.6031	0
1:19:56:10	7	8	22	17.4743	1.6031	0
1:19:56:10	7	8	22	17.4743	1.6031	0
1:19:56:10	7	8	22	17.4743	1.6031	0
1:19:56:10	7	8	22	17.4743	1.6031	0
1:19:56:10	7	8	22	17.4743	1.6031	0
1:19:56:10	7	8	22	17.4743	1.6031	0
1:19:56:10	7	8	22	17.4743	1.6031	0
1:19:56:10	7	8	22	17.4743	1.6031	0
1:19:56:10	7	8	22	17.4743	1.6031	0
1:19:56:10	7	8	22	17.4743	1.6031	0
1:19:56:10	7	8	22	17.4743	1.6031	0
1:19:56:10	7	8	22	17.4743	1.6031	0
1:19:56:10	7	8	22	17.4743	1.6031	0
1:19:56:10	7	8	22	17.4743	1.6031	0
1:19:56:10	7	8	22	17.4743	1.6031	0
1:19:56:10	7	8	22	17.4743	1.6031	0
1:19:56:10	7	8	22	17.4743	1.6031	0
1:19:56:10	7	8	22	17.4743	1.6031	0
1:19:56:10	7	8	22	17.4743	1.6031	0
1:19:56:10	7	8	22	17.4743	1.6031	0
1:19:56:10	7	8	22	17.4743	1.6031	0
1:19:56:10	7	8	22	17.4743	1.6031	0
1:19:56:10	7	8	22	17.4743	1.6031	0
1:19:56:10	7	8	22	17.4743	1.6031	0
1:19:56:10	7	8	22	17.4743	1.6031	0
1:19:56:10	7	8	22	17.4743	1.6031	0
1:19:56:10	7	8	22	17.4743	1.6031	0
1:19:56:10	7	8	22	17.4743	1.6031	0
1:19:56:10	7	8	22	17.4743	1.6031	0
1:19:56:10	7	8	22	17.4743	1.6031	0
1:19:56:10	7	8	22	17.4743	1.6031	0
1:19:56:10	7	8	22	17.4743	1.6031	0
1:19:56:10	7	8	22	17.4743	1.6031	0
1:19:56:10	7	8	22	17.4743	1.6031	0
1:19:56:10	7	8	22	17.4743	1.6031	0
1:19:56:10	7	8	22	17.4743	1.6031	0
1:19:56:10	7	8	22	17.4743	1.6031	0
1:19:56:10	7	8	22	17.4743	1.6031	0
1:19:56:10	7	8	22	17.4743	1.6031	0
1:19:56:10	7	8	22	17.4743	1.6031	0
1:19:56:10	7	8	22	17.4743	1.6031	0
1:19:56:10	7	8	22	17.4743	1.6031	0
1:19:56:10	7	8	22	17.4743	1.6031	0
1:19:56:10	7	8	22	17.4743	1.6031	0
1:19:56:10	7	8	22	17.4743	1.6031	0
1:19:56:10	7	8	22	17.4743	1.6031	0
1:19:56:10	7	8	22	17.4743	1.6031	0
1:19:56:10	7	8	22	17.4743	1.6031	0
1:19:56:10	7	8	22	17.4743	1.6031	0
1:19:56:10	7	8	22	17.4743	1.6031	0
1:19:56:10	7	8	22	17.4743	1.6031	0
1:19:56:10	7	8	22	17.4743	1.6031	0
1:19:56:10	7	8	22	17.4743	1.6031	0
1:19:56:10	7	8	22	17.4743	1.6031	0
1:19:56:10	7	8	22	17.4743	1.6031	0
1:19:56:10	7	8	22	17.4743	1.6031	0
1:19:56:10	7	8	22	17.4743	1.6031	0
1:19:56:10	7	8	22	17.4743	1.6031	0
1:19:56:10	7	8	22	17.4743	1.6031	0
1:19:56:10	7	8	22	17.4743	1.6031	0
1:19:56:10	7	8	22	17.4743	1.6031	0
1:19:56:10	7	8	22	17.4743	1.6031	0
1:19:56:10	7	8	22	17.4743	1.6031	0
1:19:56:10	7	8	22	17.4743	1.6031	0
1:19:56:10	7	8	22	17.4743	1.6031	0
1:19:56:10	7	8	22	17.4743	1.6031	0
1:19:56:10	7	8	22	17.4743	1.6031	0
1:19:56:10	7	8	22	17.4743	1.6031	0
1:19:56:10	7	8	22	17.4743	1.6031	0
1:19:56:10	7	8	22	17.4743	1.6031	0
1:19:56:10	7	8	22	17.4743	1.6031	0
1:19:56:10	7	8	22	17.4743	1.6031	0
1:19:56:10	7	8	22	17.4743	1.6031	0
1:19:56:10	7	8	22	17.4743	1.6031	0
1:19:56:10	7	8	22	17.4743	1.6031	0
1:19:56:10	7	8	22	17.4743	1.6031	0
1:19:56:10	7	8	22	17.4743	1.6031	0
1:19:56:10	7	8	22	17.4743	1.6031	0
1:19:56:10	7	8	22	17.4743	1.6031	0
1:19:56:10	7	8	22	17.4743	1.6031	0
1:19:56:10	7	8	22	17.4743	1.6031	0
1:19:56:10	7	8	22	17.4743	1.6031	0
1:19:56:10	7	8	22	17.4743	1.6031	0
1:19:56:10	7	8	22	17.4743	1.6031	0
1:19:56:10	7	8	22	17.4743	1.6031	0
1:19:56:10	7	8	22	17.4743	1.6031	0
1:19:56:10	7	8	22	17.4743	1.6031	0
1:19:56:10	7	8	22	17.4743	1.6031	0
1:19:56:10	7	8	22	17.4743	1.6031	0
1:19:56:10	7	8	22	17.4743	1.6031	0
1:19:56:10	7	8	22	17.4743	1.6031	0
1:19:56:10	7	8	22	17.4743	1.6031	0
1:19:56:10	7	8	22	17.4743	1.6031	0
1:19:56:10	7	8	22	17.4743	1.6031	0
1:19:56:10	7	8	22	17.4743	1.6031	0
1:19:56:10	7	8	22	17.4743	1.6031	0
1:19:56:10	7	8	22	17.4743	1.6031	0
1:19:56:10	7	8	22	17.4743	1.6031	0
1:19:56:10	7	8	22	17.4743	1.6031	0
1:19:56:10	7	8	22	17.4743	1.6031	0
1:19:56:10	7	8	22	17.4743	1.6031	0
1:19:56:10	7	8	22	17.4743	1.6031	0
1:19:56:10	7	8	22	17.4743	1.6031	0
1:19:56:10	7	8	22	17.4743	1.6031	0
1:19:56:10	7	8	22	17.4743	1.6031	0
1:19:56:10	7	8	22	17.4743	1.6031	0
1:19:56:10	7	8	22	17.4743	1.6031	0
1:19:56:10	7	8	22	17.4743	1.6031	0
1:19:56:10	7	8	22	17.4743	1.6031	0
1:19:56:10	7	8	22	17.4743	1.6031	0
1:19:56:10	7	8	22	17.4743	1.6031	0
1:19:56:10	7	8	22	17.4743	1.6031	0
1:19:56:10	7	8	22	17.4743	1.6031	0
1:19:56:10	7	8	22	17.4743	1.6031	0
1:19:56:10	7	8	22	17.4743	1.6031	0
1:19:56:10	7	8	22	17.4743	1.6031	0
1:19:56:10	7	8	22	17.4743	1.6031	0
1:19:56:10	7	8	22	17.4743	1.6031	0
1:19:56:10	7	8	22	17.4743	1.6031	0
1:19:56:10	7	8	22	17.4743	1.6031	0
1:19:56:10	7	8	22	17.4743	1.6031	0
1:19:56:10	7	8	22	17.4743	1.6031	0
1:19:56:10	7	8	22	17.4743	1.6031	0
1:19:56:10	7	8	22	17.4743	1.6031	0
1:19:56:10	7	8	22	17.4743	1.6031	0
1:19:56:10	7	8	22	17.4743	1.6031	0
1:19:56:10	7	8	22	17.4743	1.6031	0
1:19:56:10	7	8	22	17.4743	1.6031	0
1:19:56:10	7	8	22	17.4743	1.6031	0
1:19:56:10	7	8	22	17.4743	1.6031	0
1:19:56:10	7	8	22	17.4743	1.6031	0
1:19:56:10	7	8	22	17.4743	1.6031	0
1:19:56:10	7	8	22	17.4743	1.6031	0
1:19:56:10	7	8	22	17.4743	1.6031	0
1:19:56:10	7	8	22	17.4743	1.6031	0
1:19:56:10	7	8	22	17.4743	1.6031	0
1:19:56:10	7	8	22	17.4743	1.6031	0
1:19:56:10	7	8	22	17.4743	1.6031	0
1:19:56:10	7	8	22	17.4743	1.6031	0
1:19:56:10	7	8	22	17.4743	1.6031	0
1:19:56:10	7	8	22	17.4743	1.6031	0
1:19:56:10	7	8	22	17.4743	1.6031	0
1:19:56:10	7	8	22	17.4743	1.6031	0
1:19:56:10	7	8	22	17.4743	1.6031	0
1:19:56:10	7	8	22	17.4743	1.6031	0
1:19:56:10	7	8	22	17.4743	1.6031	0
1:19:56:10	7	8	22	17.4743	1.6031	0
1:19:56:10	7	8	22	17.4743	1.6031	0
1:19:56:10	7	8	22	17.4743	1.6031	0
1:19:56:10	7	8	22	17.4743	1.6031	0
1:19:56:10	7	8	22	17.4743	1.6031	0
1:19:56:10	7	8	22	17.4743	1.6031	0
1:19:56:10	7	8	22	17.4743	1.6031	0
1:19:56:10	7	8	22	17.4743	1.6031	0
1:19:56:10	7	8	22	17.4743	1.6031	0
1:19:56:10	7	8	22	17.4743	1.6031	0
1:19:56:10	7	8	22	17.4743	1.6031	0
1:19:56:10	7	8	22	17.4743	1.6031	0
1:19:56:10	7	8	22	17.4743	1.6031	0
1:19:56:10	7	8	22	17.4743	1.6031	0
1:19:56:10	7	8	22	17.4743	1.6031	0
1:19:56:10	7	8	22	17.4743	1.6031	0
1:19:56:10	7	8	22	17.4743	1.6031	0
1:19:56:10	7	8	22	17.4743	1.6031	0
1:19:56:10	7	8	22	17.4743	1.6031	0
1:19:56:10	7	8	22	17.4743	1.6031	0
1:19:56:10	7	8	22	17.4743	1.6031	0
1:19:56:10	7	8	22	17.4743	1.6031	0
1:19:56:10	7	8	22	17.4743	1.6031	0
1:19:56:10	7	8	22	17.4743	1.6031	0
1:19:56:10	7	8	22	17.4743	1.6031	0
1:19:56:10	7	8	22	17.4743	1.6031	0
1:19:56:10	7	8	22	17.4743	1.6031	0
1:19:56:10	7	8	22	17.4743	1.6031	0
1:19:56:10	7	8	22	17.4743	1.6031	0
1:19:56:10	7	8	22	17.4743	1.6031	0
1:19:56:10	7	8	22	17.4743	1.6031	0
1:19:56:10	7	8	22	17.4743	1.6031	0
1:19:56:10	7	8	22	17.4743	1.6031	0
1:19:56:10	7	8	22	17.4743	1.6031	0
1:19:56:10	7	8	22	17.4743	1.6031	0
1:19:56:10	7	8	22	17.4743	1.6031	0
1:19:56:10	7	8	22	17.4743	1.6031	0
1:19:56:10	7	8	22	17.4743	1.6031	0
1:19:56:10	7	8	22	17.4743	1.6031	0
1:19:56:10	7	8	22	17.4743	1.6031	0
1:19:56:10	7	8	22	17.4743	1.6031	0
1:19:56:10	7	8	22	17.4743	1.6031	0
1:19:56:10	7	8	22	17.4743	1.6031	0
1:19:56:10	7	8	22	17.4743	1.6031	0
1:19:56:10	7	8	22	17.4743	1.6031	0
1:19:56:10	7	8	22	17.4743	1.6031	0
1:19:56:10	7	8	22	17.4743	1.6031	0
1:19:56:10	7	8	22	17.4743	1.6031	0
1:19:56:10	7	8	22	17.4743	1.6031	0
1:19:56:10	7	8	22	17.4743	1.6031	0
1:19:56:10	7	8	22	17.4743	1.6031	0
1:19:56:10	7	8	22	17.4743	1.6031	0
1:19:56:10	7	8	22	17.4743	1.6031	0
1:19:56:10	7	8	22	17.4743	1.6031	0
1:19:56:10	7	8	22	17.4743	1.6031	0
1:19:56:10	7	8	22	17.4743	1.6031	0
1:19:56:10	7	8	22	17.4743	1.6031	0
1:19:56:10	7	8	22	17.4743	1.6031	0
1:19:56:10	7	8	22	17.4743	1.6031	0
1:19:56:10	7	8	22	17.4743	1.6031	0
1:19:56:10	7	8	22	17.4743	1.6031	0
1:19:56:10	7	8	22	17.4743	1.6031	0
1:19:56:10	7	8	22	17.4743	1.6031	0
1:19:56:10	7	8	22	17.4743	1.6031	0
1:19:56:10	7	8	22	17.4743	1.6031	0
1:19:56:10	7	8	22	17.4743	1.6031	0
1:19:56:10	7	8	22	17.4743	1.6031	0
1:19:56:10	7	8	22	17.4743	1.6031	0
1:19:56:10	7	8	22	17.4743	1.6031	0
1:19:56:10	7	8	22	17.4743	1.6031	0
1:19:56:10	7	8	22	17.4743	1.6031	0
1:19:56:10	7	8	22	17.4743	1.6031	0
1:19:56:10	7	8	22	17.4743	1.6031	0
1:19:56:10	7	8	22	17.4743	1.6031	0
1:19:56:10	7	8	22	17.4743	1.6031	0
1:19:56:10	7	8	22	17.4743	1.6031	0
1:19:56:10	7	8	22	17.4743	1.6031	0
1:19:56:10	7	8	22	17.4743	1.6031	0
1:19:56:10	7	8	22	17.4743	1.6031	0
1:19:56:10	7	8	22	17.4743	1.6031	0
1:19:56:10	7	8	22	17.4743	1.6031	0
1:19:56:10	7	8	22	17.4743	1.6031	0
1:19:56:10	7	8	22	17.4743	1.6031	0
1:19:56:10	7	8	22	17.4743	1.6031	0
1:19:56:10	7	8	22	17.4743	1.6031	0
1:19:56:10	7	8	22	17.4743	1.6031	0
1:19:56:10	7	8	22	17.4743	1.6031	0
1:19:56:10	7	8	22	17.4743	1.6031	0
1:19:56:10	7	8	22	17.4743	1.6031	0
1:19:56:10	7	8	22	17.4743	1.6031	0
1:19:56:10	7	8	22	17.4743	1.6031	0
1:19:56:10	7	8	22	17.4743	1.6031	0
1:19:56:10	7	8	22	17.4743	1.6031	0
1:19:56:10	7	8	22	17.4743	1.6031	0
1:19:56:10	7	8	22	17.4743	1.6031	0
1:19:56:10	7	8	22	17.4743	1.6031	0
1:19:56:10	7	8	22	17.4743	1.6031	0
1:19:56:10	7	8	22	17.4743	1.6031	0
1:19:56:10	7	8	22	17.4743	1.6031	0
1:19:56:10	7	8	22	17.4743	1.6031	0
1:19:56:10	7	8	22	17.4743	1.6031	0
1:19:56:10	7	8	22	17.4743	1.6031	0
1:19:56:10	7	8	22	17.4743	1.6031	0
1:19:56:10	7	8	22	17.4743	1.6031	0
1:19:56:10	7	8	22	17.4743	1.6031	0
1:19:56:10	7	8	22	17.4743	1.6031	0
1:19:56:10	7	8	22	17.4743	1.6031	0
1:19:56:10	7	8	22	17.4743	1.6031	0
1:19:56:10	7	8	22	17.4743	1.6031	0
1:19:56:10	7	8	22	17.4743	1.6031	0
1:19:56:10	7	8	22	17.4743	1.6031	0
1:19:56:10	7	8	22	17.4743	1.6031	0
1:19:56:10	7	8	22	17.4743	1.6031	0
1:19:56:10	7	8	22	17.4743	1.6031	0
1:19:56:10	7	8	22	17.4743	1.6031	0
1:19:56:10	7	8	22	17.4743	1.6031	0
1:19:56:10	7	8	22	17.4743	1.6031	0
1:19:56:10	7	8	22	17.4743	1.6031	0
1:19:56:10	7	8	22	17.4743	1.6031	0
1:19:56:10	7	8	22	17.4743	1.6031	0
1:19:56:10	7	8	22	17.4743	1.6031	0
1:19:56:10	7	8	22	17.4743	1.6031	0
1:19:56:10	7	8	22	17.4743	1.6031	0
1:19:56:10	7	8	22	17.4743	1.6031	0
1:19:56:10	7	8	22	17.4743	1.6031	0
1:19:56:10	7	8	22	17.4743	1.6031	0
1:19:56:10	7	8	22	17.4743	1.6031	0
1:19:56:10	7	8	22	17.4743	1.6031	0
1:19:56:10	7	8	22	17.4743	1.6031	0
1:19:56:10	7	8	22	17.4743	1.6031	0
1:19:56:10	7	8	22	17.4743	1.6031	0
1:19:56:10	7	8	22	17.4743	1.6031	0
1:19:56:10	7	8	22	17.4743	1.6031	0
1:19:56:10	7	8	22	17.4743	1.6031	0
1:19:56:10	7	8	22	17.4743	1.6031	0
1:19:56:10	7	8	22	17.4743	1.6031	0
1:19:56:10	7	8	22	17.4743	1.6031	0
1:19:56:10	7	8	22	17.4743	1.6031	0
1:19:56:10	7	8	22	17.4743	1.6031	0
1:19:56:10	7	8	22	17.4743	1.6031	0
1:19:56:10	7	8	22	17.4743	1.6031	0
1:19:56:10	7	8	22	17.4743	1.6031	0
1:19:56:10	7	8	22	17.4743	1.6031	0
1:19:56:10	7	8	22	17.4743	1.6031	0
1:19:56:10	7	8	22	17.4743	1.6031	0
1:19:56:10	7	8	22	17.4743	1.6031	0
1:19:56:10	7	8	22	17.4743	1.6031	0
1:19:56:10	7	8	22	17.4743	1.6031	0
1:19:56:10	7	8	22	17.4743	1.6031	0
1:19:56:10	7	8	22	17.4743	1.6031	0
1:19:56:10	7	8	22	17.4743	1.6031	0
1:19:56:10	7	8	22	17.4743	1.6031	0
1:19:56:10	7	8	22	17.4743	1.6031	0
1:19:56:10	7	8	22	17.4743	1.6031	0
1:19:56:10	7	8	22	17.4743	1.6031	0
1:19:56:10	7	8	22	17.4743	1.6031	0
1:19:56:10	7	8	22	17.4743	1.6031	0
1:19:56:10	7	8	22	17.4743	1.6031	0
1:19:56:10	7	8	22	17.4743	1.6031	0
1:19:56:10	7	8	22	17.4743	1.6031	0
1:19:56:10	7	8	22	17.4743	1.6031	0
1:19:56:10	7	8	22	17.4743	1.6031	0
1:19:56:10	7	8	22	17.4743	1.6031	0
1:19:56:10	7	8	22	17.4743	1.6031	0
1:19:56:10	7	8	22	17.4743	1.6031	0
1:19:56:10	7	8	22	17.4743	1.6031	0
1:19:56:10	7	8	22	17.4743	1.6031	0
1:19:56:10	7	8	22	17.4743	1.6031	0
1:19:56:10	7	8	22	17.4743	1.6031	0
1:19:56:10	7	8	22	17.4743	1.6031	0
1:19:56:10	7	8	22	17.4743	1.6031	0
1:19:56:10	7	8	22	17.4743	1.6031	0
1:19:56:10	7	8	22	17.4743	1.6031	0
1:19:56:10	7	8	22	17.4743	1.6031	0
1:19:56:10	7	8	22	17.4743	1.6031	0
1:19:56:10	7	8	22	17.4743	1.6031	0
1:19:56:10	7	8	22	17.4743	1.6031	0
1:19:56:10	7	8	22	17.4743	1.6031	0
1:19:56:10	7	8	22	17.4743	1.6031	0
1:19:56:10	7	8	22	17.4743	1.6031	0
1:19:56:10	7	8	22	17.4743	1.6031	0
1:19:56:10	7	8	22	17.4743	1.6031	0
1:19:56:10	7	8	22	17.4743	1.6031	0
1:19:56:10	7	8	22	17.4743	1.6031	0
1:19:56:10	7	8	22	17.4743	1.6031	0
1:19:56:10	7	8	22	17.4743	1.6031	0
1:19:56:10	7	8	22	17.4743	1.6031	0
1:19:56:10	7	8	22	17.4743	1.6031	0
1:19:56:10	7	8	22	17.4743	1.6031	0
1:19:56:10	7	8	22	17.4743	1.6031	0
1:19:56:10	7	8	22	17.4743	1.6031	0
1:19:56:10	7	8	22	17.4743	1.6031	0
1:19:56:10	7	8	22	17.4743	1.6031	0
1:19:56:10	7	8	22	17.4743	1.6031	0
1:19:56:10	7	8	22	17.4743	1.6031	0
1:19:56:10	7	8	22	17.4743	1.6031	0
1:19:56:10	7	8	22	17.4743	1.6031	0
1:19:56:10	7	8	22	17.4743	1.6031	0
1:19:56:10	7	8	22	17.4743	1.6031	0
1:19:56:10	7	8	22	17.4743	1.6031	0
1:19:56:10	7	8	22	17.4743	1.6031	0
1:19:56:10	7	8	22	17.4743	1.6031	0
1:19:56:10	7	8	22	17.4743	1.6031	0
1:19:56:10	7	8	22	17.4743	1.6031	0
1:19:56:10	7	8	22	17.4743	1.6031	0
1:19:56:10	7	8	22	17.4743	1.6031	0
1:19:56:10	7	8	22	17.4743	1.6031	0
1:19:56:10	7	8	22	17.4743	1.6031	0
1:19:56:10	7	8	22	17.4743	1.6031	0
1:19:56:10	7	8	22	17.4743	1.6031	0
1:19:56:10	7	8	22	17.4743	1.6031	0
1:19:56:10	7	8	22	17.4743	1.6031	0
1:19:56:10	7	8	22	17.4743	1.6031	0
1:19:56:10	7	8	22	17.4743	1.6031	0
1:19:56:10	7	8	22	17.4743	1.6031	0
1:19:56:10	7	8	22	17.4743	1.6031	0
1:19:56:10	7	8	22	17.4743	1.6031	0
1:19:56:10	7	8	22	17.4743	1.6031	0
1:19:56:10	7	8	22	17.4743	1.6031	0
1:19:56:10	7	8	22	17.4743	1.6031	0
1:19:56:10	7	8	22	17.4743	1.6031	0
1:19:56:10	7	8	22	17.4743	1.6031	0
1:19:56:10	7	8	22	17.4743	1.6031	0
1:19:56:10	7	8	22	17.4743	1.6031	0
1:19:56:10	7	8	22	17.4743	1.6031	0
1:19:56:10	7	8	22	17.4743	1.6031	0
1:19:56:10	7	8	22	17.4743	1.6031	0
1:19:56:10	7	8	22	17.4743	1.6031	0
1:19:56:10	7	8	22	17.4743	1.6031	0
1:19:56:10	7	8	22	17.4743	1.6031	0
1:19:56:10	7	8	22	17.4743	1.6031	0
1:19:56:10	7	8	22	17.4743	1.6031	0
1:19:56:10	7	8	22	17.4743	1.6031	0
1:19:56:10	7	8	22	17.4743	1.6031	0
1:19:56:10	7	8	22	17.4743	1.6031	0
1:19:56:10	7	8	22	17.4743	1.6031	0
1:19:56:10	7	8	22	17.4743	1.6031	0
1:19:56:10	7	8	22	17.4743	1.6031	0
1:19:56:10	7	8	22	17.4743	1.6031	0
1:19:56:10	7	8	22	17.4743	1.6031	0
1:19:56:10	7	8	22	17.4743	1.6031	0
1:19:56:10	7	8	22	17.4743	1.6031	0
1:19:56:10	7	8	22	17.4743	1.6031	0
1:19:56:10	7	8	22	17.4743	1.6031	0
1:19:56:10	7	8	22	17.4743	1.6031	0
1:19:56:10	7	8	22	17.4743	1.6031	0
1:19:56:10	7	8	22	17.4743	1.6031	0
1:19:56:10	7	8	22	17.4743	1.6031	0
1:19:56:10	7	8	22	17.4743	1.6031	0
1:19:56:10	7	8	22	17.4743	1.6031	0
1:19:56:10	7	8	22	17.4743	1.6031	0
1:19:56:10	7	8	22	17.4743	1.6031	0
1:19:56:10	7	8	22	17.4743	1.6031	0
1:19:56:10	7	8	22	17.4743	1.6031	0
1:19:56:10	7	8	22	17.4743	1.6031	0
1:19:56:10	7	8	22	17.4743	1.6031	0
1:19:56:10	7	8	22	17.4743	1.6031	0
1:19:56:10	7	8	22	17.4743	1.6031	0
1:19:56:10	7	8	22	17.4743	1.6031	0
1:19:56:10	7	8	22	17.4743	1.6031	0
1:19:56:10	7	8	22	17.4743	1.6031	0
1:19:56:10	7	8	22	17.4743	1.6031	0
1:19:56:10	7	8	22	17.4743	1.6031	0
1:19:56:10	7	8	22	17.4743	1.6031	0
1:19:56:10	7	8	22	17.4743	1.6031	0
1:19:56:10	7	8	22	17.4743	1.6031	0
1:19:56:10	7	8	22	17.4743	1.6031	0
1:19:56:10	7	8	22	17.4743	1.6031	0
1:19:56:10	7	8	22	17.4743	1.6031	0
1:19:56:10	7	8	22	17.4743	1.6031	0
1:19:56:10	7	8	22	17.4743	1.6031	0
1:19:56:10	7	8	22	17.4743	1.6031	0
1:19:56:10	7	8	22	17.4743	1.6031	0
1:19:56:10	7	8	22	17.4743	1.6031	0
1:19:56:10	7	8	22	17.4743	1.6031	0
1:19:56:10	7	8	22	17.4743	1.6031	0
1:19:56:10	7	8	22	17.4743	1.6031	0
1:19:56:10	7	8	22	17.4743	1.6031	0
1:19:56:10	7	8	22	17.4743	1.6031	0
1:19:56:10	7	8	22	17.4743	1.6031	0
1:19:56:10	7	8	22	17.4743	1.6031	0
1:19:56:10	7	8	22	17.4743	1.6031	0
1:19:56:10	7	8	22	17.4743	1.6031	0
1:19:56:10	7	8	22	17.4743	1.6031	0
1:19:56:10	7	8	22	17.4743	1.6031	0
1:19:56:10	7	8	22	17.4743	1.6031	0
1:19:56:10	7	8	22	17.4743	1.6031	0
1:19:56:10	7	8	22	17.4743	1.6031	0
1:19:56:10	7	8	22	17.4743	1.6031	0
1:19:56:10	7	8	22	17.4743	1.6031	0
1:19:56:10	7	8	22	17.4743	1.6031	0
1:19:56:10	7	8	22	17.4743	1.6031	0
1:19:56:10	7	8	22	17.4743	1.6031	0
1:19:56:10	7	8	22	17.4743	1.6031	0
1:19:56:10	7	8	22	17.4743	1.6031	0
1:19:56:10	7	8	22	17.4743	1.6031	0
1:19:56:10	7	8	22	17.4743	1.6031	0
1:19:56:10	7	8	22	17.4743	1.6031	0
1:19:56:10	7	8	22	17.4743	1.6031	0
1:19:56:10	7	8	22	17.4743	1.6031	0
1:19:56:10	7	8	22	17.4743	1.6031	0
1:19:56:10	7	8	22	17.4743	1.6031	0
1:19:56:10	7	8	22	17.4743	1.6031	0
1:19:56:10	7	8	22	17.4743	1.6031	0
1:19:56:10	7	8	22	17.4743	1.6031	0
1:19:56:10	7	8	22	17.4743	1.6031	0
1:19:56:10	7	8	22	17.4743	1.6031	0
1:19:56:10	7	8	22	17.4743	1.6031	0
1:19:56:10	7	8	22	17.4743	1.6031	0
1:19:56:10	7	8	22	17.4743	1.6031	0
1:19:56:10	7	8	22	17.4743	1.6031	0
1:19:56:10	7	8	22	17.4743	1.6031	0
1:19:56:10	7	8	22	17.4743	1.6031	0
1:19:56:10	7	8	22	17.4743	1.6031	0
1:19:56:10	7	8	22	17.4743	1.6031	0
1:19:56:10	7	8	22	17.4743	1.6031	0
1:19:56:10	7	8	22	17.4743	1.6031	0
1:19:56:10	7	8	22	17.4743	1.6031	0
1:19:56:10	7	8	22	17.4743	1.6031	0
1:19:56:10	7	8	22	17.4743	1.6031	0
1:19:56:10	7	8	22	17.4743	1.6031	0
1:19:56:10	7	8	22	17.4743	1.6031	0
1:19:56:10	7	8	22	17.4743	1.6031	0
1:19:56:10	7	8	22	17.4743	1.6031	0
1:19:56:10	7	8	22	17.4743	1.6031	0
1:19:56:10	7	8	22	17.4743	1.6031	0
1:19:56:10	7	8	22	17.4743	1.6031	0
1:19:56:10	7	8	22	17.4743	1.6031	0
1:19:56:10	7	8	22	17.4743	1.6031	0
1:19:56:10	7	8	22	17.4743	1.6031	0
1:19:56:10	7	8	22	17.4743	1.6031	0
1:19:56:10	7	8	22	17.4743	1.6031	0
1:19:56:10	7	8	22	17.4743	1.6031	0
1:19:56:10	7	8	22	17.4743	1.6031	0
1:19:56:10	7	8	22	17.4743	1.6031	0
1:19:56:10	7	8	22	17.4743	1.6031	0
1:19:56:10	7	8	22	17.4743	1.6031	0
1:19:56:10	7	8	22	17.4743	1.6031	0
1:19:56:10	7	8	22	17.4743	1.6031	0
1:19:56:10	7	8	22	17.4743	1.6031	0
1:19:56:10	7	8	22	17.4743	1.6031	0
1:19:56:10	7	8	22	17.4743	1.6031	0
1:19:56:10	7	8	22	17.4743	1.6031	0
1:19:56:10	7	8	22	17.4743	1.6031	0
1:19:56:10	7	8	22	17.4743	1.6031	0
1:19:56:10	7	8	22	17.4743	1.6031	0
1:19:56:10	7	8	22	17.4743	1.6031	0
1:19:56:10	7	8	22	17.4743	1.6031	0
1:19:56:10	7	8	22	17.4743	1.6031	0
1:19:56:10	7	8	22	17.4743	1.6031	0
1:19:56:10	7	8	22	17.4743	1.6031	0
1:19:56:10	7	8	22	17.4743	1.6031	0
1:19:56:10	7	8	22	17.4743	1.6031	0
1:19:56:10	7	8	22	17.4743	1.6031	0
1:19:56:10	7	8	22	17.4743	1.6031	0
1:19:56:10	7	8	22	17.4743	1.6031	0
1:19:56:10	7	8	22	17.4743	1.6031	0
1:19:56:10	7	8	22	17.4743	1.6031	0
1:19:56:10	7	8	22	17.4743	1.6031	0
1:19:56:10	7	8	22	17.4743	1.6031	0
1:19:56:10	7	8	22	17.4743	1.6031	0
1:19:56:10	7	8	22	17.4743	1.6031	0
1:19:56:10	7	8	22	17.4743	1.6031	0
1:19:56:10	7	8	22	17.4743	1.6031	0
1:19:56:10	7	8	22	17.4743	1.6031	0
1:19:56:10	7	8	22	17.4743	1.6031	0
1:19:56:10	7	8	22	17.4743	1.6031	0
1:19:56:10	7	8	22	17.4743	1.6031	0
1:19:56:10	7	8	22	17.4743	1.6031	0
1:19:56:10	7	8	22	17.4743	1.6031	0
1:19:56:10	7	8	22	17.4743	1.6031	0
1:19:56:10	7	8	22	17.4743	1.6031	0
1:19:56:10	7	8	22	17.4743	1.6031	0
1:19:56:10	7	8	22	17.4743	1.6031	0
1:19:56:10	7	8	22	17.4743	1.6031	0
1:19:56:10	7	8	22	17.4743	1.6031	0
1:19:56:10	7	8	22	17.4743	1.6031	0
1:19:56:10	7	8	22	17.4743	1.6031	0
1:19:56:10	7	8	22	17.4743	1.6031	0
1:19:56:10	7	8	22	17.4743	1.6031	0
1:19:56:10	7	8	22	17.4743	1.6031	0
1:19:56:10	7	8	22	17.4743	1.6031	0
1:19:56:10	7	8	22	17.4743	1.6031	0
1:19:56:10	7	8	22	17.4743	1.6031	0
1:19:56:10	7	8	22	17.4743	1.6031	0
1:19:56:10	7	8	22	17.4743	1.6031	0
1:19:56:10	7	8	22	17.4743	1.6031	0
1:19:56:10	7	8	22	17.4743	1.6031	0
1:19:56:10	7	8	22	17.4743	1.6031	0
1:19:56:10	7	8	22	17.4743	1.6031	0
1:19:56:10	7	8	22	17.4743	1.6031	0
1:19:56:10	7	8	22	17.4743	1.6031	0
1:19:56:10	7	8	22	17.4743	1.6031	0
1:19:56:10	7	8	22	17.4743	1.6031	0
1:19:56:10	7	8	22	17.4743	1.6031	0
1:19:56:10	7	8	22	17.4743	1.6031	0
1:19:56:10	7	8	22	17.4743	1.6031	0
1:19:56:10	7	8	22	17.4743	1.6031	0
1:19:56:10	7	8	22	17.4743	1.6031	0
1:19:56:10	7	8	22	17.4743	1.6031	0
1:19:56:10	7	8	22	17.4743	1.6031	0
1:19:56:10	7	8	22	17.4743	1.6031	0
1:19:56:10	7	8	22	17.4743	1.6031	0
1:19:56:10	7	8	22	17.4743	1.6031	0
1:19:56:10	7	8	22	17.4743	1.6031	0
1:19:56:10	7	8	22	17.4743	1.6031	0
1:19:56:10	7	8	22	17.4743	1.6031	0
1:19:56:10	7	8	22	17.4743	1.6031	0
1:19:56:10	7	8	22	17.4743	1.6031	0
1:19:56:10	7	8	22	17.4743	1.6031	0
1:19:56:10	7	8	22	17.4743	1.6031	0
1:19:56:10	7	8	22	17.4743	1.6031	0
1:19:56:10	7	8	22	17.4743	1.6031	0
1:19:56:10	7	8	22	17.4743	1.6031	0
1:19:56:10	7	8	22	17.4743	1.6031	0
1:19:56:10	7	8	22	17.4743	1.6031	0
1:19:56:10	7	8	22	17.4743	1.6031	0
1:19:56:10	7	8	22	17.4743	1.6031	0
1:19:56:10	7	8	22	17.4743	1.6031	0
1:19:56:10	7	8	22	17.4743	1.6031	0
1:19:56:10	7	8	22	17.4743	1.6031	0
1:19:56:10	7	8	22	17.4743	1.6031	0
1:19:56:10	7	8	22	17.4743	1.6031	0
1:19:56:10	7	8	22	17.4743	1.6031	0
1:19:56:10	7	8	22	17.4743	1.6031	0
1:19:56:10	7	8	22	17.4743	1.6031	0
1:19:56:10	7	8	22	17.4743	1.6031	0
1:19:56:10	7	8	22	17.4743	1.6031	0
1:19:56:10	7	8	22	17.4743	1.6031	0
1:19:56:10	7	8	22	17.4743	1.6031	0
1:19:56:10	7	8	22	17.4743	1.6031	0
1:19:56:10	7	8	22	17.4743	1.6031	0
1:19:56:10	7	8	22	17.4743	1.6031	0
1:19:56:10	7	8	22	17.4743	1.6031	0
1:19:56:10	7	8	22	17.4743	1.6031	0
1:19:56:10	7	8	22	17.4743	1.6031	0
1:19:56:10	7	8	22	17.4743	1.6031	0
1:19:56:10	7	8	22	17.4743	1.6031	0
1:19:56:10	7	8	22	17.4743	1.6031	0
1:19:56:10	7	8	22	17.4743	1.6031	0
1:19:56:10	7	8	22	17.4743	1.6031	0
1:19:56:10	7	8	22	17.4743	1.6031	0
1:19:56:10	7	8	22	17.4743	1.6031	0
1:19:56:10	7	8	22	17.4743	1.6031	0
1:19:56:10	7	8	22	17.4743	1.6031	0
1:19:56:10	7	8	22	17.4743	1.6031	0
1:19:56:10	7	8	22	17.4743	1.6031	0
1:19:56:10	7	8	22	17.4743	1.6031	0
1:19:56:10	7	8	22	17.4743	1.6031	0
1:19:56:10	7	8	22	17.4743	1.6031	0
1:19:56:10	7	8	22	17.4743	1.6031	0
1:19:56:10	7	8	22	17.4743	1.6031	0
1:19:56:10	7	8	22	17.4743	1.6031	0
1:19:56:10	7	8	22	17.4743	1.6031	0
1:19:56:10	7	8	22	17.4743	1.6031	0
1:19:56:10	7	8	22	17.4743	1.6031	0
1:19:56:10	7	8	22	17.4743	1.6031	0
1:19:56:10	7	8	22	17.4743	1.6031	0
1:19:56:10	7	8	22	17.4743	1.6031	0
1:19:56:10	7	8	22	17.4743	1.6031	0
1:19:56:10	7	8	22	17.4743	1.6031	0
1:19:56:10	7	8	22	17.4743	1.6031	0
1:19:56:10	7	8	22	17.4743	1.6031	0
1:19:56:10	7	8	22	17.4743	1.6031	0
1:19:56:10	7	8	22	17.4743	1.6031	0
1:19:56:10	7	8	22	17.4743	1.6031	0
1:19:56:10	7	8	22	17.4743	1.6031	0
1:19:56:10	7	8	22	17.4743	1.6031	0
1:19:56:10	7	8	22	17.4743	1.6031	0
1:19:56:10	7	8	22	17.4743	1.6031	0
1:19:56:10	7	8	22	17.4743	1.6031	0
1:19:56:10	7	8	22	17.4743	1.6031	0
1:19:56:10	7	8	22	17.4743	1.6031	0
1:19:56:10	7	8	22	17.4743	1.6031	0
1:19:56:10	7	8	22	17.4743	1.6031	0
1:19:56:10	7	8	22	17.4743	1.6031	0
1:19:56:10	7	8	22	17.4743	1.6031	0
1:19:56:10	7	8	22	17.4743	1.6031	0
1:19:56:10	7	8	22	17.4743	1.6031	0
1:19:56:10	7	8	22	17.4743	1.6031	0
1:19:56:10	7	8	22	17.4743	1.6031	0
1:19:56:10	7	8	22	17.4743	1.6031	0
1:19:56:10	7	8	22	17.4743	1.6031	0
1:19:56:10	7	8	22	17.4743	1.6031	0
1:19:56:10	7	8	22	17.4743	1.6031	0
1:19:56:10	7	8	22	17.4743	1.6031	0
1:19:56:10	7	8	22	17.4743	1.6031	0
1:19:56:10	7	8	22	17.4743	1.6031	0
1:19:56:10	7	8	22	17.4743	1.6031	0
1:19:56:10	7	8	22	17.4743	1.6031	0
1:19:56:10	7	8	22	17.4743	1.6031	0
1:19:56:10	7	8	22	17.4743	1.6031	0
1:19:56:10	7	8	22	17.4743	1.6031	0
1:19:56:10	7	8	22	17.4743	1.6031	0
1:19:56:10	7	8	22	17.4743	1.6031	0
1:19:56:10	7	8	22	17.4743	1.6031	0
1:19:56:10	7	8	22	17.4743	1.6031	0
1:19:56:10	7	8	22	17.4743	1.6031	0
1:19:56:10	7	8	22	17.4743	1.6031	0
1:19:56:10	7	8	22	17.4743	1.6031	0
1:19:56:10	7	8	22	17.4743	1.6031	0
1:19:56:10	7	8	22	17.4743	1.6031	0
1:19:56:10	7	8	22	17.4743	1.6031	0
1:19:56:10	7	8	22	17.4743	1.6031	0
1:19:56:10	7	8	22	17.4743	1.6031	0
1:19:56:10	7	8	22	17.4743	1.6031	0
1:19:56:10	7	8	22	17.4743	1.6031	0
1:19:56:10	7	8	22	17.4743	1.6031	0
1:19:56:10	7	8	22	17.4743	1.6031	0
1:19:56:10	7	8	22	17.4743	1.6031	0
1:19:56:10	7	8	22	17.4743	1.6031	0
1:19:56:10	7	8	22	17.4743	1.6031	0
1:19:56:10	7	8	22	17.4743	1.6031	0
1:19:56:10	7	8	22	17.4743	1.6031	0
1:19:56:10	7	8	22	17.4743	1.6031	0
1:19:56:10	7	8	22	17.4743	1.6031	0
1:19:56:10	7	8	22	17.4743	1.6031	0
1:19:56:10	7	8	22	17.4743	1.6031	0
1:19:56:10	7	8	22	17.4743	1.6031	0
1:19:56:10	7	8	22	17.4743	1.6031	0
1:19:56:10	7	8	22	17.4743	1.6031	0
1:19:56:10	7	8	22	17.4743	1.6031	0
1:19:56:10	7	8	22	17.4743	1.6031	0
1:19:56:10	7	8	22	17.4743	1.6031	0
1:19:56:10	7	8	22	17.4743	1.6031	0
1:19:56:10	7	8	22	17.4743	1.6031	0
1:19:56:10	7	8	22	17.4743	1.6031	0
1:19:56:10	7	8	22	17.4743	1.6031	0
1:19:56:10	7	8	22	17.4743	1.6031	0
1:19:56:10	7	8	22	17.4743	1.6031	0
1:19:56:10	7	8	22	17.4743	1.6031	0
1:19:56:10	7	8	22	17.4743	1.6031	0
1:19:56:10	7	8	22	17.4743	1.6031	0
1:19:56:10	7	8	22	17.4743	1.6031	0
1:19:56:10	7	8	22	17.4743	1.6031	0
1:19:56:10	7	8	22	17.4743	1.6031	0
1:19:56:10	7	8	22	17.4743	1.6031	0
1:19:56:10	7	8	22	17.4743	1.6031	0
1:19:56:10	7	8	22	17.4743	1.6031	0
1:19:56:10	7	8	22	17.4743	1.6031	0
1:19:56:10	7	8	22	17.4743	1.6031	0
1:19:56:10	7	8	22	17.4743	1.6031	0
1:19:56:10	7	8	22	17.4743	1.6031	0
1:19:56:10	7	8	22	17.4743	1.6031	0
1:19:56:10	7	8	22	17.4743	1.6031	0
1:19:56:10	7	8	22	17.4743	1.6031	0
1:19:56:10	7	8	22	17.4743	1.6031	0
1:19:56:10	7	8	22	17.4743	1.6031	0
1:19:56:10	7	8	22	17.4743	1.6031	0
1:19:56:10	7	8	22	17.4743	1.6031	0
1:19:56:10	7	8	22	17.4743	1.6031	0
1:19:56:10	7	8	22	17.4743	1.6031	0
1:19:56:10	7	8	22	17.4743	1.6031	0
1:19:56:10	7	8	22	17.4743	1.6031	0
1:19:56:10	7	8	22	17.4743	1.6031	0
1:19:56:10	7	8	22	17.4743	1.6031	0
1:19:56:10	7	8	22	17.4743	1.6031	0
1:19:56:10	7	8	22	17.4743	1.6031	0
1:19:56:10	7	8	22	17.4743	1.6031	0
1:19:56:10	7	8	22	17.4743	1.6031	0
1:19:56:10	7	8	22	17.4743	1.6031	0
1:19:56:10	7	8	22	17.4743	1.6031	0
1:19:56:10	7	8	22	17.4743	1.6031	0
1:19:56:10	7	8	22	17.4743	1.6031	0
1:19:56:10	7	8	22	17.4743	1.6031	0
1:19:56:10	7	8	22	17.4743	1.6031	0
1:19:56:10	7	8	22	17.4743	1.6031	0
1:19:56:10	7	8	22	17.4743	1.6031	0
1:19:56:10	7	8	22	17.4743	1.6031	0
1:19:56:10	7	8	22	17.4743	1.6031	0
1:19:56:10	7	8	22	17.4743	1.6031	0
1:19:56:10	7	8	22	17.4743	1.6031	0
1:19:56:10	7	8	22	17.4743	1.6031	0
1:19:56:10	7	8	22	17.4743	1.6031	0
1:19:56:10	7	8	22	17.4743	1.6031	0
1:19:56:10	7	8	22	17.4743	1.6031	0
1:19:56:10	7	8	22	17.4743	1.6031	0
1:19:56:10	7	8	22	17.4743	1.6031	0
1:19:56:10	7	8	22	17.4743	1.6031	0
1:19:56:10	7	8	22	17.4743	1.6031	0
1:19:56:10	7	8	22	17.4743	1.6031	0
1:19:56:10	7	8	22	17.4743	1.6031	0
1:19:56:10	7	8	22	17.4743	1.6031	0
1:19:56:10	7	8	22	17.4743	1.6031	0
1:19:56:10	7	8	22	17.4743	1.6031	0
1:19:56:10	7	8	22	17.4743	1.6031	0
1:19:56:10	7	8	22	17.4743	1.6031	0
1:19:56:10	7	8	22	17.4743	1.6031	0
1:19:56:10	7	8	22	17.4743	1.6031	0
1:19:56:10	7	8	22	17.4743	1.6031	0
1:19:56:10	7	8	22	17.4743	1.6031	0
1:19:56:10	7	8	22	17.4743	1.6031	0
1:19:56:10	7	8	22	17.4743	1.6031	0
1:19:56:10	7	8	22	17.4743	1.6031	0
1:19:56:10	7	8	22	17.4743	1.6031	0
1:19:56:10	7	8	22	17.4743	1.6031	0
1:19:56:10	7	8	22	17.4743	1.6031	0
1:19:56:10	7	8	22	17.4743	1.6031	0
1:19:56:10	7	8	22	17.4743	1.6031	0
1:19:56:10	7	8	22	17.4743	1.6031	0
1:19:56:10	7	8	22	17.4743	1.6031	0
1:19:56:10	7	8	22	17.4743	1.6031	0
1:19:56:10	7	8	22	17.4743	1.6031	0
1:19:56:10	7	8	22	17.4743	1.6031	0
1:19:56:10	7	8	22	17.4743	1.6031	0
1:19:56:10	7	8	22	17.4743	1.6031	0
1:19:56:10	7	8	22	17.4743	1.6031	0
1:19:56:10	7	8	22	17.4743	1.6031	0
1:19:56:10	7	8	22	17.4743	1.6031	0
1:19:56:10	7	8	22	17.4743	1.6031	0
1:19:56:10	7	8	22	17.4743	1.6031	0
1:19:56:10	7	8	22	17.4743	1.6031	0
1:19:56:10	7	8	22	17.4743	1.6031	0
1:19:56:10	7	8	22	17.4743	1.6031	0
1:19:56:10	7	8	22	17.4743	1.6031	0
1:19:56:10	7	8	22	17.4743	1.6031	0
1:19:56:10	7	8	22	17.4743	1.6031	0
1:19:56:10	7	8	22	17.4743	1.6031	0
1:19:56:10	7	8	22	17.4743	1.6031	0
1:19:56:10	7	8	22	17.4743	1.6031	0
1:19:56:10	7	8	22	17.4743	1.6031	0
1:19:56:10	7	8	22	17.4743	1.6031	0
1:19:56:10	7	8	22	17.4743	1.6031	0
1:19:56:10	7	8	22	17.4743	1.6031	0
1:19:56:10	7	8	22	17.4743	1.6031	0
1:19:56:10	7	8	22	17.4743	1.6031	0
1:19:56:10	7	8	22	17.4743	1.6031	0
1:19:56:10	7	8	22	17.4743	1.6031	0
1:19:56:10	7	8	22	17.4743	1.6031	0
1:19:56:10	7	8	22	17.4743	1.6031	0
1:19:56:10	7	8	22	17.4743	1.6031	0
1:19:56:10	7	8	22	17.4743	1.6031	0
1:19:56:10	7	8	22	17.4743	1.6031	0
1:19:56:10	7	8	22	17.4743	1.6031	0
1:19:56:10	7	8	22	17.4743	1.6031	0
1:19:56:10	7	8	22	17.4743	1.6031	0
1:19:56:10	7	8	22	17.4743	1.6031	0
1:19:56:10	7	8	22	17.4743	1.6031	0
1:19:56:10	7	8	22	17.4743	1.6031	0
1:19:56:10	7	8	22	17.4743	1.6031	0
1:19:56:10	7	8	22	17.4743	1.6031	0
1:19:56:10	7	8	22	17.4743	1.6031	0
1:19:56:10	7	8	22	17.4743	1.6031	0
1:19:56:10	7	8	22	17.4743	1.6031	0
1:19:56:10	7	8	22	17.4743	1.6031	0
1:19:56:10	7	8	22	17.4743	1.6031	0
1:19:56:10	7	8	22	17.4743	1.6031	0
1:19:56:10	7	8	22	17.4743	1.6031	0
1:19:56:10	7	8	22	17.4743	1.6031	0
1:19:56:10	7	8	22	17.4743	1.6031	0
1:19:56:10	7	8	22	17.4743	1.6031	0
1:19:56:10	7	8	22	17.4743	1.6031	0
1:19:56:10	7	8	22	17.4743	1.6031	0
1:19:56:10	7	8	22	17.4743	1.6031	0
1:19:56:10	7	8	22	17.4743	1.6031	0
1:19:56:10	7	8	22	17.4743	1.6031	0
1:19:56:10	7	8	22	17.4743	1.6031	0
1:19:56:10	7	8	22	17.4743	1.6031	0
1:19:56:10	7	8	22	17.4743	1.6031	0
1:19:56:10	7	8	22	17.4743	1.6031	0
1:19:56:10	7	8	22	17.4743	1.6031	0
1:19:56:10	7	8	22	17.4743	1.6031	0
1:19:56:10	7	8	22	17.4743	1.6031	0
1:19:56:10	7	8	22	17.4743	1.6031	0
1:19:56:10	7	8	22	17.4743	1.6031	0
1:19:56:10	7	8	22	17.4743	1.6031	0
1:19:56:10	7	8	22	17.4743	1.6031	0
1:19:56:10	7	8	22	17.4743	1.6031	0
1:19:56:10	7	8	22	17.4743	1.6031	0
1:19:56:10	7	8	22	17.4743	1.6031	0
1:19:56:10	7	8	22	17.4743	1.6031	0
1:19:56:10	7	8	22	17.4743	1.6031	0
1:19:56:10	7	8	22	17.4743	1.6031	0
1:19:56:10	7	8	22	17.4743	1.6031	0
1:19:56:10	7	8	22	17.4743	1.6031	0
1:19:56:10	7	8	22	17.4743	1.6031	0
1:19:56:10	7	8	22	17.4743	1.6031	0
1:19:56:10	7	8	22	17.4743	1.6031	0
1:19:56:10	7	8	22	17.4743	1.6031	0
1:19:56:10	7	8	22	17.4743	1.6031	0
1:19:56:10	7	8	22	17.4743	1.6031	0
1:19:56:10	7	8	22	17.4743	1.6031	0
1:19:56:10	7	8	22	17.4743	1.6031	0
1:19:56:10	7	8	22	17.4743	1.6031	0
1:19:56:10	7	8	22	17.4743	1.6031	0
1:19:56:10	7	8	22	17.4743	1.6031	0
1:19:56:10	7	8	22	17.4743	1.6031	0
1:19:56:10	7	8	22	17.4743	1.6031	0
1:19:56:10	7	8	22	17.4743	1.6031	0
1:19:56:10	7	8	22	17.4743	1.6031	0
1:19:56:10	7	8	22	17.4743	1.6031	0
1:19:56:10	7	8	22	17.4743	1.6031	0
1:19:56:10	7	8	22	17.4743	1.6031	0
1:19:56:10	7	8	22	17.4743	1.6031	0
1:19:56:10	7	8	22	17.4743	1.6031	0
1:19:56:10	7	8	22	17.4743	1.6031	0
1:19:56:10	7	8	22	17.4743	1.6031	0
1:19:56:10	7	8	22	17.4743	1.6031	0
1:19:56:10	7	8	22	17.4743	1.6031	0
1:19:56:10	7	8	22	17.4743	1.6031	0
1:19:56:10	7	8	22	17.4743	1.6031	0
1:19:56:10	7	8	22	17.4743	1.6031	0
1:19:56:10	7	8	22	17.4743	1.6031	0
1:19:56:10	7	8	22	17.4743	1.6031	0
1:19:56:10	7	8	22	17.4743	1.6031	0
1:19:56:10	7	8	22	17.4743	1.6031	0
1:19:56:10	7	8	22	17.4743	1.6031	0
1:19:56:10	7	8	22	17.4743	1.6031	0
1:19:56:10	7	8	22	17.4743	1.6031	0
1:19:56:10	7	8	22	17.4743	1.6031	0
1:19:56:10	7	8	22	17.4743	1.6031	0
1:19:56:10	7	8	22	17.4743	1.6031	0
1:19:56:10	7	8	22	17.4743	1.6031	0
1:19:56:10	7	8	22	17.4743	1.6031	0
1:19:56:10	7	8	22	17.4743	1.6031	0
1:19:56:10	7	8	22	17.4743	1.6031	0
1:19:56:10	7	8	22	17.4743	1.6031	0
1:19:56:10	7	8	22	17.4743	1.6031	0
1:19:56:10	7	8	22	17.4743	1.6031	0
1:19:56:10	7	8	22	17.4743	1.6031	0
1:19:56:10	7	8	22	17.4743	1.6031	0
1:19:56:10	7	8	22	17.4743	1.6031	0
1:19:56:10	7	8	22	17.4743	1.6031	0
1:19:56:10	7	8	22	17.4743	1.6031	0
1:19:56:10	7	8	22	17.4743	1.6031	0
1:19:56:10	7	8	22	17.4743	1.6031	0
1:19:56:10	7	8	22	17.4743	1.6031	0
1:19:56:10	7	8	22	17.4743	1.6031	0
1:19:56:10	7	8	22	17.4743	1.6031	0
1:19:56:10	7	8	22	17.4743	1.6031	0
1:19:56:10	7	8	22	17.4743	1.6031	0
1:19:56:10	7	8	22	17.4743	1.6031	0
1:19:56:10	7	8	22	17.4743	1.6031	0
1:19:56:10	7	8	22	17.4743	1.6031	0
1:19:56:10	7	8	22	17.4743	1.6031	0
1:19:56:10	7	8	22	17.4743	1.6031	0
1:19:56:10	7	8	22	17.4743	1.6031	0
1:19:56:10	7	8	22	17.4743	1.6031	0
1:19:56:10	7	8	22	17.4743	1.6031	0
1:19:56:10	7	8	22	17.4743	1.6031	0
1:19:56:10	7	8	22	17.4743	1.6031	0
1:19:56:10	7	8	22	17.4743	1.6031	0
1:19:56:10	7	8	22	17.4743	1.6031	0
1:19:56:10	7	8	22	17.4743	1.6031	0
