1:15:36:5	7	1	20	20.6066	99.6165	99.6165
1:15:37:20	7	1	20	20.7704	1.2339	99.6165
1:15:38:35	7	1	20	21.1417	17.5908	99.6165
1:15:39:45	7	1	20	21.3034	18.3323	99.6165
1:15:41:0	7	1	20	21.3034	35.9442	99.6165
1:15:42:10	7	1	20	21.3034	57.2065	99.6165
1:15:43:25	7	1	20	21.3034	84.2385	99.6165
1:15:44:35	7	1	20	21.0192	97.0011	99.6165
1:15:45:50	7	1	20	21.0192	67.8931	99.6165
1:15:47:0	7	1	20	21.1006	63.0836	99.6165
1:15:48:15	7	1	20	21.1006	63.0836	99.6165
1:15:49:25	7	1	20	21.1006	66.3167	99.6165
1:15:50:40	7	1	20	21.2245	66.3167	99.6165
1:15:51:50	7	1	20	21.2245	66.3167	99.6165
1:15:53:5	7	1	20	21.2245	66.9951	99.6165
1:15:54:15	7	1	20	21.3102	62.2781	99.6165
1:15:55:30	7	1	20	21.3102	67.0235	99.6165
1:15:56:40	7	1	20	21.3102	67.0235	99.6165
1:15:57:55	7	1	20	21.3102	67.0235	99.6165
1:15:59:10	7	1	20	21.3102	67.0235	99.6165
1:16:0:20	7	1	20	21.3102	67.0235	99.6165
1:16:1:35	7	1	20	21.3102	67.0235	99.6165
1:16:2:45	7	1	20	21.3102	67.0235	99.6165
1:16:4:0	7	1	20	21.3102	67.0235	99.6165
1:16:5:10	7	1	20	21.3102	68.3806	99.6165
1:16:6:25	7	1	20	21.3102	68.3806	99.6165
1:16:7:35	7	1	20	21.3102	68.3806	99.6165
1:16:8:50	7	1	20	21.3102	68.3806	99.6165
1:16:10:0	7	1	20	21.3102	68.3806	99.6165
1:16:11:15	7	1	20	21.3102	67.6731	99.6165
1:16:12:25	7	1	20	21.296	67.6731	99.6165
1:16:13:40	7	1	20	21.3144	67.1462	99.6165
1:16:14:55	7	1	20	21.3144	67.437	99.6165
1:16:16:5	7	1	20	21.3144	67.437	99.6165
1:16:17:20	7	1	20	21.3144	66.6837	99.6165
1:16:18:30	7	1	20	21.3144	66.6837	99.6165
1:16:19:45	7	1	20	21.3144	66.6837	99.6165
1:16:20:55	7	1	20	21.3144	66.6837	99.6165
1:16:22:10	7	1	20	21.3144	66.6837	99.6165
1:16:23:20	7	1	20	21.3144	66.6837	99.6165
1:16:24:35	7	1	20	21.3144	66.6837	99.6165
1:16:25:45	7	1	20	21.3144	66.6837	99.6165
1:16:27:0	7	1	20	21.3144	66.6837	99.6165
1:16:28:10	7	1	20	21.3144	66.6837	99.6165
1:16:29:25	7	1	20	21.3144	72.0591	99.6165
1:16:30:40	7	1	20	21.2865	73.3628	99.6165
1:16:31:50	7	1	20	21.2865	72.4846	99.6165
1:16:33:5	7	1	20	21.2865	72.4846	99.6165
1:16:34:15	7	1	20	21.2865	72.4846	99.6165
1:16:35:30	7	1	20	21.1812	72.4846	99.6165
1:16:36:40	7	1	20	21.1812	65.6905	99.6165
1:16:37:55	7	1	20	21.1812	65.6905	99.6165
1:16:39:5	7	1	20	21.2132	65.6905	99.6165
1:16:40:20	7	1	20	21.2132	66.8221	99.6165
1:16:41:30	7	1	20	21.2132	66.8221	99.6165
1:16:42:45	7	1	20	21.2132	66.8221	99.6165
1:16:43:55	7	1	20	21.2132	72.9245	99.6165
1:16:45:10	7	1	20	21.197	72.9245	99.6165
1:16:46:25	7	1	20	21.197	72.9245	99.6165
1:16:47:35	7	1	20	21.197	72.9245	99.6165
1:16:48:50	7	1	20	21.197	72.4556	99.6165
1:16:50:0	7	1	20	21.0804	72.4556	99.6165
1:16:51:15	7	1	20	21.0804	64.9651	99.6165
1:16:52:25	7	1	20	21.1127	64.9651	99.6165
1:16:53:40	7	1	20	21.1127	66.1884	99.6165
1:16:54:50	7	1	20	21.1127	72.9769	99.6165
1:16:56:5	7	1	20	21.0977	74.7689	99.6165
1:16:57:20	7	1	20	21.0977	74.5993	99.6165
1:16:58:30	7	1	20	21.0977	74.5993	99.6165
1:16:59:45	7	1	20	21.0977	74.5993	99.6165
1:17:0:55	7	1	20	20.9864	74.5993	99.6165
1:17:2:10	7	1	20	21.0065	65.1884	99.6165
1:17:3:20	7	1	20	21.0065	65.9044	99.6165
1:17:4:35	7	1	20	21.0065	65.9044	99.6165
1:17:5:45	7	1	20	21.0065	65.9044	99.6165
1:17:7:0	7	1	20	21.0065	65.9044	99.6165
1:17:8:10	7	1	20	21.0065	71.7087	99.6165
1:17:9:25	7	1	20	21.0065	71.7087	99.6165
1:17:10:35	7	1	20	21.0065	73.5492	99.6165
1:17:11:50	7	1	20	21.0065	73.5492	99.6165
1:17:13:5	7	1	20	20.989	73.5492	99.6165
1:17:14:15	7	1	20	20.989	73.2355	99.6165
1:17:15:30	7	1	20	20.989	73.2355	99.6165
1:17:16:40	7	1	20	20.989	71.9882	99.6165
1:17:17:55	7	1	20	20.989	71.9882	99.6165
1:17:19:5	7	1	20	20.8839	71.9882	99.6165
1:17:20:20	7	1	20	20.8839	72.2163	99.6165
1:17:21:30	7	1	20	20.8839	72.2163	99.6165
1:17:22:45	7	1	20	20.8839	72.8133	99.6165
1:17:23:55	7	1	20	20.8839	72.8133	99.6165
1:17:25:10	7	1	20	20.8839	72.8133	99.6165
1:17:26:20	7	1	20	20.8839	72.3714	99.6165
1:17:27:35	7	1	20	20.7955	72.3714	99.6165
1:17:28:45	7	1	20	20.7955	72.3714	99.6165
1:17:30:0	7	1	20	20.7955	72.3714	99.6165
1:17:31:15	7	1	20	20.7955	72.3714	99.6165
1:17:32:25	7	1	20	20.7955	72.3714	99.6165
1:17:33:40	7	1	20	20.7955	72.3714	99.6165
1:17:34:50	7	1	20	20.7955	71.8396	99.6165
1:17:36:5	7	1	20	20.7955	78.0165	99.6165
1:17:37:15	7	1	20	20.6797	79.2756	99.6165
1:17:38:30	7	1	20	20.6797	72.1944	99.6165
1:17:39:40	7	1	20	20.6797	72.1944	99.6165
1:17:40:55	7	1	20	20.6797	72.1944	99.6165
1:17:42:5	7	1	20	20.6797	72.1944	99.6165
1:17:43:20	7	1	20	20.6797	72.1944	99.6165
1:17:44:30	7	1	20	20.6797	72.1944	99.6165
1:17:45:45	7	1	20	20.6797	70.5894	99.6165
1:17:47:0	7	1	20	20.6797	76.3821	99.6165
1:17:48:10	7	1	20	20.6797	77.9917	99.6165
1:17:49:25	7	1	20	20.6797	77.9917	99.6165
1:17:50:35	7	1	20	20.5814	77.9917	99.6165
1:17:51:50	7	1	20	20.5814	72.0587	99.6165
1:17:53:0	7	1	20	20.5814	72.0587	99.6165
1:17:54:15	7	1	20	20.5814	72.0587	99.6165
1:17:55:30	7	1	20	20.5814	72.0587	99.6165
1:17:56:40	7	1	20	20.5814	72.0587	99.6165
1:17:57:55	7	1	20	20.5814	77.6294	99.6165
1:17:59:5	7	1	20	20.5814	76.9381	99.6165
1:18:0:20	7	1	20	20.5814	76.6909	99.6165
1:18:1:30	7	1	20	20.5814	77.1793	99.6165
1:18:2:45	7	1	20	20.5814	77.4212	99.6165
1:18:3:55	7	1	20	20.4866	77.4212	99.6165
1:18:5:10	7	1	20	20.4866	71.7887	99.6165
1:18:6:20	7	1	20	20.5026	71.7887	99.6165
1:18:7:35	7	1	20	20.5026	72.0461	99.6165
1:18:8:50	7	1	20	20.5026	72.0461	99.6165
1:18:10:0	7	1	20	20.5026	72.0461	99.6165
1:18:11:15	7	1	20	20.5026	76.417	99.6165
1:18:12:25	7	1	20	20.5026	78.4737	99.6165
1:18:13:40	7	1	20	20.4979	78.4737	99.6165
1:18:14:50	7	1	20	20.4979	78.4737	99.6165
1:18:16:5	7	1	20	20.4979	78.4737	99.6165
1:18:17:15	7	1	20	20.4979	78.3938	99.6165
1:18:18:30	7	1	20	20.4979	78.3938	99.6165
1:18:19:45	7	1	20	20.4979	78.3938	99.6165
1:18:20:55	7	1	20	20.4979	78.3938	99.6165
1:18:22:10	7	1	20	20.3795	78.3938	99.6165
1:18:23:20	7	1	20	20.3795	71.0307	99.6165
1:18:24:35	7	1	20	20.4021	71.0307	99.6165
1:18:25:45	7	1	20	20.4021	71.6633	99.6165
1:18:27:0	7	1	20	20.4021	71.6633	99.6165
1:18:28:10	7	1	20	20.4021	71.6633	99.6165
1:18:29:25	7	1	20	20.4021	78.5964	99.6165
1:18:30:35	7	1	20	20.3965	78.5964	99.6165
1:18:31:50	7	1	20	20.3965	78.5964	99.6165
1:18:33:0	7	1	20	20.3965	78.8571	99.6165
1:18:34:15	7	1	20	20.3965	78.8571	99.6165
1:18:35:25	7	1	20	20.3965	78.0901	99.6165
1:18:36:40	7	1	20	20.3965	78.0901	99.6165
1:18:37:50	7	1	20	20.291	78.0901	99.6165
1:18:39:5	7	1	20	20.304	71.5803	99.6165
1:18:40:20	7	1	20	20.304	71.5803	99.6165
1:18:41:30	7	1	20	20.304	71.5803	99.6165
1:18:42:45	7	1	20	20.304	71.817	99.6165
1:18:43:55	7	1	20	20.304	71.817	99.6165
1:18:45:10	7	1	20	20.304	71.817	99.6165
1:18:46:20	7	1	20	20.304	71.817	99.6165
1:18:47:35	7	1	20	20.304	71.817	99.6165
1:18:48:45	7	1	20	20.304	77.4209	99.6165
1:18:50:0	7	1	20	20.304	78.6213	99.6165
1:18:51:10	7	1	20	20.304	78.6213	99.6165
1:18:52:25	7	1	20	20.304	78.6213	99.6165
1:18:53:40	7	1	20	20.304	78.6213	99.6165
1:18:54:50	7	1	20	20.304	78.6213	99.6165
1:18:56:5	7	1	20	20.2977	78.6213	99.6165
1:18:57:15	7	1	20	20.2977	78.8934	99.6165
1:18:58:30	7	1	20	20.2977	78.8934	99.6165
1:18:59:40	7	1	20	20.2977	78.8934	99.6165
1:19:0:55	7	1	20	20.2977	78.8934	99.6165
1:19:2:5	7	1	20	20.2977	78.8934	99.6165
1:19:3:20	7	1	20	20.2977	78.2681	99.6165
1:19:4:30	7	1	20	20.2977	78.2681	99.6165
1:19:5:45	7	1	20	20.2977	78.2681	99.6165
1:19:6:55	7	1	20	20.2977	78.2681	99.6165
1:19:8:10	7	1	20	20.2977	78.2681	99.6165
1:19:9:25	7	1	20	20.2977	78.2681	99.6165
1:19:10:35	7	1	20	20.1991	78.2681	99.6165
1:19:11:50	7	1	20	20.2178	72.4998	99.6165
1:19:13:0	7	1	20	20.2178	72.8073	99.6165
1:19:14:15	7	1	20	20.2178	72.8073	99.6165
1:19:15:25	7	1	20	20.2178	72.8073	99.6165
1:19:16:40	7	1	20	20.2178	72.8073	99.6165
1:19:17:50	7	1	20	20.2178	72.8073	99.6165
1:19:19:5	7	1	20	20.2178	72.8073	99.6165
1:19:20:15	7	1	20	20.2178	72.8073	99.6165
1:19:21:30	7	1	20	20.3022	72.8073	99.6165
1:19:22:45	7	1	20	20.2847	78.5393	99.6165
1:19:23:55	7	1	20	20.2847	78.1983	99.6165
1:19:25:10	7	1	20	20.2847	78.1983	99.6165
1:19:26:20	7	1	20	20.2847	78.1983	99.6165
1:19:27:35	7	1	20	20.2847	78.1983	99.6165
1:19:28:45	7	1	20	20.2847	79.2933	99.6165
1:19:30:0	7	1	20	20.1943	81.1704	99.6165
1:19:31:10	7	1	20	20.1943	76.2752	99.6165
1:19:32:25	7	1	20	20.2026	74.7777	99.6165
1:19:33:35	7	1	20	20.2026	74.7777	99.6165
1:19:34:50	7	1	20	20.2026	74.7777	99.6165
1:19:36:0	7	1	20	20.2026	74.7777	99.6165
1:19:37:15	7	1	20	20.2026	76.5322	99.6165
1:19:38:25	7	1	20	20.2026	76.5322	99.6165
1:19:39:40	7	1	20	20.2026	76.5322	99.6165
1:19:40:55	7	1	20	20.2026	76.5322	99.6165
1:19:42:5	7	1	20	20.2026	76.5322	99.6165
1:19:43:20	7	1	20	20.2026	78.4304	99.6165
1:19:44:30	7	1	20	20.2026	78.4304	99.6165
1:19:45:45	7	1	20	20.2026	78.4304	99.6165
1:19:46:55	7	1	20	20.2026	78.4304	99.6165
1:19:48:10	7	1	20	20.2026	78.4304	99.6165
1:19:49:20	7	1	20	20.1982	78.4304	99.6165
1:19:50:35	7	1	20	20.1982	78.4304	99.6165
1:19:51:45	7	1	20	20.1982	78.4304	99.6165
1:19:53:0	7	1	20	20.1982	78.4304	99.6165
1:19:54:10	7	1	20	20.1982	78.4304	99.6165
1:19:55:25	7	1	20	20.1982	77.4631	99.6165
1:19:56:40	7	1	20	20.1982	77.4631	99.6165
1:19:57:50	7	1	20	20.1982	77.4631	99.6165
1:19:59:5	7	1	20	20.1982	77.4631	99.6165
1:20:0:15	7	1	20	20.1982	77.4631	99.6165
1:20:1:30	7	1	20	20.1982	77.4631	99.6165
1:20:2:40	7	1	20	20.1982	77.4631	99.6165
1:20:3:55	7	1	20	20.1982	78.1211	99.6165
1:20:5:5	7	1	20	20.1982	78.1211	99.6165
1:20:6:20	7	1	20	20.1982	78.8673	99.6165
1:20:7:30	7	1	20	20.1982	78.8673	99.6165
1:20:8:45	7	1	20	20.1982	78.8673	99.6165
1:20:9:55	7	1	20	20.1982	78.2996	99.6165
1:20:11:10	7	1	20	20.1982	78.2996	99.6165
1:20:12:20	7	1	20	20.1982	78.2996	99.6165
1:20:13:35	7	1	20	20.2009	78.2996	99.6165
1:20:14:45	7	1	20	20.2009	78.2996	99.6165
1:20:16:0	7	1	20	20.2009	78.2996	99.6165
1:20:17:15	7	1	20	20.2009	78.2996	99.6165
1:20:18:25	7	1	20	20.2009	78.2996	99.6165
1:20:19:40	7	1	20	20.2009	78.2996	99.6165
1:20:20:50	7	1	20	20.2009	78.2996	99.6165
1:20:22:5	7	1	20	20.2009	78.2996	99.6165
1:20:23:15	7	1	20	20.2009	79.3406	99.6165
1:20:24:30	7	1	20	20.2009	79.3406	99.6165
1:20:25:40	7	1	20	20.2009	78.4889	99.6165
1:20:26:55	7	1	20	20.2009	77.7888	99.6165
1:20:28:10	7	1	20	20.2009	77.7888	99.6165
1:20:29:20	7	1	20	20.2009	77.7888	99.6165
1:20:30:35	7	1	20	20.3062	76.0774	99.6165
1:20:31:45	7	1	20	20.3062	80.0972	99.6165
1:20:33:0	7	1	20	20.3062	79.0925	99.6165
1:20:34:10	7	1	20	20.3062	79.0925	99.6165
1:20:35:25	7	1	20	20.2989	79.0925	99.6165
1:20:36:35	7	1	20	20.2989	78.5822	99.6165
1:20:37:50	7	1	20	20.3161	78.5822	99.6165
1:20:39:5	7	1	20	20.3161	78.8589	99.6165
1:20:40:15	7	1	20	20.3161	80.1753	99.6165
1:20:41:30	7	1	20	20.3161	80.1753	99.6165
1:20:42:40	7	1	20	20.3161	78.885	99.6165
1:20:43:55	7	1	20	20.3161	78.885	99.6165
1:20:45:5	7	1	20	20.4123	76.7436	99.6165
1:20:46:20	7	1	20	20.4123	76.7436	99.6165
1:20:47:30	7	1	20	20.4123	77.7468	99.6165
1:20:48:45	7	1	20	20.4123	79.0698	99.6165
1:20:50:0	7	1	20	20.4123	79.0698	99.6165
1:20:51:10	7	1	20	20.4123	79.0698	99.6165
1:20:52:25	7	1	20	20.5025	78.5548	99.6165
1:20:53:35	7	1	20	20.5025	83.543	99.6165
1:20:54:50	7	1	20	20.5025	78.5668	99.6165
1:20:56:0	7	1	20	20.5025	78.5668	99.6165
1:20:57:15	7	1	20	20.5025	78.5668	99.6165
1:20:58:25	7	1	20	20.5025	78.5668	99.6165
1:20:59:40	7	1	20	20.5025	78.5668	99.6165
1:21:0:50	7	1	20	20.6071	78.5668	99.6165
1:21:2:5	7	1	20	20.5999	84.8792	99.6165
1:21:3:15	7	1	20	20.5999	84.0378	99.6165
1:21:4:30	7	1	20	20.6003	84.0378	99.6165
1:21:5:40	7	1	20	20.6003	79.2986	99.6165
1:21:6:55	7	1	20	20.6003	79.2986	99.6165
1:21:8:10	7	1	20	20.6003	77.8784	99.6165
1:21:9:20	7	1	20	20.708	78.463	99.6165
1:21:10:35	7	1	20	20.708	83.4436	99.6165
1:21:11:45	7	1	20	20.708	78.6795	99.6165
1:21:13:0	7	1	20	20.708	78.6795	99.6165
1:21:14:10	7	1	20	20.708	79.2755	99.6165
1:21:15:25	7	1	20	20.809	78.4421	99.6165
1:21:16:35	7	1	20	20.809	83.8376	99.6165
1:21:17:50	7	1	20	20.809	79.2783	99.6165
1:21:19:0	7	1	20	20.809	79.2783	99.6165
1:21:20:15	7	1	20	20.809	79.2783	99.6165
1:21:21:25	7	1	20	20.9193	79.2783	99.6165
1:21:22:40	7	1	20	20.9193	86.0704	99.6165
1:21:23:50	7	1	20	20.9193	79.9596	99.6165
1:21:25:5	7	1	20	20.9193	79.9596	99.6165
1:21:26:15	7	1	20	20.9193	79.9596	99.6165
1:21:27:30	7	1	20	21.0039	78.4988	99.6165
1:21:28:40	7	1	20	21.0039	84.5894	99.6165
1:21:29:55	7	1	20	21.0039	79.5827	99.6165
1:21:31:10	7	1	20	21.0039	79.5827	99.6165
1:21:32:20	7	1	20	21.0039	79.5827	99.6165
1:21:33:35	7	1	20	21.1052	78.1828	99.6165
1:21:34:45	7	1	20	21.1052	85.4228	99.6165
1:21:36:0	7	1	20	21.1052	80.677	99.6165
1:21:37:10	7	1	20	21.1052	80.677	99.6165
1:21:38:25	7	1	20	21.1052	80.677	99.6165
1:21:39:35	7	1	20	21.2158	79.2697	99.6165
1:21:40:50	7	1	20	21.2158	87.1935	99.6165
1:21:42:0	7	1	20	21.2158	81.4689	99.6165
1:21:43:15	7	1	20	21.2158	81.4689	99.6165
1:21:44:25	7	1	20	21.2158	81.4689	99.6165
1:21:45:40	7	1	20	21.2158	81.4689	99.6165
1:21:46:55	7	1	20	21.3171	81.2591	99.6165
1:21:48:5	7	1	20	21.3171	87.1539	99.6165
1:21:49:20	7	1	20	21.3171	81.0825	99.6165
1:21:50:30	7	1	20	21.3171	81.0825	99.6165
1:21:51:45	7	1	20	21.4039	81.0825	99.6165
1:21:53:0	7	1	20	21.4039	86.0673	99.6165
1:21:54:10	7	1	20	21.4039	81.0988	99.6165
1:21:55:25	7	1	20	21.4039	81.0988	99.6165
1:21:56:35	7	1	20	21.4039	81.0988	99.6165
1:21:57:50	7	1	20	21.5089	79.5797	99.6165
1:21:59:0	7	1	20	21.5089	87.4763	99.6165
1:22:0:15	7	1	20	21.5089	87.4763	99.6165
1:22:1:25	7	1	20	21.5089	80.8993	99.6165
1:22:2:40	7	1	20	21.5089	80.8993	99.6165
1:22:3:50	7	1	20	21.6091	80.8993	99.6165
1:22:5:5	7	1	20	21.6091	86.6023	99.6165
1:22:6:15	7	1	20	21.6091	81.4584	99.6165
1:22:7:30	7	1	20	21.6091	81.4584	99.6165
1:22:8:40	7	1	20	21.6091	81.4584	99.6165
1:22:9:55	7	1	20	21.6091	80.3854	99.6165
1:22:11:5	7	1	20	21.7183	80.5963	99.6165
1:22:12:20	7	1	20	21.7183	87.7477	99.6165
1:22:13:30	7	1	20	21.7183	87.7477	99.6165
1:22:14:45	7	1	20	21.7183	81.3832	99.6165
1:22:15:55	7	1	20	21.7183	81.996	99.6165
1:22:17:10	7	1	20	21.8148	81.3509	99.6165
1:22:18:20	7	1	20	21.8148	86.9667	99.6165
1:22:19:35	7	1	20	21.8148	81.8254	99.6165
1:22:21:0	7	1	20	21.8148	81.8254	99.6165
1:22:22:10	7	1	20	21.8148	81.8254	99.6165
1:22:23:25	7	1	20	21.9078	82.8676	99.6165
