1:3:37:10	7	11	22	16.6076	0.0	0.0
1:3:38:20	7	11	22	16.8203	0.0	0
1:3:39:35	7	11	22	16.9233	0.0	0
1:3:40:45	7	11	22	17.0312	0.0	0
1:3:42:0	7	11	22	17.1391	0.0	0
1:3:43:10	7	11	22	17.2415	0.0	0
1:3:44:25	7	11	22	17.4366	0.0	0
1:3:45:35	7	11	22	17.5334	0.0	0
1:3:46:50	7	11	22	17.6282	0.0	0
1:3:48:0	7	11	22	17.7211	0.0	0
1:3:49:15	7	11	22	17.8126	0.0	0
1:3:50:25	7	11	22	17.9028	0.0	0
1:3:51:40	7	11	22	18.0775	0.0	0
1:3:52:50	7	11	22	18.1621	0.0	0
1:3:54:5	7	11	22	18.2448	0.0	0
1:3:55:20	7	11	22	18.4051	0.0	0
1:3:56:30	7	11	22	18.4051	0.0	0
1:3:57:45	7	11	22	18.5612	0.0	0
1:3:58:55	7	11	22	18.5612	0.0	0
1:4:0:10	7	11	22	18.6478	0.0	0
1:4:1:20	7	11	22	18.7221	0.0	0
1:4:2:35	7	11	22	18.8688	0.0	0
1:4:3:45	7	11	22	18.9399	0.0	0
1:4:5:0	7	11	22	19.0098	0.0	0
1:4:6:10	7	11	22	19.0098	0.0	0
1:4:7:25	7	11	22	19.2137	0.0	0
1:4:8:35	7	11	22	19.2137	0.0	0
1:4:9:50	7	11	22	19.3448	0.0	0
1:4:11:0	7	11	22	19.4088	0.0	0
1:4:12:15	7	11	22	19.4088	0.0	0
1:4:13:30	7	11	22	19.5349	0.0	0
1:4:14:40	7	11	22	19.5349	0.0	0
1:4:15:55	7	11	22	19.5349	0.0	0
1:4:17:5	7	11	22	19.5349	0.0	0
1:4:18:15	7	11	22	19.6282	0.0	0
1:4:19:30	7	11	22	19.7287	0.0	0
1:4:20:45	7	11	22	19.7287	0.0	0
1:4:21:55	7	11	22	19.8298	0.0	0
1:4:23:10	7	11	22	19.8298	0.0	0
1:4:24:20	7	11	22	20.0372	0.0	0
1:4:25:35	7	11	22	20.1209	0.0	0
1:4:26:45	7	11	22	20.1209	0.0	0
1:4:28:0	7	11	22	20.266	0.0	0
1:4:29:10	7	11	22	20.3131	0.0	0
1:4:30:25	7	11	22	20.3131	0.0	0
1:4:31:35	7	11	22	20.3131	0.0	0
1:4:32:50	7	11	22	20.3131	0.0	0
1:4:34:0	7	11	22	20.3131	0.0	0
1:4:35:15	7	11	22	20.269	0.0	0
1:4:36:25	7	11	22	20.269	0.0	0
1:4:37:40	7	11	22	20.269	0.0	0
1:4:38:55	7	11	22	20.269	0.0	0
1:4:40:5	7	11	22	20.3047	0.0	0
1:4:41:20	7	11	22	20.3047	0.0	0
1:4:42:30	7	11	22	20.4267	0.0	0
1:4:43:45	7	11	22	20.4267	0.0	0
1:4:44:55	7	11	22	20.5042	0.0	0
1:4:46:10	7	11	22	20.5042	0.0	0
1:4:47:20	7	11	22	20.6147	0.0	0
1:4:48:35	7	11	22	20.5722	0.0	0
1:4:49:45	7	11	22	20.6114	0.0	0
1:4:51:0	7	11	22	20.6114	0.0	0
1:4:52:10	7	11	22	20.6114	0.0	0
1:4:53:25	7	11	22	20.7203	0.0	0
1:4:54:35	7	11	22	20.7203	0.0	0
1:4:55:50	7	11	22	20.8199	0.0	0
1:4:57:0	7	11	22	20.7734	0.0	0
1:4:58:15	7	11	22	20.8092	0.0	0
1:4:59:30	7	11	22	20.8092	0.0	0
1:5:0:40	7	11	22	20.8092	0.0	0
1:5:1:55	7	11	22	20.9278	0.0	0
1:5:3:5	7	11	22	20.9278	0.0	0
1:5:4:20	7	11	22	20.9278	0.0	0
1:5:5:30	7	11	22	20.9278	0.0	0
1:5:6:45	7	11	22	21.0016	0.0	0
1:5:7:55	7	11	22	21.0016	0.0	0
1:5:9:10	7	11	22	21.0016	0.0	0
1:5:10:20	7	11	22	21.1236	0.0	0
1:5:11:35	7	11	22	21.1236	0.0	0
1:5:12:45	7	11	22	21.1236	0.0	0
1:5:14:0	7	11	22	21.0813	0.0	0
1:5:15:10	7	11	22	21.0813	0.0	0
1:5:16:25	7	11	22	21.0813	0.0	0
1:5:17:35	7	11	22	21.1191	0.0	0
1:5:18:50	7	11	22	21.1191	0.0	0
1:5:20:0	7	11	22	21.1191	0.0	0
1:5:21:15	7	11	22	21.2057	0.0	0
1:5:22:25	7	11	22	21.2057	0.0	0
1:5:23:40	7	11	22	21.2057	0.0	0
1:5:24:50	7	11	22	21.3216	0.0	0
1:5:26:5	7	11	22	21.3216	0.0	0
1:5:27:15	7	11	22	21.3216	0.0	0
1:5:28:30	7	11	22	21.4107	0.0	0
1:5:29:40	7	11	22	21.3962	0.0	0
1:5:30:55	7	11	22	21.3962	0.0	0
1:5:32:5	7	11	22	21.3962	0.0	0
1:5:33:20	7	11	22	21.3962	0.0	0
1:5:34:30	7	11	22	21.4084	0.0	0
1:5:35:45	7	11	22	21.4084	0.0	0
1:5:36:55	7	11	22	21.4084	0.0	0
1:5:38:10	7	11	22	21.4084	0.0	0
1:5:39:20	7	11	22	21.5289	0.0	0
1:5:40:35	7	11	22	22.0959	99.0596	100
1:5:41:45	7	11	22	18.8382	64.6214	63.99450000000003
1:5:43:0	7	11	22	18.9611	0.0	0
1:5:44:10	7	11	22	19.0385	0.0	0
1:5:45:25	7	11	22	19.1083	0.0	0
1:5:46:35	7	11	22	19.2543	0.0	0
1:5:47:45	7	11	22	19.3254	0.0	0
1:5:48:55	7	11	22	19.3254	0.0	0
1:5:50:10	7	11	22	19.4658	0.0	0
1:5:51:20	7	11	22	19.6038	0.0	0
1:5:52:35	7	11	22	19.6038	0.0	0
1:5:53:50	7	11	22	19.7379	0.0	0
1:5:55:0	7	11	22	19.7379	0.0	0
1:5:56:15	7	11	22	19.7379	0.0	0
1:5:57:25	7	11	22	19.807	0.0	0
1:5:58:40	7	11	22	19.807	0.0	0
1:5:59:50	7	11	22	19.936	0.0	0
1:6:1:5	7	11	22	19.936	0.0	0
1:6:2:15	7	11	22	20.0452	0.0	0
1:6:3:30	7	11	22	20.1506	0.0	0
1:6:4:40	7	11	22	20.2047	0.0	0
1:6:5:55	7	11	22	20.2047	0.0	0
1:6:7:5	7	11	22	20.3222	0.0	0
1:6:8:20	7	11	22	20.4448	0.0	0
1:6:9:30	7	11	22	20.5073	0.0	0
1:6:10:45	7	11	22	20.5073	0.0	0
1:6:11:55	7	11	22	20.6323	0.0	0
1:6:13:10	7	11	22	20.6323	0.0	0
1:6:14:25	7	11	22	20.8226	0.0	0
1:6:15:35	7	11	22	20.8226	0.0	0
1:6:16:45	7	11	22	20.9515	0.0	0
1:6:18:0	7	11	22	21.0165	0.0	0
1:6:19:15	7	11	22	21.0165	0.0	0
1:6:20:25	7	11	22	21.0165	0.0	0
1:6:21:40	7	11	22	21.0165	0.0	0
1:6:22:50	7	11	22	21.1295	0.0	0
1:6:24:5	7	11	22	21.1295	0.0	0
1:6:25:15	7	11	22	21.3205	0.0	0
1:6:26:30	7	11	22	21.3205	0.0	0
1:6:27:40	7	11	22	21.4516	0.0	0
1:6:28:55	7	11	22	21.5176	0.0	0
1:6:30:5	7	11	22	21.5176	0.0	0
1:6:31:20	7	11	22	21.7182	0.0	3.8504999999999967
1:6:32:30	7	11	22	21.7182	13.656	14.071499999999855
1:6:33:45	7	11	22	21.7182	8.799	8.244499999999881
1:6:34:55	7	11	22	21.8137	5.8759	5.426499999999876
1:6:36:10	7	11	22	21.8137	9.2786	9.770999999999965
1:6:37:20	7	11	22	21.9008	6.9494	6.475499999999954
1:6:38:35	7	11	22	21.8665	10.8366	11.144999999999925
1:6:39:45	7	11	22	21.9353	6.7862	6.273999999999802
1:6:41:0	7	11	22	22.0053	10.1226	10.613500000000045
1:6:42:10	7	11	22	22.0053	13.8942	14.184499999999769
1:6:43:25	7	11	22	22.2271	13.6963	13.187499999999801
1:6:44:35	7	11	22	22.3247	29.5855	29.875499999999917
1:6:45:50	7	11	22	21.7367	35.7749	36.139499999999884
1:6:47:0	7	11	22	21.6917	0.0	0
1:6:48:15	7	11	22	21.7147	2.5242	2.8120000000001433
1:6:49:25	7	11	22	21.8699	2.5242	2.129000000000101
1:6:50:40	7	11	22	21.9513	10.291	10.571000000000161
1:6:51:50	7	11	22	22.0354	12.7698	13.047000000000057
1:6:53:5	7	11	22	22.12	17.2459	17.64650000000003
1:6:54:15	7	11	22	22.3151	22.7888	23.084000000000167
1:6:55:30	7	11	22	22.1683	37.1928	37.64750000000015
1:6:56:45	7	11	22	22.0043	27.3457	26.861999999999973
1:6:57:55	7	11	22	21.9015	18.9668	18.447000000000152
1:6:59:10	7	11	22	21.8912	13.7314	13.239999999999977
1:7:0:20	7	11	22	22.0808	13.4742	13.024500000000195
1:7:1:35	7	11	22	22.1739	25.957	26.311000000000067
1:7:2:45	7	11	22	22.2886	30.7995	31.257500000000068
1:7:4:0	7	11	22	22.425	39.8283	40.2025
1:7:5:10	7	11	22	22.5824	51.2971	51.59800000000014
1:7:6:25	7	11	22	16.9035	99.542	100
1:7:7:35	7	11	22	17.0346	1.2332	0
1:7:8:50	7	11	22	17.1517	0.0	0
1:7:10:0	7	11	22	17.3305	0.0	0
1:7:11:15	7	11	22	17.6882	0.0	0
1:7:12:25	7	11	22	17.866	0.0	0
1:7:13:40	7	11	22	18.0419	0.0	0
1:7:14:50	7	11	22	18.2149	0.0	0
1:7:16:5	7	11	22	18.3212	0.0	0
1:7:17:15	7	11	22	18.5416	0.0	0
1:7:18:30	7	11	22	18.6328	0.0	0
1:7:19:45	7	11	22	18.7257	0.0	0
1:7:20:55	7	11	22	18.89	0.0	0
1:7:22:5	7	11	22	19.0452	0.0	0
1:7:23:20	7	11	22	19.364	0.0	0
1:7:24:35	7	11	22	19.5236	0.0	0
1:7:25:45	7	11	22	19.6825	0.0	0
1:7:27:0	7	11	22	19.7622	0.0	0
1:7:28:10	7	11	22	19.844	0.0	0
1:7:29:25	7	11	22	20.0042	0.0	0
1:7:30:35	7	11	22	20.1107	0.0	0
1:7:31:50	7	11	22	20.2613	0.0	0
1:7:33:0	7	11	22	20.4139	0.0	0
1:7:34:15	7	11	22	20.7162	0.0	0
1:7:35:25	7	11	22	20.867	0.0	0
1:7:36:40	7	11	22	21.0156	0.0	0
1:7:37:50	7	11	22	21.1138	0.0	0
1:7:39:5	7	11	22	21.2116	0.0	0
1:7:40:15	7	11	22	21.3699	0.0	0
1:7:41:30	7	11	22	21.4328	0.0	0
1:7:42:40	7	11	22	21.5243	0.0	0
1:7:43:55	7	11	22	21.6581	0.0	0
1:7:45:10	7	11	22	21.7979	18.4075	18.78850000000007
1:7:46:20	7	11	22	22.1092	23.3707	23.84749999999988
1:7:47:30	7	11	22	22.3359	42.6633	43.07700000000011
1:7:48:45	7	11	22	20.712	56.0981	56.501999999999896
1:7:50:0	7	11	22	20.712	0.0	0
1:7:51:10	7	11	22	20.889	0.0	0
1:7:52:25	7	11	22	21.2171	0.0	0
1:7:53:35	7	11	22	21.3763	0.0	0
1:7:54:50	7	11	22	21.4637	0.0	0
1:7:56:0	7	11	22	21.555	0.0	0
1:7:57:15	7	11	22	21.7287	0.0	0
1:7:58:25	7	11	22	21.8775	19.8564	20.290999999999997
1:7:59:40	7	11	22	22.0591	25.7948	26.132500000000096
1:8:0:50	7	11	22	22.2421	35.845	36.295500000000054
1:8:2:5	7	11	22	22.4714	47.573	47.88750000000006
1:8:3:15	7	11	22	21.1545	64.4371	64.76099999999995
1:8:4:30	7	11	22	21.3016	0.0	0
1:8:5:40	7	11	22	21.4075	0.0	0
1:8:6:55	7	11	22	21.4075	0.0	0
1:8:8:5	7	11	22	21.633	0.0	0
1:8:9:20	7	11	22	21.9599	0.0	0
1:8:10:30	7	11	22	22.1792	33.1058	33.42350000000014
1:8:11:45	7	11	22	22.4614	44.281	44.56650000000016
1:8:12:55	7	11	22	21.1458	63.8115	64.23400000000014
1:8:14:10	7	11	22	20.9668	0.0	0
1:8:15:20	7	11	22	21.2738	0.0	0
1:8:16:35	7	11	22	21.4563	0.0	0
1:8:17:45	7	11	22	21.6338	0.0	0
1:8:19:0	7	11	22	21.8125	0.0	0
1:8:20:10	7	11	22	21.9427	21.8805	22.154499999999953
1:8:21:25	7	11	22	21.8788	26.8813	27.363999999999855
1:8:22:40	7	11	22	21.795	20.5787	20.04549999999984
1:8:23:50	7	11	22	21.9741	13.9784	13.507000000000087
1:8:25:0	7	11	22	22.1754	25.8258	26.14649999999992
1:8:26:15	7	11	22	22.6121	37.9626	38.29849999999993
1:8:27:30	7	11	22	18.4331	99.582	100
1:8:28:40	7	11	22	18.6082	1.2336	0
1:8:29:55	7	11	22	18.8438	0.0	0
1:8:31:5	7	11	22	19.0823	0.0	0
1:8:32:20	7	11	22	19.5474	0.0	0
1:8:33:30	7	11	22	19.7745	0.0	0
1:8:34:45	7	11	22	19.9988	0.0	0
1:8:35:55	7	11	22	20.1633	0.0	0
1:8:37:10	7	11	22	20.3321	0.0	0
1:8:38:20	7	11	22	20.6437	0.0	0
1:8:39:35	7	11	22	20.8553	0.0	0
1:8:40:45	7	11	22	21.0672	0.0	0
1:8:42:0	7	11	22	21.2754	0.0	0
1:8:43:10	7	11	22	21.4221	0.0	0
1:8:44:25	7	11	22	21.7123	0.0	0
1:8:45:35	7	11	22	21.911	0.0	0
1:8:46:50	7	11	22	21.911	18.5845	18.972000000000175
1:8:48:0	7	11	22	22.1272	15.56	15.101500000000154
1:8:49:15	7	11	22	21.8873	29.9714	30.426499999999947
1:8:50:25	7	11	22	22.097	10.9436	10.463000000000076
1:8:51:40	7	11	22	21.9162	28.3192	28.66200000000017
1:8:52:50	7	11	22	21.9162	13.4246	12.926500000000054
1:8:54:5	7	11	22	22.1016	14.484	14.800500000000074
1:8:55:15	7	11	22	22.5499	27.4862	27.867500000000174
1:8:56:30	7	11	22	23.5349	99.3181	100
1:8:57:40	7	11	22	17.0461	99.5114	100
1:8:58:55	7	11	22	17.2409	0.0	0
1:9:0:5	7	11	22	17.4548	0.0	0
1:9:1:20	7	11	22	18.0149	0.0	0
1:9:2:30	7	11	22	18.293	0.0	0
1:9:3:45	7	11	22	18.5128	0.0	0
1:9:4:55	7	11	22	18.7319	0.0	0
1:9:6:10	7	11	22	18.9411	0.0	0
1:9:7:20	7	11	22	19.473	0.0	0
1:9:8:35	7	11	22	19.7296	0.0	0
1:9:9:45	7	11	22	19.909	0.0	0
1:9:11:0	7	11	22	20.1012	0.0	0
1:9:12:10	7	11	22	20.2945	0.0	0
1:9:13:25	7	11	22	20.651	0.0	0
1:9:14:35	7	11	22	20.8949	0.0	0
1:9:15:50	7	11	22	21.1365	0.0	0
1:9:17:0	7	11	22	21.3734	0.0	0
1:9:18:15	7	11	22	21.7202	0.0	0
1:9:19:25	7	11	22	21.8814	0.0	0
1:9:20:40	7	11	22	22.1145	14.5506	15.013000000000094
1:9:21:50	7	11	22	21.922	28.4626	28.891500000000097
1:9:23:5	7	11	22	22.1601	12.5535	12.102500000000163
1:9:24:15	7	11	22	22.0007	31.6607	32.0675000000001
1:9:25:30	7	11	22	22.255	18.6841	18.141999999999996
1:9:26:40	7	11	22	21.7449	39.1528	39.612500000000054
1:9:27:55	7	11	22	21.8808	0.0	0.09050000000020475
1:9:29:5	7	11	22	22.0476	14.9027	15.383500000000144
1:9:30:20	7	11	22	22.5372	24.264	24.663000000000046
1:9:31:30	7	11	22	23.6141	99.2878	100
1:9:32:45	7	11	22	19.3405	99.6343	100
1:9:34:0	7	11	22	19.4633	0.0	0
1:9:35:10	7	11	22	19.6789	0.0	0
1:9:36:20	7	11	22	20.1459	0.0	0
1:9:37:35	7	11	22	20.3601	0.0	0
1:9:38:50	7	11	22	20.5653	0.0	0
1:9:40:0	7	11	22	20.8275	0.0	0
1:9:41:10	7	11	22	21.0928	0.0	0
1:9:42:25	7	11	22	21.5483	0.0	0
1:9:43:40	7	11	22	21.7434	0.0	0
1:9:44:50	7	11	22	21.8463	17.2663	17.604999999999986
1:9:46:0	7	11	22	22.0145	19.3751	19.829999999999863
1:9:47:15	7	11	22	22.0497	28.9496	29.36450000000006
1:9:48:30	7	11	22	22.3723	29.2265	29.626500000000018
1:9:49:40	7	11	22	21.4795	53.4549	53.79049999999987
1:9:50:55	7	11	22	21.6662	0.0	0
1:9:52:5	7	11	22	21.8585	0.0	0
1:9:53:20	7	11	22	22.3701	21.192	21.67599999999995
1:9:54:30	7	11	22	21.155	55.4081	55.746500000000054
1:9:55:45	7	11	22	21.3782	0.0	0
1:9:56:55	7	11	22	21.563	0.0	0
1:9:58:10	7	11	22	21.8221	0.0	0
1:9:59:20	7	11	22	22.4068	26.7669	27.169000000000025
1:10:0:35	7	11	22	22.1831	64.9437	65.35600000000014
1:10:1:45	7	11	22	21.8637	44.3713	43.87600000000005
1:10:3:0	7	11	22	21.796	25.5858	25.107500000000197
1:10:4:10	7	11	22	21.796	23.9352	23.458000000000027
1:10:5:25	7	11	22	22.0433	22.8961	22.433500000000052
1:10:6:35	7	11	22	22.4427	38.6579	38.94099999999999
1:10:7:50	7	11	22	23.0387	65.2226	65.61949999999999
1:10:9:0	7	11	22	20.2935	99.5436	100
1:10:10:15	7	11	22	18.3906	1.2332	0
1:10:11:25	7	11	22	18.6471	0.0	0
1:10:12:40	7	11	22	18.9034	0.0	0
1:10:13:50	7	11	22	19.2178	0.0	0
1:10:15:5	7	11	22	19.5341	0.0	0
1:10:16:15	7	11	22	20.0984	0.0	0
1:10:17:30	7	11	22	20.3556	0.0	0
1:10:18:40	7	11	22	20.6019	0.0	0
1:10:19:55	7	11	22	20.8173	0.0	0
1:10:21:5	7	11	22	21.0794	0.0	0
1:10:22:20	7	11	22	21.6517	0.0	0
1:10:23:30	7	11	22	21.9311	0.0	0
1:10:24:45	7	11	22	21.9311	28.8794	29.336999999999893
1:10:25:55	7	11	22	21.9311	24.9622	24.456999999999915
1:10:27:10	7	11	22	21.9311	24.2884	23.767999999999923
1:10:28:20	7	11	22	22.2399	23.539	23.07899999999993
1:10:29:35	7	11	22	22.6782	45.0541	45.549999999999784
1:10:30:50	7	11	22	19.7504	99.6298	100
1:10:32:0	7	11	22	19.7504	1.2341	0
1:10:33:15	7	11	22	20.2582	0.0	0
1:10:34:25	7	11	22	20.489	0.0	0
1:10:35:40	7	11	22	20.7939	0.0	0
1:10:36:50	7	11	22	21.0969	0.0	0
1:10:38:5	7	11	22	21.3261	0.0	0
1:10:39:15	7	11	22	21.7999	0.0	0
1:10:40:30	7	11	22	22.0131	0.0	0
1:10:41:40	7	11	22	22.2278	20.1438	20.589000000000013
1:10:42:55	7	11	22	22.5868	33.2384	33.6244999999998
1:10:44:5	7	11	22	23.298	99.3722	100
1:10:45:20	7	11	22	15.8855	99.5502	100
1:10:46:30	7	11	22	16.223	1.2333	0
1:10:47:45	7	11	22	16.5447	0.0	0
1:10:48:55	7	11	22	16.9247	0.0	0
1:10:50:10	7	11	22	17.3004	0.0	0
1:10:51:20	7	11	22	17.9024	0.0	0
1:10:52:35	7	11	22	18.2034	0.0	0
1:10:53:50	7	11	22	18.493	0.0	0
1:10:55:0	7	11	22	18.7781	0.0	0
1:10:56:15	7	11	22	19.4682	0.0	0
1:10:57:25	7	11	22	19.7366	0.0	0
1:10:58:40	7	11	22	20.0187	0.0	0
1:10:59:50	7	11	22	20.2952	0.0	0
1:11:1:5	7	11	22	20.5467	0.0	0
1:11:2:15	7	11	22	21.1102	0.0	0
1:11:3:30	7	11	22	21.4222	0.0	0
1:11:4:45	7	11	22	21.7273	0.0	0
1:11:5:55	7	11	22	21.9787	0.0	0
1:11:7:5	7	11	22	22.2179	23.3237	23.6355
1:11:8:20	7	11	22	21.9761	37.1662	37.59150000000002
1:11:9:30	7	11	22	22.0157	18.5945	18.047499999999914
1:11:10:45	7	11	22	22.3813	24.1061	24.40549999999993
1:11:11:55	7	11	22	22.9024	50.9835	51.388499999999965
1:11:13:10	7	11	22	23.6599	99.5391	100
1:11:14:25	7	11	22	17.507	99.5391	100
1:11:15:35	7	11	22	17.833	1.2332	0
1:11:16:45	7	11	22	18.1408	0.0	0
1:11:18:0	7	11	22	18.5043	0.0	0
1:11:19:10	7	11	22	18.8682	0.0	0
1:11:20:25	7	11	22	19.5107	0.0	0
1:11:21:35	7	11	22	19.8057	0.0	0
1:11:22:50	7	11	22	20.0925	0.0	0
1:11:24:0	7	11	22	20.3487	0.0	0
1:11:25:15	7	11	22	21.0094	0.0	0
1:11:26:25	7	11	22	21.3056	0.0	0
1:11:27:40	7	11	22	21.5708	0.0	0
1:11:28:50	7	11	22	21.8245	0.0	0
1:11:30:5	7	11	22	22.034	26.4979	26.893000000000153
1:11:31:15	7	11	22	22.7543	36.5913	37.045000000000016
1:11:32:30	7	11	22	18.4625	99.5728	100
1:11:33:40	7	11	22	18.7785	1.2335	0
1:11:34:55	7	11	22	19.0929	0.0	0
1:11:36:5	7	11	22	19.3928	0.0	0
1:11:37:20	7	11	22	20.0234	0.0	0
1:11:38:30	7	11	22	20.3677	0.0	0
1:11:39:45	7	11	22	20.7031	0.0	0
1:11:40:55	7	11	22	20.9838	0.0	0
1:11:42:10	7	11	22	21.2624	0.0	0
1:11:43:20	7	11	22	21.7987	0.0	0
1:11:44:35	7	11	22	22.0362	0.0	0
1:11:45:45	7	11	22	22.3744	18.9288	19.329000000000036
1:11:47:0	7	11	22	22.8346	41.209	41.49350000000007
1:11:48:10	7	11	22	23.504	99.4472	100
1:11:49:25	7	11	22	19.0916	99.6039	100
1:11:50:35	7	11	22	19.4092	1.2338	0
1:11:51:50	7	11	22	19.7079	0.0	0
1:11:53:0	7	11	22	19.9765	0.0	0
1:11:54:15	7	11	22	20.6527	0.0	0
1:11:55:25	7	11	22	20.9335	0.0	0
1:11:56:40	7	11	22	21.2158	0.0	0
1:11:57:50	7	11	22	21.4906	0.0	0
1:11:59:5	7	11	22	21.7439	0.0	0
1:12:0:15	7	11	22	22.3052	0.0	0
1:12:1:30	7	11	22	22.5848	48.6471	48.993999999999964
1:12:2:40	7	11	22	18.1732	99.5171	100
1:12:3:55	7	11	22	18.4633	0.0	0
1:12:5:5	7	11	22	18.7735	0.0	0
1:12:6:20	7	11	22	19.4397	0.0	0
1:12:7:30	7	11	22	19.7737	0.0	0
1:12:8:45	7	11	22	20.0803	0.0	0
1:12:9:55	7	11	22	20.3789	0.0	0
1:12:11:10	7	11	22	20.6483	0.0	0
1:12:12:20	7	11	22	21.1618	0.0	0
1:12:13:35	7	11	22	21.4913	0.0	0
1:12:14:45	7	11	22	21.8171	0.0	0
1:12:16:0	7	11	22	22.0627	0.0	0
1:12:17:10	7	11	22	22.3309	23.5936	23.91249999999996
1:12:18:25	7	11	22	22.1151	40.6399	40.97049999999997
1:12:19:35	7	11	22	22.1151	24.585	24.071500000000118
1:12:20:50	7	11	22	22.038	27.9596	28.459500000000105
1:12:22:0	7	11	22	22.4055	24.3942	23.82800000000001
1:12:23:15	7	11	22	23.5045	52.4881	52.927000000000014
1:12:24:25	7	11	22	20.5601	99.5532	100
1:12:25:40	7	11	22	20.8677	0.0	0
1:12:26:50	7	11	22	21.1621	0.0	0
1:12:28:5	7	11	22	21.4376	0.0	0
1:12:29:15	7	11	22	22.0214	0.0	0
1:12:30:30	7	11	22	22.3417	0.0	0
1:12:31:40	7	11	22	22.3417	29.5235	29.99799999999997
1:12:32:55	7	11	22	22.3417	29.0721	28.61049999999997
1:12:34:5	7	11	22	22.257	31.7126	32.02749999999996
1:12:35:20	7	11	22	22.6273	29.5532	29.092000000000105
1:12:36:30	7	11	22	21.6891	99.3375	100
1:12:37:45	7	11	22	21.2024	61.8026	61.24799999999986
1:12:38:55	7	11	22	21.4556	0.0	0
1:12:40:10	7	11	22	21.7277	0.0	0
1:12:41:20	7	11	22	22.2519	8.0066	8.304499999999937
1:12:42:30	7	11	22	21.6413	43.9469	44.31749999999997
1:12:43:45	7	11	22	21.909	0.0	0
1:12:44:55	7	11	22	22.273	25.2862	25.64949999999982
1:12:46:10	7	11	22	22.7303	47.7351	48.0239999999999
1:12:47:25	7	11	22	19.0385	99.5085	100
1:12:48:35	7	11	22	19.3596	1.2329	0
1:12:49:45	7	11	22	19.6502	0.0	0
1:12:51:0	7	11	22	20.0156	0.0	0
1:12:52:10	7	11	22	20.6577	0.0	0
1:12:53:25	7	11	22	20.9542	0.0	0
1:12:54:35	7	11	22	21.2429	0.0	0
1:12:55:50	7	11	22	21.5192	0.0	0
1:12:57:0	7	11	22	21.7815	0.0	0
1:12:58:15	7	11	22	22.2335	25.7948	26.17149999999997
1:12:59:25	7	11	22	21.7392	53.5246	53.95199999999985
1:13:0:40	7	11	22	21.9616	13.1181	12.434499999999936
1:13:1:50	7	11	22	21.8719	33.4682	33.92099999999995
1:13:3:5	7	11	22	22.3168	23.9511	23.47349999999991
1:13:4:15	7	11	22	22.1675	56.5964	56.905499999999954
1:13:5:30	7	11	22	21.9431	42.6875	42.20249999999994
1:13:6:40	7	11	22	21.9431	29.7589	29.287
1:13:7:55	7	11	22	21.8777	31.692	32.084
1:13:9:5	7	11	22	22.2317	27.0806	26.60999999999999
1:13:10:20	7	11	22	22.0889	52.5499	52.91799999999994
1:13:11:30	7	11	22	21.9601	39.6861	39.21499999999987
1:13:12:45	7	11	22	21.9601	33.0598	32.586000000000006
1:13:13:55	7	11	22	21.8736	33.7212	34.118999999999986
1:13:15:10	7	11	22	21.6882	27.6907	27.232499999999924
1:13:16:20	7	11	22	22.0491	13.8451	13.360999999999834
1:13:17:35	7	11	22	21.8293	39.7129	40.091499999999904
1:13:18:45	7	11	22	22.02	19.1789	18.683999999999934
1:13:20:0	7	11	22	22.02	34.095	34.576499999999896
1:13:21:10	7	11	22	21.7023	32.3982	31.915999999999897
1:13:22:25	7	11	22	21.8575	8.7489	8.288500000000003
1:13:23:35	7	11	22	21.9288	21.3564	21.71700000000004
1:13:24:50	7	11	22	21.9288	23.0171	23.311499999999842
1:13:26:0	7	11	22	22.012	21.9907	21.529999999999873
1:13:27:15	7	11	22	22.1629	26.6316	27.057999999999975
1:13:28:25	7	11	22	22.6253	36.789	37.24749999999996
1:13:29:40	7	11	22	17.4761	99.5741	100
1:13:30:50	7	11	22	17.7618	1.2335	0
1:13:32:5	7	11	22	18.0657	0.0	0
1:13:33:15	7	11	22	18.8317	0.0	0
1:13:34:30	7	11	22	19.1505	0.0	0
1:13:35:40	7	11	22	19.4714	0.0	0
1:13:36:55	7	11	22	19.7856	0.0	0
1:13:38:5	7	11	22	20.0838	0.0	0
1:13:39:20	7	11	22	20.7114	0.0	0
1:13:40:30	7	11	22	21.052	0.0	0
1:13:41:45	7	11	22	21.3257	0.0	0
1:13:42:55	7	11	22	21.5927	0.0	0
1:13:44:10	7	11	22	21.8354	0.0	0
1:13:45:20	7	11	22	22.4615	22.395	22.682499999999948
1:13:46:35	7	11	22	21.7916	63.8795	64.35350000000003
1:13:47:45	7	11	22	22.0212	10.1446	9.334499999999878
1:13:49:0	7	11	22	22.0212	34.1883	34.519
1:13:50:10	7	11	22	21.8031	31.7677	31.28699999999998
1:13:51:25	7	11	22	21.9398	15.595	15.141500000000004
1:13:52:35	7	11	22	21.9398	26.2043	26.696500000000093
1:13:53:50	7	11	22	22.0299	24.5958	24.044000000000093
1:13:55:0	7	11	22	22.4755	29.9201	30.199500000000082
1:13:56:15	7	11	22	22.1673	29.9201	62.56700000000002
1:13:57:25	7	11	22	21.9924	37.0566	37.52300000000009
1:13:58:40	7	11	22	21.9924	31.1563	30.701500000000017
1:13:59:50	7	11	22	22.4647	32.9183	33.24900000000003
1:14:1:5	7	11	22	23.2962	68.2365	68.59550000000007
1:14:2:15	7	11	22	20.1151	99.5831	100
1:14:3:30	7	11	22	18.9392	99.5831	0
1:14:4:40	7	11	22	19.2484	1.2336	0
1:14:5:55	7	11	22	19.5351	0.0	0
1:14:7:5	7	11	22	19.8158	0.0	0
1:14:8:20	7	11	22	20.5137	0.0	0
1:14:9:30	7	11	22	20.8001	0.0	0
1:14:10:45	7	11	22	21.0857	0.0	0
1:14:11:55	7	11	22	21.3633	0.0	0
1:14:13:10	7	11	22	21.6226	0.0	0
1:14:14:20	7	11	22	22.1854	0.0	0
1:14:15:35	7	11	22	22.6741	50.6934	51.06750000000023
1:14:16:45	7	11	22	19.6865	99.5363	100
1:14:18:0	7	11	22	19.758	1.2332	0
1:14:19:10	7	11	22	20.0366	0.0	0
1:14:20:25	7	11	22	20.5687	0.0	0
1:14:21:35	7	11	22	20.8173	0.0	0
1:14:22:50	7	11	22	21.1494	0.0	0
1:14:24:0	7	11	22	21.4754	0.0	0
1:14:25:15	7	11	22	21.9669	0.0	0
1:14:26:25	7	11	22	22.2116	0.0	0
1:14:27:40	7	11	22	22.342	20.8285	21.299000000000152
1:14:28:50	7	11	22	22.2194	29.1994	29.52449999999999
1:14:30:5	7	11	22	22.6145	22.2751	21.79350000000012
1:14:31:15	7	11	22	17.3921	99.2691	100
1:14:32:30	7	11	22	17.7181	1.2326	0
1:14:33:40	7	11	22	18.0376	0.0	0
1:14:34:55	7	11	22	18.3383	0.0	0
1:14:36:10	7	11	22	18.6365	0.0	0
1:14:37:20	7	11	22	19.2681	0.0	0
1:14:38:30	7	11	22	19.5428	0.0	0
1:14:39:45	7	11	22	19.819	0.0	0
1:14:40:55	7	11	22	20.0841	0.0	0
1:14:42:10	7	11	22	20.4214	0.0	0
1:14:43:25	7	11	22	21.0299	0.0	0
1:14:44:35	7	11	22	21.2928	0.0	0
1:14:45:45	7	11	22	21.5518	0.0	0
1:14:47:0	7	11	22	21.7891	0.0	0
1:14:48:10	7	11	22	22.0333	23.0255	23.329500000000092
1:14:49:25	7	11	22	22.5714	35.6163	35.976000000000035
1:14:50:40	7	11	22	17.5761	99.5662	100
1:14:51:50	7	11	22	17.8505	1.2335	0
1:14:53:5	7	11	22	18.2142	0.0	0
1:14:54:15	7	11	22	18.8976	0.0	0
1:14:55:30	7	11	22	19.1794	0.0	0
1:14:56:40	7	11	22	19.4653	0.0	0
1:14:57:55	7	11	22	19.7286	0.0	0
1:14:59:5	7	11	22	20.0593	0.0	0
1:15:0:20	7	11	22	20.5434	0.0	0
1:15:1:30	7	11	22	20.8109	0.0	0
1:15:2:45	7	11	22	21.0541	0.0	0
1:15:3:55	7	11	22	21.2685	0.0	0
1:15:5:10	7	11	22	21.558	0.0	0
1:15:6:20	7	11	22	22.1543	0.0	0
1:15:7:35	7	11	22	21.6082	47.1056	47.43199999999996
1:15:8:45	7	11	22	21.8554	0.0	0
1:15:10:0	7	11	22	22.0083	22.5227	22.813499999999944
1:15:11:10	7	11	22	22.2508	28.7575	29.126999999999867
1:15:12:25	7	11	22	22.26	44.8102	45.10400000000011
1:15:13:35	7	11	22	22.1822	44.8102	44.664500000000075
1:15:14:50	7	11	22	22.1822	41.7517	41.2915000000001
1:15:16:0	7	11	22	21.919	43.8348	44.28050000000012
1:15:17:15	7	11	22	21.5592	26.8879	26.362500000000043
1:15:18:25	7	11	22	21.8305	3.0413	2.515500000000074
1:15:19:40	7	11	22	22.2144	23.3989	23.852000000000086
1:15:20:50	7	11	22	22.8197	46.5721	46.88000000000014
1:15:22:5	7	11	22	20.5327	99.64	100
1:15:23:15	7	11	22	19.4891	1.2341	0
1:15:24:30	7	11	22	19.755	0.0	0
1:15:25:40	7	11	22	20.0081	0.0	0
1:15:26:55	7	11	22	20.3197	0.0	0
1:15:28:5	7	11	22	20.6293	0.0	0
1:15:29:20	7	11	22	21.1834	0.0	0
1:15:30:30	7	11	22	21.4243	0.0	0
1:15:31:45	7	11	22	21.6601	0.0	0
1:15:32:55	7	11	22	21.8739	0.0	0
1:15:34:10	7	11	22	22.0805	20.4924	20.950499999999952
1:15:35:20	7	11	22	22.673	31.6908	31.97750000000008
1:15:36:35	7	11	22	24.8424	99.3576	100
1:15:37:45	7	11	22	20.758	99.5397	100
1:15:39:0	7	11	22	20.8102	1.2332	0
1:15:40:10	7	11	22	21.0476	0.0	0
1:15:41:25	7	11	22	21.491	0.0	0
1:15:42:35	7	11	22	21.6925	0.0	0
1:15:43:50	7	11	22	21.9656	0.0	0
1:15:45:0	7	11	22	22.2664	22.9261	23.227499999999974
1:15:46:15	7	11	22	22.071	40.9792	41.34700000000015
1:15:47:25	7	11	22	22.1363	25.2929	24.84400000000017
1:15:48:40	7	11	22	21.864	33.0996	33.38249999999995
1:15:49:50	7	11	22	22.1794	13.8988	13.343500000000148
1:15:51:5	7	11	22	22.6144	39.3534	39.72300000000015
1:15:52:15	7	11	22	18.3531	99.4297	100
1:15:53:30	7	11	22	18.6233	0.0	0
1:15:54:40	7	11	22	18.8726	0.0	0
1:15:55:55	7	11	22	19.185	0.0	0
1:15:57:5	7	11	22	19.4045	0.0	0
1:15:58:20	7	11	22	19.8604	0.0	0
1:15:59:30	7	11	22	20.1391	0.0	0
1:16:0:45	7	11	22	20.3504	0.0	0
1:16:1:55	7	11	22	20.5614	0.0	0
1:16:3:10	7	11	22	20.7631	0.0	0
1:16:4:20	7	11	22	21.3106	0.0	0
1:16:5:35	7	11	22	21.5697	0.0	0
1:16:6:45	7	11	22	21.7687	0.0	0
1:16:8:0	7	11	22	21.9128	19.3516	19.767499999999867
1:16:9:10	7	11	22	21.9128	24.9733	25.27700000000001
1:16:10:25	7	11	22	21.9128	22.7791	22.243499999999994
1:16:11:35	7	11	22	21.9128	21.8681	21.3715
1:16:12:50	7	11	22	22.2263	20.9441	20.49950000000001
1:16:14:0	7	11	22	22.6957	42.865	43.139999999999844
1:16:15:15	7	11	22	17.1867	99.615	100
1:16:16:25	7	11	22	17.4487	1.2339	0
1:16:17:40	7	11	22	17.7708	0.0	0
1:16:18:50	7	11	22	18.0879	0.0	0
1:16:20:5	7	11	22	18.3899	0.0	0
1:16:21:15	7	11	22	18.8768	0.0	0
1:16:22:30	7	11	22	19.1147	0.0	0
1:16:23:40	7	11	22	19.3372	0.0	0
1:16:24:55	7	11	22	19.5191	0.0	0
1:16:26:5	7	11	22	19.7977	0.0	0
1:16:27:20	7	11	22	20.1988	0.0	0
1:16:28:30	7	11	22	20.3952	0.0	0
1:16:29:45	7	11	22	20.5853	0.0	0
1:16:30:55	7	11	22	20.7499	0.0	0
1:16:32:10	7	11	22	20.9846	0.0	0
1:16:33:20	7	11	22	21.4726	0.0	0
1:16:34:35	7	11	22	21.7042	0.0	0
1:16:35:45	7	11	22	21.8834	0.0	0
1:16:36:55	7	11	22	22.0353	17.9495	18.313500000000094
1:16:38:10	7	11	22	22.0353	25.3566	25.851999999999915
1:16:39:20	7	11	22	21.9853	24.3794	23.926499999999944
1:16:40:35	7	11	22	21.9853	21.0762	20.529499999999885
1:16:41:45	7	11	22	22.2658	21.0762	21.132499999999883
1:16:43:0	7	11	22	22.7083	41.5625	42.02299999999987
1:16:44:10	7	11	22	23.5696	99.4505	100
1:16:45:25	7	11	22	18.1604	99.6063	100
1:16:46:35	7	11	22	18.3869	1.2338	0
1:16:47:50	7	11	22	18.5905	0.0	0
1:16:49:0	7	11	22	18.7701	0.0	0
1:16:50:15	7	11	22	19.2157	0.0	0
1:16:51:25	7	11	22	19.4723	0.0	0
1:16:52:40	7	11	22	19.7248	0.0	0
1:16:53:50	7	11	22	19.9019	0.0	0
1:16:55:5	7	11	22	20.0868	0.0	0
1:16:56:15	7	11	22	20.3966	0.0	0
1:16:57:30	7	11	22	20.5352	0.0	0
1:16:58:40	7	11	22	20.7636	0.0	0
1:16:59:55	7	11	22	20.9888	0.0	0
1:17:1:5	7	11	22	21.207	0.0	0
1:17:2:20	7	11	22	21.5049	0.0	0
1:17:3:30	7	11	22	21.6494	0.0	0
1:17:4:45	7	11	22	21.7215	16.9721	17.30000000000004
1:17:5:55	7	11	22	21.8936	16.9721	17.03399999999995
1:17:7:10	7	11	22	22.1732	25.7217	26.07499999999998
1:17:8:20	7	11	22	23.0255	43.0582	43.399500000000124
1:17:9:35	7	11	22	19.635	99.6163	100
1:17:10:45	7	11	22	19.8053	1.2339	0
1:17:12:0	7	11	22	19.9661	0.0	0
1:17:13:10	7	11	22	20.1551	0.0	0
1:17:14:25	7	11	22	20.5898	0.0	0
1:17:15:35	7	11	22	20.7202	0.0	0
1:17:16:50	7	11	22	20.8512	0.0	0
1:17:18:0	7	11	22	20.9765	0.0	0
1:17:19:15	7	11	22	21.3776	0.0	0
1:17:20:25	7	11	22	21.5687	0.0	0
1:17:21:40	7	11	22	21.7287	0.0	0
1:17:22:50	7	11	22	21.8427	16.4461	16.754500000000032
1:17:24:5	7	11	22	21.8427	19.7274	20.191500000000087
1:17:25:15	7	11	22	21.8427	17.3835	16.908500000000082
1:17:26:30	7	11	22	22.0624	15.8721	15.335500000000089
1:17:27:40	7	11	22	22.3834	29.8064	30.240000000000062
1:17:28:55	7	11	22	22.9546	51.1538	51.64350000000019
1:17:30:5	7	11	22	21.0299	99.5407	100
1:17:31:20	7	11	22	19.3937	0.0	0
1:17:32:30	7	11	22	19.5272	0.0	0
1:17:33:45	7	11	22	19.7323	0.0	0
1:17:34:55	7	11	22	19.8467	0.0	0
1:17:36:10	7	11	22	20.032	0.0	0
1:17:37:20	7	11	22	20.4254	0.0	0
1:17:38:35	7	11	22	20.6105	0.0	0
1:17:39:45	7	11	22	20.7392	0.0	0
1:17:41:0	7	11	22	20.8682	0.0	0
1:17:42:10	7	11	22	20.9802	0.0	0
1:17:43:25	7	11	22	21.2587	0.0	0
1:17:44:35	7	11	22	21.4246	0.0	0
1:17:45:50	7	11	22	21.5132	0.0	0
1:17:47:0	7	11	22	21.6055	0.0	0
1:17:48:15	7	11	22	21.9079	14.6404	15.107499999999874
1:17:49:25	7	11	22	21.5001	32.1117	32.45800000000006
1:17:50:40	7	11	22	21.6357	0.0	0
1:17:51:50	7	11	22	21.7139	11.0111	11.288000000000036
1:17:53:5	7	11	22	21.7139	11.0111	11.475999999999953
1:17:54:15	7	11	22	21.9436	7.9691	7.4419999999999575
1:17:55:30	7	11	22	22.1665	21.4013	21.80850000000003
1:17:56:40	7	11	22	22.4998	34.1486	34.51649999999995
1:17:57:55	7	11	22	21.6088	57.5224	57.83550000000005
1:17:59:5	7	11	22	21.5151	0.0	0
1:18:0:20	7	11	22	21.7043	2.0071	2.425500000000138
1:18:1:30	7	11	22	21.8675	12.6754	13.172000000000086
1:18:2:45	7	11	22	22.067	19.2148	19.617000000000075
1:18:3:55	7	11	22	22.3126	30.5144	30.80650000000011
1:18:5:10	7	11	22	22.1303	46.6086	46.904000000000075
1:18:6:20	7	11	22	21.838	33.1524	32.67349999999997
1:18:7:35	7	11	22	21.838	15.2584	14.788500000000173
1:18:8:45	7	11	22	22.0385	17.1691	17.553000000000143
1:18:10:0	7	11	22	22.3077	30.5684	30.970500000000012
1:18:11:10	7	11	22	22.6403	48.1862	48.53800000000014
1:18:12:25	7	11	22	19.068	99.5128	100
1:18:13:35	7	11	22	19.1933	1.233	0
1:18:14:50	7	11	22	19.2994	0.0	0
1:18:16:0	7	11	22	19.4782	0.0	0
1:18:17:15	7	11	22	19.8226	0.0	0
1:18:18:25	7	11	22	19.988	0.0	0
1:18:19:40	7	11	22	20.0821	0.0	0
1:18:20:50	7	11	22	20.1817	0.0	0
1:18:22:5	7	11	22	20.2762	0.0	0
1:18:23:15	7	11	22	20.4921	0.0	0
1:18:24:30	7	11	22	20.6417	0.0	0
1:18:25:40	7	11	22	20.7901	0.0	0
1:18:26:55	7	11	22	20.9346	0.0	0
1:18:28:5	7	11	22	21.0145	0.0	0
1:18:29:20	7	11	22	21.1731	0.0	0
1:18:30:30	7	11	22	21.3119	0.0	0
1:18:31:45	7	11	22	21.4496	0.0	0
1:18:32:55	7	11	22	21.5836	0.0	0
1:18:34:10	7	11	22	21.7147	0.0	0
1:18:35:20	7	11	22	21.7147	16.2296	16.530000000000005
1:18:36:35	7	11	22	21.8073	12.161	11.71050000000001
1:18:37:45	7	11	22	21.7964	15.358	15.802500000000084
1:18:39:0	7	11	22	21.8176	12.1377	11.668999999999858
1:18:40:10	7	11	22	21.9482	11.8525	11.386499999999913
1:18:41:25	7	11	22	22.2388	18.6135	19.039499999999983
1:18:42:35	7	11	22	22.5723	37.9424	38.35750000000006
1:18:43:50	7	11	22	19.2065	99.4164	100
1:18:45:0	7	11	22	19.1424	1.232	0
1:18:46:15	7	11	22	19.4206	0.0	0
1:18:47:25	7	11	22	19.4206	0.0	0
1:18:48:40	7	11	22	19.6473	0.0	0
1:18:49:50	7	11	22	19.7272	0.0	0
1:18:51:5	7	11	22	19.7272	0.0	0
1:18:52:15	7	11	22	20.0662	0.0	0
1:18:53:30	7	11	22	20.2147	0.0	0
1:18:54:40	7	11	22	20.3555	0.0	0
1:18:55:55	7	11	22	20.4381	0.0	0
1:18:57:5	7	11	22	20.5185	0.0	0
1:18:58:20	7	11	22	20.7319	0.0	0
1:18:59:30	7	11	22	20.8673	0.0	0
1:19:0:45	7	11	22	20.9974	0.0	0
1:19:1:55	7	11	22	21.1257	0.0	0
1:19:3:10	7	11	22	21.1257	0.0	0
1:19:4:20	7	11	22	21.2366	0.0	0
1:19:5:35	7	11	22	21.3543	0.0	0
1:19:6:45	7	11	22	21.4386	0.0	0
1:19:8:0	7	11	22	21.5569	0.0	0
1:19:9:10	7	11	22	21.671	0.0	0
1:19:10:25	7	11	22	21.8404	13.9254	14.355000000000064
1:19:11:35	7	11	22	21.751	21.7725	22.058500000000016
1:19:12:50	7	11	22	21.751	11.7787	11.216500000000185
1:19:14:0	7	11	22	21.751	10.5484	10.067500000000162
1:19:15:15	7	11	22	21.9469	8.0631	7.577500000000175
1:19:16:25	7	11	22	22.0896	19.4817	19.78000000000005
1:19:17:40	7	11	22	22.29	26.5536	27.013000000000176
1:19:18:50	7	11	22	22.6102	40.3744	40.79850000000004
1:19:20:5	7	11	22	23.7295	99.5982	100
1:19:21:15	7	11	22	18.2111	99.5982	100
1:19:22:30	7	11	22	18.3296	0.0	0
1:19:23:40	7	11	22	18.4147	0.0	0
1:19:24:55	7	11	22	18.5685	0.0	0
1:19:26:5	7	11	22	18.7278	0.0	0
1:19:27:20	7	11	22	19.0373	0.0	0
1:19:28:30	7	11	22	19.1838	0.0	0
1:19:29:45	7	11	22	19.2691	0.0	0
1:19:30:55	7	11	22	19.3519	0.0	0
1:19:32:10	7	11	22	19.4315	0.0	0
1:19:33:20	7	11	22	19.7097	0.0	0
1:19:34:35	7	11	22	19.7097	0.0	0
1:19:35:45	7	11	22	19.8079	0.0	0
1:19:37:0	7	11	22	19.8079	0.0	0
1:19:38:10	7	11	22	19.9898	0.0	0
1:19:39:25	7	11	22	20.2422	0.0	0
1:19:40:35	7	11	22	20.3661	0.0	0
1:19:41:50	7	11	22	20.4865	0.0	0
1:19:43:0	7	11	22	20.5386	0.0	0
1:19:44:15	7	11	22	20.6392	0.0	0
1:19:45:25	7	11	22	20.6392	0.0	0
1:19:46:40	7	11	22	20.6392	0.0	0
1:19:47:50	7	11	22	20.8043	0.0	0
1:19:49:5	7	11	22	20.9136	0.0	0
1:19:50:15	7	11	22	21.1283	0.0	0
1:19:51:30	7	11	22	21.2327	0.0	0
1:19:52:40	7	11	22	21.2327	0.0	0
1:19:53:55	7	11	22	21.2327	0.0	0
1:19:55:5	7	11	22	21.3221	0.0	0
1:19:56:10	7	11	22	21.3221	0.0	0
1:19:56:10	7	11	22	21.3221	0.0	0
1:19:56:10	7	11	22	21.3221	0.0	0
1:19:56:10	7	11	22	21.3221	0.0	0
1:19:56:10	7	11	22	21.3221	0.0	0
1:19:56:10	7	11	22	21.3221	0.0	0
1:19:56:10	7	11	22	21.3221	0.0	0
1:19:56:10	7	11	22	21.3221	0.0	0
1:19:56:10	7	11	22	21.3221	0.0	0
1:19:56:10	7	11	22	21.3221	0.0	0
1:19:56:10	7	11	22	21.3221	0.0	0
1:19:56:10	7	11	22	21.3221	0.0	0
1:19:56:10	7	11	22	21.3221	0.0	0
1:19:56:10	7	11	22	21.3221	0.0	0
1:19:56:10	7	11	22	21.3221	0.0	0
1:19:56:10	7	11	22	21.3221	0.0	0
1:19:56:10	7	11	22	21.3221	0.0	0
1:19:56:10	7	11	22	21.3221	0.0	0
1:19:56:10	7	11	22	21.3221	0.0	0
1:19:56:10	7	11	22	21.3221	0.0	0
1:19:56:10	7	11	22	21.3221	0.0	0
1:19:56:10	7	11	22	21.3221	0.0	0
1:19:56:10	7	11	22	21.3221	0.0	0
1:19:56:10	7	11	22	21.3221	0.0	0
1:19:56:10	7	11	22	21.3221	0.0	0
1:19:56:10	7	11	22	21.3221	0.0	0
1:19:56:10	7	11	22	21.3221	0.0	0
1:19:56:10	7	11	22	21.3221	0.0	0
1:19:56:10	7	11	22	21.3221	0.0	0
1:19:56:10	7	11	22	21.3221	0.0	0
1:19:56:10	7	11	22	21.3221	0.0	0
1:19:56:10	7	11	22	21.3221	0.0	0
1:19:56:10	7	11	22	21.3221	0.0	0
1:19:56:10	7	11	22	21.3221	0.0	0
1:19:56:10	7	11	22	21.3221	0.0	0
1:19:56:10	7	11	22	21.3221	0.0	0
1:19:56:10	7	11	22	21.3221	0.0	0
1:19:56:10	7	11	22	21.3221	0.0	0
1:19:56:10	7	11	22	21.3221	0.0	0
1:19:56:10	7	11	22	21.3221	0.0	0
1:19:56:10	7	11	22	21.3221	0.0	0
1:19:56:10	7	11	22	21.3221	0.0	0
1:19:56:10	7	11	22	21.3221	0.0	0
1:19:56:10	7	11	22	21.3221	0.0	0
1:19:56:10	7	11	22	21.3221	0.0	0
1:19:56:10	7	11	22	21.3221	0.0	0
1:19:56:10	7	11	22	21.3221	0.0	0
1:19:56:10	7	11	22	21.3221	0.0	0
1:19:56:10	7	11	22	21.3221	0.0	0
1:19:56:10	7	11	22	21.3221	0.0	0
1:19:56:10	7	11	22	21.3221	0.0	0
1:19:56:10	7	11	22	21.3221	0.0	0
1:19:56:10	7	11	22	21.3221	0.0	0
1:19:56:10	7	11	22	21.3221	0.0	0
1:19:56:10	7	11	22	21.3221	0.0	0
1:19:56:10	7	11	22	21.3221	0.0	0
1:19:56:10	7	11	22	21.3221	0.0	0
1:19:56:10	7	11	22	21.3221	0.0	0
1:19:56:10	7	11	22	21.3221	0.0	0
1:19:56:10	7	11	22	21.3221	0.0	0
1:19:56:10	7	11	22	21.3221	0.0	0
1:19:56:10	7	11	22	21.3221	0.0	0
1:19:56:10	7	11	22	21.3221	0.0	0
1:19:56:10	7	11	22	21.3221	0.0	0
1:19:56:10	7	11	22	21.3221	0.0	0
1:19:56:10	7	11	22	21.3221	0.0	0
1:19:56:10	7	11	22	21.3221	0.0	0
1:19:56:10	7	11	22	21.3221	0.0	0
1:19:56:10	7	11	22	21.3221	0.0	0
1:19:56:10	7	11	22	21.3221	0.0	0
1:19:56:10	7	11	22	21.3221	0.0	0
1:19:56:10	7	11	22	21.3221	0.0	0
1:19:56:10	7	11	22	21.3221	0.0	0
1:19:56:10	7	11	22	21.3221	0.0	0
1:19:56:10	7	11	22	21.3221	0.0	0
1:19:56:10	7	11	22	21.3221	0.0	0
1:19:56:10	7	11	22	21.3221	0.0	0
1:19:56:10	7	11	22	21.3221	0.0	0
1:19:56:10	7	11	22	21.3221	0.0	0
1:19:56:10	7	11	22	21.3221	0.0	0
1:19:56:10	7	11	22	21.3221	0.0	0
1:19:56:10	7	11	22	21.3221	0.0	0
1:19:56:10	7	11	22	21.3221	0.0	0
1:19:56:10	7	11	22	21.3221	0.0	0
1:19:56:10	7	11	22	21.3221	0.0	0
1:19:56:10	7	11	22	21.3221	0.0	0
1:19:56:10	7	11	22	21.3221	0.0	0
1:19:56:10	7	11	22	21.3221	0.0	0
1:19:56:10	7	11	22	21.3221	0.0	0
1:19:56:10	7	11	22	21.3221	0.0	0
1:19:56:10	7	11	22	21.3221	0.0	0
1:19:56:10	7	11	22	21.3221	0.0	0
1:19:56:10	7	11	22	21.3221	0.0	0
1:19:56:10	7	11	22	21.3221	0.0	0
1:19:56:10	7	11	22	21.3221	0.0	0
1:19:56:10	7	11	22	21.3221	0.0	0
1:19:56:10	7	11	22	21.3221	0.0	0
1:19:56:10	7	11	22	21.3221	0.0	0
1:19:56:10	7	11	22	21.3221	0.0	0
1:19:56:10	7	11	22	21.3221	0.0	0
1:19:56:10	7	11	22	21.3221	0.0	0
1:19:56:10	7	11	22	21.3221	0.0	0
1:19:56:10	7	11	22	21.3221	0.0	0
1:19:56:10	7	11	22	21.3221	0.0	0
1:19:56:10	7	11	22	21.3221	0.0	0
1:19:56:10	7	11	22	21.3221	0.0	0
1:19:56:10	7	11	22	21.3221	0.0	0
1:19:56:10	7	11	22	21.3221	0.0	0
1:19:56:10	7	11	22	21.3221	0.0	0
1:19:56:10	7	11	22	21.3221	0.0	0
1:19:56:10	7	11	22	21.3221	0.0	0
1:19:56:10	7	11	22	21.3221	0.0	0
1:19:56:10	7	11	22	21.3221	0.0	0
1:19:56:10	7	11	22	21.3221	0.0	0
1:19:56:10	7	11	22	21.3221	0.0	0
1:19:56:10	7	11	22	21.3221	0.0	0
1:19:56:10	7	11	22	21.3221	0.0	0
1:19:56:10	7	11	22	21.3221	0.0	0
1:19:56:10	7	11	22	21.3221	0.0	0
1:19:56:10	7	11	22	21.3221	0.0	0
1:19:56:10	7	11	22	21.3221	0.0	0
1:19:56:10	7	11	22	21.3221	0.0	0
1:19:56:10	7	11	22	21.3221	0.0	0
1:19:56:10	7	11	22	21.3221	0.0	0
1:19:56:10	7	11	22	21.3221	0.0	0
1:19:56:10	7	11	22	21.3221	0.0	0
1:19:56:10	7	11	22	21.3221	0.0	0
1:19:56:10	7	11	22	21.3221	0.0	0
1:19:56:10	7	11	22	21.3221	0.0	0
1:19:56:10	7	11	22	21.3221	0.0	0
1:19:56:10	7	11	22	21.3221	0.0	0
1:19:56:10	7	11	22	21.3221	0.0	0
1:19:56:10	7	11	22	21.3221	0.0	0
1:19:56:10	7	11	22	21.3221	0.0	0
1:19:56:10	7	11	22	21.3221	0.0	0
1:19:56:10	7	11	22	21.3221	0.0	0
1:19:56:10	7	11	22	21.3221	0.0	0
1:19:56:10	7	11	22	21.3221	0.0	0
1:19:56:10	7	11	22	21.3221	0.0	0
1:19:56:10	7	11	22	21.3221	0.0	0
1:19:56:10	7	11	22	21.3221	0.0	0
1:19:56:10	7	11	22	21.3221	0.0	0
1:19:56:10	7	11	22	21.3221	0.0	0
1:19:56:10	7	11	22	21.3221	0.0	0
1:19:56:10	7	11	22	21.3221	0.0	0
1:19:56:10	7	11	22	21.3221	0.0	0
1:19:56:10	7	11	22	21.3221	0.0	0
1:19:56:10	7	11	22	21.3221	0.0	0
1:19:56:10	7	11	22	21.3221	0.0	0
1:19:56:10	7	11	22	21.3221	0.0	0
1:19:56:10	7	11	22	21.3221	0.0	0
1:19:56:10	7	11	22	21.3221	0.0	0
1:19:56:10	7	11	22	21.3221	0.0	0
1:19:56:10	7	11	22	21.3221	0.0	0
1:19:56:10	7	11	22	21.3221	0.0	0
1:19:56:10	7	11	22	21.3221	0.0	0
1:19:56:10	7	11	22	21.3221	0.0	0
1:19:56:10	7	11	22	21.3221	0.0	0
1:19:56:10	7	11	22	21.3221	0.0	0
1:19:56:10	7	11	22	21.3221	0.0	0
1:19:56:10	7	11	22	21.3221	0.0	0
1:19:56:10	7	11	22	21.3221	0.0	0
1:19:56:10	7	11	22	21.3221	0.0	0
1:19:56:10	7	11	22	21.3221	0.0	0
1:19:56:10	7	11	22	21.3221	0.0	0
1:19:56:10	7	11	22	21.3221	0.0	0
1:19:56:10	7	11	22	21.3221	0.0	0
1:19:56:10	7	11	22	21.3221	0.0	0
1:19:56:10	7	11	22	21.3221	0.0	0
1:19:56:10	7	11	22	21.3221	0.0	0
1:19:56:10	7	11	22	21.3221	0.0	0
1:19:56:10	7	11	22	21.3221	0.0	0
1:19:56:10	7	11	22	21.3221	0.0	0
1:19:56:10	7	11	22	21.3221	0.0	0
1:19:56:10	7	11	22	21.3221	0.0	0
1:19:56:10	7	11	22	21.3221	0.0	0
1:19:56:10	7	11	22	21.3221	0.0	0
1:19:56:10	7	11	22	21.3221	0.0	0
1:19:56:10	7	11	22	21.3221	0.0	0
1:19:56:10	7	11	22	21.3221	0.0	0
1:19:56:10	7	11	22	21.3221	0.0	0
1:19:56:10	7	11	22	21.3221	0.0	0
1:19:56:10	7	11	22	21.3221	0.0	0
1:19:56:10	7	11	22	21.3221	0.0	0
1:19:56:10	7	11	22	21.3221	0.0	0
1:19:56:10	7	11	22	21.3221	0.0	0
1:19:56:10	7	11	22	21.3221	0.0	0
1:19:56:10	7	11	22	21.3221	0.0	0
1:19:56:10	7	11	22	21.3221	0.0	0
1:19:56:10	7	11	22	21.3221	0.0	0
1:19:56:10	7	11	22	21.3221	0.0	0
1:19:56:10	7	11	22	21.3221	0.0	0
1:19:56:10	7	11	22	21.3221	0.0	0
1:19:56:10	7	11	22	21.3221	0.0	0
1:19:56:10	7	11	22	21.3221	0.0	0
1:19:56:10	7	11	22	21.3221	0.0	0
1:19:56:10	7	11	22	21.3221	0.0	0
1:19:56:10	7	11	22	21.3221	0.0	0
1:19:56:10	7	11	22	21.3221	0.0	0
1:19:56:10	7	11	22	21.3221	0.0	0
1:19:56:10	7	11	22	21.3221	0.0	0
1:19:56:10	7	11	22	21.3221	0.0	0
1:19:56:10	7	11	22	21.3221	0.0	0
1:19:56:10	7	11	22	21.3221	0.0	0
1:19:56:10	7	11	22	21.3221	0.0	0
1:19:56:10	7	11	22	21.3221	0.0	0
1:19:56:10	7	11	22	21.3221	0.0	0
1:19:56:10	7	11	22	21.3221	0.0	0
1:19:56:10	7	11	22	21.3221	0.0	0
1:19:56:10	7	11	22	21.3221	0.0	0
1:19:56:10	7	11	22	21.3221	0.0	0
1:19:56:10	7	11	22	21.3221	0.0	0
1:19:56:10	7	11	22	21.3221	0.0	0
1:19:56:10	7	11	22	21.3221	0.0	0
1:19:56:10	7	11	22	21.3221	0.0	0
1:19:56:10	7	11	22	21.3221	0.0	0
1:19:56:10	7	11	22	21.3221	0.0	0
1:19:56:10	7	11	22	21.3221	0.0	0
1:19:56:10	7	11	22	21.3221	0.0	0
1:19:56:10	7	11	22	21.3221	0.0	0
1:19:56:10	7	11	22	21.3221	0.0	0
1:19:56:10	7	11	22	21.3221	0.0	0
1:19:56:10	7	11	22	21.3221	0.0	0
1:19:56:10	7	11	22	21.3221	0.0	0
1:19:56:10	7	11	22	21.3221	0.0	0
1:19:56:10	7	11	22	21.3221	0.0	0
1:19:56:10	7	11	22	21.3221	0.0	0
1:19:56:10	7	11	22	21.3221	0.0	0
1:19:56:10	7	11	22	21.3221	0.0	0
1:19:56:10	7	11	22	21.3221	0.0	0
1:19:56:10	7	11	22	21.3221	0.0	0
1:19:56:10	7	11	22	21.3221	0.0	0
1:19:56:10	7	11	22	21.3221	0.0	0
1:19:56:10	7	11	22	21.3221	0.0	0
1:19:56:10	7	11	22	21.3221	0.0	0
1:19:56:10	7	11	22	21.3221	0.0	0
1:19:56:10	7	11	22	21.3221	0.0	0
1:19:56:10	7	11	22	21.3221	0.0	0
1:19:56:10	7	11	22	21.3221	0.0	0
1:19:56:10	7	11	22	21.3221	0.0	0
1:19:56:10	7	11	22	21.3221	0.0	0
1:19:56:10	7	11	22	21.3221	0.0	0
1:19:56:10	7	11	22	21.3221	0.0	0
1:19:56:10	7	11	22	21.3221	0.0	0
1:19:56:10	7	11	22	21.3221	0.0	0
1:19:56:10	7	11	22	21.3221	0.0	0
1:19:56:10	7	11	22	21.3221	0.0	0
1:19:56:10	7	11	22	21.3221	0.0	0
1:19:56:10	7	11	22	21.3221	0.0	0
1:19:56:10	7	11	22	21.3221	0.0	0
1:19:56:10	7	11	22	21.3221	0.0	0
1:19:56:10	7	11	22	21.3221	0.0	0
1:19:56:10	7	11	22	21.3221	0.0	0
1:19:56:10	7	11	22	21.3221	0.0	0
1:19:56:10	7	11	22	21.3221	0.0	0
1:19:56:10	7	11	22	21.3221	0.0	0
1:19:56:10	7	11	22	21.3221	0.0	0
1:19:56:10	7	11	22	21.3221	0.0	0
1:19:56:10	7	11	22	21.3221	0.0	0
1:19:56:10	7	11	22	21.3221	0.0	0
1:19:56:10	7	11	22	21.3221	0.0	0
1:19:56:10	7	11	22	21.3221	0.0	0
1:19:56:10	7	11	22	21.3221	0.0	0
1:19:56:10	7	11	22	21.3221	0.0	0
1:19:56:10	7	11	22	21.3221	0.0	0
1:19:56:10	7	11	22	21.3221	0.0	0
1:19:56:10	7	11	22	21.3221	0.0	0
1:19:56:10	7	11	22	21.3221	0.0	0
1:19:56:10	7	11	22	21.3221	0.0	0
1:19:56:10	7	11	22	21.3221	0.0	0
1:19:56:10	7	11	22	21.3221	0.0	0
1:19:56:10	7	11	22	21.3221	0.0	0
1:19:56:10	7	11	22	21.3221	0.0	0
1:19:56:10	7	11	22	21.3221	0.0	0
1:19:56:10	7	11	22	21.3221	0.0	0
1:19:56:10	7	11	22	21.3221	0.0	0
1:19:56:10	7	11	22	21.3221	0.0	0
1:19:56:10	7	11	22	21.3221	0.0	0
1:19:56:10	7	11	22	21.3221	0.0	0
1:19:56:10	7	11	22	21.3221	0.0	0
1:19:56:10	7	11	22	21.3221	0.0	0
1:19:56:10	7	11	22	21.3221	0.0	0
1:19:56:10	7	11	22	21.3221	0.0	0
1:19:56:10	7	11	22	21.3221	0.0	0
1:19:56:10	7	11	22	21.3221	0.0	0
1:19:56:10	7	11	22	21.3221	0.0	0
1:19:56:10	7	11	22	21.3221	0.0	0
1:19:56:10	7	11	22	21.3221	0.0	0
1:19:56:10	7	11	22	21.3221	0.0	0
1:19:56:10	7	11	22	21.3221	0.0	0
1:19:56:10	7	11	22	21.3221	0.0	0
1:19:56:10	7	11	22	21.3221	0.0	0
1:19:56:10	7	11	22	21.3221	0.0	0
1:19:56:10	7	11	22	21.3221	0.0	0
1:19:56:10	7	11	22	21.3221	0.0	0
1:19:56:10	7	11	22	21.3221	0.0	0
1:19:56:10	7	11	22	21.3221	0.0	0
1:19:56:10	7	11	22	21.3221	0.0	0
1:19:56:10	7	11	22	21.3221	0.0	0
1:19:56:10	7	11	22	21.3221	0.0	0
1:19:56:10	7	11	22	21.3221	0.0	0
1:19:56:10	7	11	22	21.3221	0.0	0
1:19:56:10	7	11	22	21.3221	0.0	0
1:19:56:10	7	11	22	21.3221	0.0	0
1:19:56:10	7	11	22	21.3221	0.0	0
1:19:56:10	7	11	22	21.3221	0.0	0
1:19:56:10	7	11	22	21.3221	0.0	0
1:19:56:10	7	11	22	21.3221	0.0	0
1:19:56:10	7	11	22	21.3221	0.0	0
1:19:56:10	7	11	22	21.3221	0.0	0
1:19:56:10	7	11	22	21.3221	0.0	0
1:19:56:10	7	11	22	21.3221	0.0	0
1:19:56:10	7	11	22	21.3221	0.0	0
1:19:56:10	7	11	22	21.3221	0.0	0
1:19:56:10	7	11	22	21.3221	0.0	0
1:19:56:10	7	11	22	21.3221	0.0	0
1:19:56:10	7	11	22	21.3221	0.0	0
1:19:56:10	7	11	22	21.3221	0.0	0
1:19:56:10	7	11	22	21.3221	0.0	0
1:19:56:10	7	11	22	21.3221	0.0	0
1:19:56:10	7	11	22	21.3221	0.0	0
1:19:56:10	7	11	22	21.3221	0.0	0
1:19:56:10	7	11	22	21.3221	0.0	0
1:19:56:10	7	11	22	21.3221	0.0	0
1:19:56:10	7	11	22	21.3221	0.0	0
1:19:56:10	7	11	22	21.3221	0.0	0
1:19:56:10	7	11	22	21.3221	0.0	0
1:19:56:10	7	11	22	21.3221	0.0	0
1:19:56:10	7	11	22	21.3221	0.0	0
1:19:56:10	7	11	22	21.3221	0.0	0
1:19:56:10	7	11	22	21.3221	0.0	0
1:19:56:10	7	11	22	21.3221	0.0	0
1:19:56:10	7	11	22	21.3221	0.0	0
1:19:56:10	7	11	22	21.3221	0.0	0
1:19:56:10	7	11	22	21.3221	0.0	0
1:19:56:10	7	11	22	21.3221	0.0	0
1:19:56:10	7	11	22	21.3221	0.0	0
1:19:56:10	7	11	22	21.3221	0.0	0
1:19:56:10	7	11	22	21.3221	0.0	0
1:19:56:10	7	11	22	21.3221	0.0	0
1:19:56:10	7	11	22	21.3221	0.0	0
1:19:56:10	7	11	22	21.3221	0.0	0
1:19:56:10	7	11	22	21.3221	0.0	0
1:19:56:10	7	11	22	21.3221	0.0	0
1:19:56:10	7	11	22	21.3221	0.0	0
1:19:56:10	7	11	22	21.3221	0.0	0
1:19:56:10	7	11	22	21.3221	0.0	0
1:19:56:10	7	11	22	21.3221	0.0	0
1:19:56:10	7	11	22	21.3221	0.0	0
1:19:56:10	7	11	22	21.3221	0.0	0
1:19:56:10	7	11	22	21.3221	0.0	0
1:19:56:10	7	11	22	21.3221	0.0	0
1:19:56:10	7	11	22	21.3221	0.0	0
1:19:56:10	7	11	22	21.3221	0.0	0
1:19:56:10	7	11	22	21.3221	0.0	0
1:19:56:10	7	11	22	21.3221	0.0	0
1:19:56:10	7	11	22	21.3221	0.0	0
1:19:56:10	7	11	22	21.3221	0.0	0
1:19:56:10	7	11	22	21.3221	0.0	0
1:19:56:10	7	11	22	21.3221	0.0	0
1:19:56:10	7	11	22	21.3221	0.0	0
1:19:56:10	7	11	22	21.3221	0.0	0
1:19:56:10	7	11	22	21.3221	0.0	0
1:19:56:10	7	11	22	21.3221	0.0	0
1:19:56:10	7	11	22	21.3221	0.0	0
1:19:56:10	7	11	22	21.3221	0.0	0
1:19:56:10	7	11	22	21.3221	0.0	0
1:19:56:10	7	11	22	21.3221	0.0	0
1:19:56:10	7	11	22	21.3221	0.0	0
1:19:56:10	7	11	22	21.3221	0.0	0
1:19:56:10	7	11	22	21.3221	0.0	0
1:19:56:10	7	11	22	21.3221	0.0	0
1:19:56:10	7	11	22	21.3221	0.0	0
1:19:56:10	7	11	22	21.3221	0.0	0
1:19:56:10	7	11	22	21.3221	0.0	0
1:19:56:10	7	11	22	21.3221	0.0	0
1:19:56:10	7	11	22	21.3221	0.0	0
1:19:56:10	7	11	22	21.3221	0.0	0
1:19:56:10	7	11	22	21.3221	0.0	0
1:19:56:10	7	11	22	21.3221	0.0	0
1:19:56:10	7	11	22	21.3221	0.0	0
1:19:56:10	7	11	22	21.3221	0.0	0
1:19:56:10	7	11	22	21.3221	0.0	0
1:19:56:10	7	11	22	21.3221	0.0	0
1:19:56:10	7	11	22	21.3221	0.0	0
1:19:56:10	7	11	22	21.3221	0.0	0
1:19:56:10	7	11	22	21.3221	0.0	0
1:19:56:10	7	11	22	21.3221	0.0	0
1:19:56:10	7	11	22	21.3221	0.0	0
1:19:56:10	7	11	22	21.3221	0.0	0
1:19:56:10	7	11	22	21.3221	0.0	0
1:19:56:10	7	11	22	21.3221	0.0	0
1:19:56:10	7	11	22	21.3221	0.0	0
1:19:56:10	7	11	22	21.3221	0.0	0
1:19:56:10	7	11	22	21.3221	0.0	0
1:19:56:10	7	11	22	21.3221	0.0	0
1:19:56:10	7	11	22	21.3221	0.0	0
1:19:56:10	7	11	22	21.3221	0.0	0
1:19:56:10	7	11	22	21.3221	0.0	0
1:19:56:10	7	11	22	21.3221	0.0	0
1:19:56:10	7	11	22	21.3221	0.0	0
1:19:56:10	7	11	22	21.3221	0.0	0
1:19:56:10	7	11	22	21.3221	0.0	0
1:19:56:10	7	11	22	21.3221	0.0	0
1:19:56:10	7	11	22	21.3221	0.0	0
1:19:56:10	7	11	22	21.3221	0.0	0
1:19:56:10	7	11	22	21.3221	0.0	0
1:19:56:10	7	11	22	21.3221	0.0	0
1:19:56:10	7	11	22	21.3221	0.0	0
1:19:56:10	7	11	22	21.3221	0.0	0
1:19:56:10	7	11	22	21.3221	0.0	0
1:19:56:10	7	11	22	21.3221	0.0	0
1:19:56:10	7	11	22	21.3221	0.0	0
1:19:56:10	7	11	22	21.3221	0.0	0
1:19:56:10	7	11	22	21.3221	0.0	0
1:19:56:10	7	11	22	21.3221	0.0	0
1:19:56:10	7	11	22	21.3221	0.0	0
1:19:56:10	7	11	22	21.3221	0.0	0
1:19:56:10	7	11	22	21.3221	0.0	0
1:19:56:10	7	11	22	21.3221	0.0	0
1:19:56:10	7	11	22	21.3221	0.0	0
1:19:56:10	7	11	22	21.3221	0.0	0
1:19:56:10	7	11	22	21.3221	0.0	0
1:19:56:10	7	11	22	21.3221	0.0	0
1:19:56:10	7	11	22	21.3221	0.0	0
1:19:56:10	7	11	22	21.3221	0.0	0
1:19:56:10	7	11	22	21.3221	0.0	0
1:19:56:10	7	11	22	21.3221	0.0	0
1:19:56:10	7	11	22	21.3221	0.0	0
1:19:56:10	7	11	22	21.3221	0.0	0
1:19:56:10	7	11	22	21.3221	0.0	0
1:19:56:10	7	11	22	21.3221	0.0	0
1:19:56:10	7	11	22	21.3221	0.0	0
1:19:56:10	7	11	22	21.3221	0.0	0
1:19:56:10	7	11	22	21.3221	0.0	0
1:19:56:10	7	11	22	21.3221	0.0	0
1:19:56:10	7	11	22	21.3221	0.0	0
1:19:56:10	7	11	22	21.3221	0.0	0
1:19:56:10	7	11	22	21.3221	0.0	0
1:19:56:10	7	11	22	21.3221	0.0	0
1:19:56:10	7	11	22	21.3221	0.0	0
1:19:56:10	7	11	22	21.3221	0.0	0
1:19:56:10	7	11	22	21.3221	0.0	0
1:19:56:10	7	11	22	21.3221	0.0	0
1:19:56:10	7	11	22	21.3221	0.0	0
1:19:56:10	7	11	22	21.3221	0.0	0
1:19:56:10	7	11	22	21.3221	0.0	0
1:19:56:10	7	11	22	21.3221	0.0	0
1:19:56:10	7	11	22	21.3221	0.0	0
1:19:56:10	7	11	22	21.3221	0.0	0
1:19:56:10	7	11	22	21.3221	0.0	0
1:19:56:10	7	11	22	21.3221	0.0	0
1:19:56:10	7	11	22	21.3221	0.0	0
1:19:56:10	7	11	22	21.3221	0.0	0
1:19:56:10	7	11	22	21.3221	0.0	0
1:19:56:10	7	11	22	21.3221	0.0	0
1:19:56:10	7	11	22	21.3221	0.0	0
1:19:56:10	7	11	22	21.3221	0.0	0
1:19:56:10	7	11	22	21.3221	0.0	0
1:19:56:10	7	11	22	21.3221	0.0	0
1:19:56:10	7	11	22	21.3221	0.0	0
1:19:56:10	7	11	22	21.3221	0.0	0
1:19:56:10	7	11	22	21.3221	0.0	0
1:19:56:10	7	11	22	21.3221	0.0	0
1:19:56:10	7	11	22	21.3221	0.0	0
1:19:56:10	7	11	22	21.3221	0.0	0
1:19:56:10	7	11	22	21.3221	0.0	0
1:19:56:10	7	11	22	21.3221	0.0	0
1:19:56:10	7	11	22	21.3221	0.0	0
1:19:56:10	7	11	22	21.3221	0.0	0
1:19:56:10	7	11	22	21.3221	0.0	0
1:19:56:10	7	11	22	21.3221	0.0	0
1:19:56:10	7	11	22	21.3221	0.0	0
1:19:56:10	7	11	22	21.3221	0.0	0
1:19:56:10	7	11	22	21.3221	0.0	0
1:19:56:10	7	11	22	21.3221	0.0	0
1:19:56:10	7	11	22	21.3221	0.0	0
1:19:56:10	7	11	22	21.3221	0.0	0
1:19:56:10	7	11	22	21.3221	0.0	0
1:19:56:10	7	11	22	21.3221	0.0	0
1:19:56:10	7	11	22	21.3221	0.0	0
1:19:56:10	7	11	22	21.3221	0.0	0
1:19:56:10	7	11	22	21.3221	0.0	0
1:19:56:10	7	11	22	21.3221	0.0	0
1:19:56:10	7	11	22	21.3221	0.0	0
1:19:56:10	7	11	22	21.3221	0.0	0
1:19:56:10	7	11	22	21.3221	0.0	0
1:19:56:10	7	11	22	21.3221	0.0	0
1:19:56:10	7	11	22	21.3221	0.0	0
1:19:56:10	7	11	22	21.3221	0.0	0
1:19:56:10	7	11	22	21.3221	0.0	0
1:19:56:10	7	11	22	21.3221	0.0	0
1:19:56:10	7	11	22	21.3221	0.0	0
1:19:56:10	7	11	22	21.3221	0.0	0
1:19:56:10	7	11	22	21.3221	0.0	0
1:19:56:10	7	11	22	21.3221	0.0	0
1:19:56:10	7	11	22	21.3221	0.0	0
1:19:56:10	7	11	22	21.3221	0.0	0
1:19:56:10	7	11	22	21.3221	0.0	0
1:19:56:10	7	11	22	21.3221	0.0	0
1:19:56:10	7	11	22	21.3221	0.0	0
1:19:56:10	7	11	22	21.3221	0.0	0
1:19:56:10	7	11	22	21.3221	0.0	0
1:19:56:10	7	11	22	21.3221	0.0	0
1:19:56:10	7	11	22	21.3221	0.0	0
1:19:56:10	7	11	22	21.3221	0.0	0
1:19:56:10	7	11	22	21.3221	0.0	0
1:19:56:10	7	11	22	21.3221	0.0	0
1:19:56:10	7	11	22	21.3221	0.0	0
1:19:56:10	7	11	22	21.3221	0.0	0
1:19:56:10	7	11	22	21.3221	0.0	0
1:19:56:10	7	11	22	21.3221	0.0	0
1:19:56:10	7	11	22	21.3221	0.0	0
1:19:56:10	7	11	22	21.3221	0.0	0
1:19:56:10	7	11	22	21.3221	0.0	0
1:19:56:10	7	11	22	21.3221	0.0	0
1:19:56:10	7	11	22	21.3221	0.0	0
1:19:56:10	7	11	22	21.3221	0.0	0
1:19:56:10	7	11	22	21.3221	0.0	0
1:19:56:10	7	11	22	21.3221	0.0	0
1:19:56:10	7	11	22	21.3221	0.0	0
1:19:56:10	7	11	22	21.3221	0.0	0
1:19:56:10	7	11	22	21.3221	0.0	0
1:19:56:10	7	11	22	21.3221	0.0	0
1:19:56:10	7	11	22	21.3221	0.0	0
1:19:56:10	7	11	22	21.3221	0.0	0
1:19:56:10	7	11	22	21.3221	0.0	0
1:19:56:10	7	11	22	21.3221	0.0	0
1:19:56:10	7	11	22	21.3221	0.0	0
1:19:56:10	7	11	22	21.3221	0.0	0
1:19:56:10	7	11	22	21.3221	0.0	0
1:19:56:10	7	11	22	21.3221	0.0	0
1:19:56:10	7	11	22	21.3221	0.0	0
1:19:56:10	7	11	22	21.3221	0.0	0
1:19:56:10	7	11	22	21.3221	0.0	0
1:19:56:10	7	11	22	21.3221	0.0	0
1:19:56:10	7	11	22	21.3221	0.0	0
1:19:56:10	7	11	22	21.3221	0.0	0
1:19:56:10	7	11	22	21.3221	0.0	0
1:19:56:10	7	11	22	21.3221	0.0	0
1:19:56:10	7	11	22	21.3221	0.0	0
1:19:56:10	7	11	22	21.3221	0.0	0
1:19:56:10	7	11	22	21.3221	0.0	0
1:19:56:10	7	11	22	21.3221	0.0	0
1:19:56:10	7	11	22	21.3221	0.0	0
1:19:56:10	7	11	22	21.3221	0.0	0
1:19:56:10	7	11	22	21.3221	0.0	0
1:19:56:10	7	11	22	21.3221	0.0	0
1:19:56:10	7	11	22	21.3221	0.0	0
1:19:56:10	7	11	22	21.3221	0.0	0
1:19:56:10	7	11	22	21.3221	0.0	0
1:19:56:10	7	11	22	21.3221	0.0	0
1:19:56:10	7	11	22	21.3221	0.0	0
1:19:56:10	7	11	22	21.3221	0.0	0
1:19:56:10	7	11	22	21.3221	0.0	0
1:19:56:10	7	11	22	21.3221	0.0	0
1:19:56:10	7	11	22	21.3221	0.0	0
1:19:56:10	7	11	22	21.3221	0.0	0
1:19:56:10	7	11	22	21.3221	0.0	0
1:19:56:10	7	11	22	21.3221	0.0	0
1:19:56:10	7	11	22	21.3221	0.0	0
1:19:56:10	7	11	22	21.3221	0.0	0
1:19:56:10	7	11	22	21.3221	0.0	0
1:19:56:10	7	11	22	21.3221	0.0	0
1:19:56:10	7	11	22	21.3221	0.0	0
1:19:56:10	7	11	22	21.3221	0.0	0
1:19:56:10	7	11	22	21.3221	0.0	0
1:19:56:10	7	11	22	21.3221	0.0	0
1:19:56:10	7	11	22	21.3221	0.0	0
1:19:56:10	7	11	22	21.3221	0.0	0
1:19:56:10	7	11	22	21.3221	0.0	0
1:19:56:10	7	11	22	21.3221	0.0	0
1:19:56:10	7	11	22	21.3221	0.0	0
1:19:56:10	7	11	22	21.3221	0.0	0
1:19:56:10	7	11	22	21.3221	0.0	0
1:19:56:10	7	11	22	21.3221	0.0	0
1:19:56:10	7	11	22	21.3221	0.0	0
1:19:56:10	7	11	22	21.3221	0.0	0
1:19:56:10	7	11	22	21.3221	0.0	0
1:19:56:10	7	11	22	21.3221	0.0	0
1:19:56:10	7	11	22	21.3221	0.0	0
1:19:56:10	7	11	22	21.3221	0.0	0
1:19:56:10	7	11	22	21.3221	0.0	0
1:19:56:10	7	11	22	21.3221	0.0	0
1:19:56:10	7	11	22	21.3221	0.0	0
1:19:56:10	7	11	22	21.3221	0.0	0
1:19:56:10	7	11	22	21.3221	0.0	0
1:19:56:10	7	11	22	21.3221	0.0	0
1:19:56:10	7	11	22	21.3221	0.0	0
1:19:56:10	7	11	22	21.3221	0.0	0
1:19:56:10	7	11	22	21.3221	0.0	0
1:19:56:10	7	11	22	21.3221	0.0	0
1:19:56:10	7	11	22	21.3221	0.0	0
1:19:56:10	7	11	22	21.3221	0.0	0
1:19:56:10	7	11	22	21.3221	0.0	0
1:19:56:10	7	11	22	21.3221	0.0	0
1:19:56:10	7	11	22	21.3221	0.0	0
1:19:56:10	7	11	22	21.3221	0.0	0
1:19:56:10	7	11	22	21.3221	0.0	0
1:19:56:10	7	11	22	21.3221	0.0	0
1:19:56:10	7	11	22	21.3221	0.0	0
1:19:56:10	7	11	22	21.3221	0.0	0
1:19:56:10	7	11	22	21.3221	0.0	0
1:19:56:10	7	11	22	21.3221	0.0	0
1:19:56:10	7	11	22	21.3221	0.0	0
1:19:56:10	7	11	22	21.3221	0.0	0
1:19:56:10	7	11	22	21.3221	0.0	0
1:19:56:10	7	11	22	21.3221	0.0	0
1:19:56:10	7	11	22	21.3221	0.0	0
1:19:56:10	7	11	22	21.3221	0.0	0
1:19:56:10	7	11	22	21.3221	0.0	0
1:19:56:10	7	11	22	21.3221	0.0	0
1:19:56:10	7	11	22	21.3221	0.0	0
1:19:56:10	7	11	22	21.3221	0.0	0
1:19:56:10	7	11	22	21.3221	0.0	0
1:19:56:10	7	11	22	21.3221	0.0	0
1:19:56:10	7	11	22	21.3221	0.0	0
1:19:56:10	7	11	22	21.3221	0.0	0
1:19:56:10	7	11	22	21.3221	0.0	0
1:19:56:10	7	11	22	21.3221	0.0	0
1:19:56:10	7	11	22	21.3221	0.0	0
1:19:56:10	7	11	22	21.3221	0.0	0
1:19:56:10	7	11	22	21.3221	0.0	0
1:19:56:10	7	11	22	21.3221	0.0	0
1:19:56:10	7	11	22	21.3221	0.0	0
1:19:56:10	7	11	22	21.3221	0.0	0
1:19:56:10	7	11	22	21.3221	0.0	0
1:19:56:10	7	11	22	21.3221	0.0	0
1:19:56:10	7	11	22	21.3221	0.0	0
1:19:56:10	7	11	22	21.3221	0.0	0
1:19:56:10	7	11	22	21.3221	0.0	0
1:19:56:10	7	11	22	21.3221	0.0	0
1:19:56:10	7	11	22	21.3221	0.0	0
1:19:56:10	7	11	22	21.3221	0.0	0
1:19:56:10	7	11	22	21.3221	0.0	0
1:19:56:10	7	11	22	21.3221	0.0	0
1:19:56:10	7	11	22	21.3221	0.0	0
1:19:56:10	7	11	22	21.3221	0.0	0
1:19:56:10	7	11	22	21.3221	0.0	0
1:19:56:10	7	11	22	21.3221	0.0	0
1:19:56:10	7	11	22	21.3221	0.0	0
1:19:56:10	7	11	22	21.3221	0.0	0
1:19:56:10	7	11	22	21.3221	0.0	0
1:19:56:10	7	11	22	21.3221	0.0	0
1:19:56:10	7	11	22	21.3221	0.0	0
1:19:56:10	7	11	22	21.3221	0.0	0
1:19:56:10	7	11	22	21.3221	0.0	0
1:19:56:10	7	11	22	21.3221	0.0	0
1:19:56:10	7	11	22	21.3221	0.0	0
1:19:56:10	7	11	22	21.3221	0.0	0
1:19:56:10	7	11	22	21.3221	0.0	0
1:19:56:10	7	11	22	21.3221	0.0	0
1:19:56:10	7	11	22	21.3221	0.0	0
1:19:56:10	7	11	22	21.3221	0.0	0
1:19:56:10	7	11	22	21.3221	0.0	0
1:19:56:10	7	11	22	21.3221	0.0	0
1:19:56:10	7	11	22	21.3221	0.0	0
1:19:56:10	7	11	22	21.3221	0.0	0
1:19:56:10	7	11	22	21.3221	0.0	0
1:19:56:10	7	11	22	21.3221	0.0	0
1:19:56:10	7	11	22	21.3221	0.0	0
1:19:56:10	7	11	22	21.3221	0.0	0
1:19:56:10	7	11	22	21.3221	0.0	0
1:19:56:10	7	11	22	21.3221	0.0	0
1:19:56:10	7	11	22	21.3221	0.0	0
1:19:56:10	7	11	22	21.3221	0.0	0
1:19:56:10	7	11	22	21.3221	0.0	0
1:19:56:10	7	11	22	21.3221	0.0	0
1:19:56:10	7	11	22	21.3221	0.0	0
1:19:56:10	7	11	22	21.3221	0.0	0
1:19:56:10	7	11	22	21.3221	0.0	0
1:19:56:10	7	11	22	21.3221	0.0	0
1:19:56:10	7	11	22	21.3221	0.0	0
1:19:56:10	7	11	22	21.3221	0.0	0
1:19:56:10	7	11	22	21.3221	0.0	0
1:19:56:10	7	11	22	21.3221	0.0	0
1:19:56:10	7	11	22	21.3221	0.0	0
1:19:56:10	7	11	22	21.3221	0.0	0
1:19:56:10	7	11	22	21.3221	0.0	0
1:19:56:10	7	11	22	21.3221	0.0	0
1:19:56:10	7	11	22	21.3221	0.0	0
1:19:56:10	7	11	22	21.3221	0.0	0
1:19:56:10	7	11	22	21.3221	0.0	0
1:19:56:10	7	11	22	21.3221	0.0	0
1:19:56:10	7	11	22	21.3221	0.0	0
1:19:56:10	7	11	22	21.3221	0.0	0
1:19:56:10	7	11	22	21.3221	0.0	0
1:19:56:10	7	11	22	21.3221	0.0	0
1:19:56:10	7	11	22	21.3221	0.0	0
1:19:56:10	7	11	22	21.3221	0.0	0
1:19:56:10	7	11	22	21.3221	0.0	0
1:19:56:10	7	11	22	21.3221	0.0	0
1:19:56:10	7	11	22	21.3221	0.0	0
1:19:56:10	7	11	22	21.3221	0.0	0
1:19:56:10	7	11	22	21.3221	0.0	0
1:19:56:10	7	11	22	21.3221	0.0	0
1:19:56:10	7	11	22	21.3221	0.0	0
1:19:56:10	7	11	22	21.3221	0.0	0
1:19:56:10	7	11	22	21.3221	0.0	0
1:19:56:10	7	11	22	21.3221	0.0	0
1:19:56:10	7	11	22	21.3221	0.0	0
1:19:56:10	7	11	22	21.3221	0.0	0
1:19:56:10	7	11	22	21.3221	0.0	0
1:19:56:10	7	11	22	21.3221	0.0	0
1:19:56:10	7	11	22	21.3221	0.0	0
1:19:56:10	7	11	22	21.3221	0.0	0
1:19:56:10	7	11	22	21.3221	0.0	0
1:19:56:10	7	11	22	21.3221	0.0	0
1:19:56:10	7	11	22	21.3221	0.0	0
1:19:56:10	7	11	22	21.3221	0.0	0
1:19:56:10	7	11	22	21.3221	0.0	0
1:19:56:10	7	11	22	21.3221	0.0	0
1:19:56:10	7	11	22	21.3221	0.0	0
1:19:56:10	7	11	22	21.3221	0.0	0
1:19:56:10	7	11	22	21.3221	0.0	0
1:19:56:10	7	11	22	21.3221	0.0	0
1:19:56:10	7	11	22	21.3221	0.0	0
1:19:56:10	7	11	22	21.3221	0.0	0
1:19:56:10	7	11	22	21.3221	0.0	0
1:19:56:10	7	11	22	21.3221	0.0	0
1:19:56:10	7	11	22	21.3221	0.0	0
1:19:56:10	7	11	22	21.3221	0.0	0
1:19:56:10	7	11	22	21.3221	0.0	0
1:19:56:10	7	11	22	21.3221	0.0	0
1:19:56:10	7	11	22	21.3221	0.0	0
1:19:56:10	7	11	22	21.3221	0.0	0
1:19:56:10	7	11	22	21.3221	0.0	0
1:19:56:10	7	11	22	21.3221	0.0	0
1:19:56:10	7	11	22	21.3221	0.0	0
1:19:56:10	7	11	22	21.3221	0.0	0
1:19:56:10	7	11	22	21.3221	0.0	0
1:19:56:10	7	11	22	21.3221	0.0	0
1:19:56:10	7	11	22	21.3221	0.0	0
1:19:56:10	7	11	22	21.3221	0.0	0
1:19:56:10	7	11	22	21.3221	0.0	0
1:19:56:10	7	11	22	21.3221	0.0	0
1:19:56:10	7	11	22	21.3221	0.0	0
1:19:56:10	7	11	22	21.3221	0.0	0
1:19:56:10	7	11	22	21.3221	0.0	0
1:19:56:10	7	11	22	21.3221	0.0	0
1:19:56:10	7	11	22	21.3221	0.0	0
1:19:56:10	7	11	22	21.3221	0.0	0
1:19:56:10	7	11	22	21.3221	0.0	0
1:19:56:10	7	11	22	21.3221	0.0	0
1:19:56:10	7	11	22	21.3221	0.0	0
1:19:56:10	7	11	22	21.3221	0.0	0
1:19:56:10	7	11	22	21.3221	0.0	0
1:19:56:10	7	11	22	21.3221	0.0	0
1:19:56:10	7	11	22	21.3221	0.0	0
1:19:56:10	7	11	22	21.3221	0.0	0
1:19:56:10	7	11	22	21.3221	0.0	0
1:19:56:10	7	11	22	21.3221	0.0	0
1:19:56:10	7	11	22	21.3221	0.0	0
1:19:56:10	7	11	22	21.3221	0.0	0
1:19:56:10	7	11	22	21.3221	0.0	0
1:19:56:10	7	11	22	21.3221	0.0	0
1:19:56:10	7	11	22	21.3221	0.0	0
1:19:56:10	7	11	22	21.3221	0.0	0
1:19:56:10	7	11	22	21.3221	0.0	0
1:19:56:10	7	11	22	21.3221	0.0	0
1:19:56:10	7	11	22	21.3221	0.0	0
1:19:56:10	7	11	22	21.3221	0.0	0
1:19:56:10	7	11	22	21.3221	0.0	0
1:19:56:10	7	11	22	21.3221	0.0	0
1:19:56:10	7	11	22	21.3221	0.0	0
1:19:56:10	7	11	22	21.3221	0.0	0
1:19:56:10	7	11	22	21.3221	0.0	0
1:19:56:10	7	11	22	21.3221	0.0	0
1:19:56:10	7	11	22	21.3221	0.0	0
1:19:56:10	7	11	22	21.3221	0.0	0
1:19:56:10	7	11	22	21.3221	0.0	0
1:19:56:10	7	11	22	21.3221	0.0	0
1:19:56:10	7	11	22	21.3221	0.0	0
1:19:56:10	7	11	22	21.3221	0.0	0
1:19:56:10	7	11	22	21.3221	0.0	0
1:19:56:10	7	11	22	21.3221	0.0	0
1:19:56:10	7	11	22	21.3221	0.0	0
1:19:56:10	7	11	22	21.3221	0.0	0
1:19:56:10	7	11	22	21.3221	0.0	0
1:19:56:10	7	11	22	21.3221	0.0	0
1:19:56:10	7	11	22	21.3221	0.0	0
1:19:56:10	7	11	22	21.3221	0.0	0
1:19:56:10	7	11	22	21.3221	0.0	0
1:19:56:10	7	11	22	21.3221	0.0	0
1:19:56:10	7	11	22	21.3221	0.0	0
1:19:56:10	7	11	22	21.3221	0.0	0
1:19:56:10	7	11	22	21.3221	0.0	0
1:19:56:10	7	11	22	21.3221	0.0	0
1:19:56:10	7	11	22	21.3221	0.0	0
1:19:56:10	7	11	22	21.3221	0.0	0
1:19:56:10	7	11	22	21.3221	0.0	0
1:19:56:10	7	11	22	21.3221	0.0	0
1:19:56:10	7	11	22	21.3221	0.0	0
1:19:56:10	7	11	22	21.3221	0.0	0
1:19:56:10	7	11	22	21.3221	0.0	0
1:19:56:10	7	11	22	21.3221	0.0	0
1:19:56:10	7	11	22	21.3221	0.0	0
1:19:56:10	7	11	22	21.3221	0.0	0
1:19:56:10	7	11	22	21.3221	0.0	0
1:19:56:10	7	11	22	21.3221	0.0	0
1:19:56:10	7	11	22	21.3221	0.0	0
1:19:56:10	7	11	22	21.3221	0.0	0
1:19:56:10	7	11	22	21.3221	0.0	0
1:19:56:10	7	11	22	21.3221	0.0	0
1:19:56:10	7	11	22	21.3221	0.0	0
1:19:56:10	7	11	22	21.3221	0.0	0
1:19:56:10	7	11	22	21.3221	0.0	0
1:19:56:10	7	11	22	21.3221	0.0	0
1:19:56:10	7	11	22	21.3221	0.0	0
1:19:56:10	7	11	22	21.3221	0.0	0
1:19:56:10	7	11	22	21.3221	0.0	0
1:19:56:10	7	11	22	21.3221	0.0	0
1:19:56:10	7	11	22	21.3221	0.0	0
1:19:56:10	7	11	22	21.3221	0.0	0
1:19:56:10	7	11	22	21.3221	0.0	0
1:19:56:10	7	11	22	21.3221	0.0	0
1:19:56:10	7	11	22	21.3221	0.0	0
1:19:56:10	7	11	22	21.3221	0.0	0
1:19:56:10	7	11	22	21.3221	0.0	0
1:19:56:10	7	11	22	21.3221	0.0	0
1:19:56:10	7	11	22	21.3221	0.0	0
1:19:56:10	7	11	22	21.3221	0.0	0
1:19:56:10	7	11	22	21.3221	0.0	0
1:19:56:10	7	11	22	21.3221	0.0	0
1:19:56:10	7	11	22	21.3221	0.0	0
1:19:56:10	7	11	22	21.3221	0.0	0
1:19:56:10	7	11	22	21.3221	0.0	0
1:19:56:10	7	11	22	21.3221	0.0	0
1:19:56:10	7	11	22	21.3221	0.0	0
1:19:56:10	7	11	22	21.3221	0.0	0
1:19:56:10	7	11	22	21.3221	0.0	0
1:19:56:10	7	11	22	21.3221	0.0	0
1:19:56:10	7	11	22	21.3221	0.0	0
1:19:56:10	7	11	22	21.3221	0.0	0
1:19:56:10	7	11	22	21.3221	0.0	0
1:19:56:10	7	11	22	21.3221	0.0	0
1:19:56:10	7	11	22	21.3221	0.0	0
1:19:56:10	7	11	22	21.3221	0.0	0
1:19:56:10	7	11	22	21.3221	0.0	0
1:19:56:10	7	11	22	21.3221	0.0	0
1:19:56:10	7	11	22	21.3221	0.0	0
1:19:56:10	7	11	22	21.3221	0.0	0
1:19:56:10	7	11	22	21.3221	0.0	0
1:19:56:10	7	11	22	21.3221	0.0	0
1:19:56:10	7	11	22	21.3221	0.0	0
1:19:56:10	7	11	22	21.3221	0.0	0
1:19:56:10	7	11	22	21.3221	0.0	0
1:19:56:10	7	11	22	21.3221	0.0	0
1:19:56:10	7	11	22	21.3221	0.0	0
1:19:56:10	7	11	22	21.3221	0.0	0
1:19:56:10	7	11	22	21.3221	0.0	0
1:19:56:10	7	11	22	21.3221	0.0	0
1:19:56:10	7	11	22	21.3221	0.0	0
1:19:56:10	7	11	22	21.3221	0.0	0
1:19:56:10	7	11	22	21.3221	0.0	0
1:19:56:10	7	11	22	21.3221	0.0	0
1:19:56:10	7	11	22	21.3221	0.0	0
1:19:56:10	7	11	22	21.3221	0.0	0
1:19:56:10	7	11	22	21.3221	0.0	0
1:19:56:10	7	11	22	21.3221	0.0	0
1:19:56:10	7	11	22	21.3221	0.0	0
1:19:56:10	7	11	22	21.3221	0.0	0
1:19:56:10	7	11	22	21.3221	0.0	0
1:19:56:10	7	11	22	21.3221	0.0	0
1:19:56:10	7	11	22	21.3221	0.0	0
1:19:56:10	7	11	22	21.3221	0.0	0
1:19:56:10	7	11	22	21.3221	0.0	0
1:19:56:10	7	11	22	21.3221	0.0	0
1:19:56:10	7	11	22	21.3221	0.0	0
1:19:56:10	7	11	22	21.3221	0.0	0
1:19:56:10	7	11	22	21.3221	0.0	0
1:19:56:10	7	11	22	21.3221	0.0	0
1:19:56:10	7	11	22	21.3221	0.0	0
1:19:56:10	7	11	22	21.3221	0.0	0
1:19:56:10	7	11	22	21.3221	0.0	0
1:19:56:10	7	11	22	21.3221	0.0	0
1:19:56:10	7	11	22	21.3221	0.0	0
1:19:56:10	7	11	22	21.3221	0.0	0
1:19:56:10	7	11	22	21.3221	0.0	0
1:19:56:10	7	11	22	21.3221	0.0	0
1:19:56:10	7	11	22	21.3221	0.0	0
1:19:56:10	7	11	22	21.3221	0.0	0
1:19:56:10	7	11	22	21.3221	0.0	0
1:19:56:10	7	11	22	21.3221	0.0	0
1:19:56:10	7	11	22	21.3221	0.0	0
1:19:56:10	7	11	22	21.3221	0.0	0
1:19:56:10	7	11	22	21.3221	0.0	0
1:19:56:10	7	11	22	21.3221	0.0	0
1:19:56:10	7	11	22	21.3221	0.0	0
1:19:56:10	7	11	22	21.3221	0.0	0
1:19:56:10	7	11	22	21.3221	0.0	0
1:19:56:10	7	11	22	21.3221	0.0	0
1:19:56:10	7	11	22	21.3221	0.0	0
1:19:56:10	7	11	22	21.3221	0.0	0
1:19:56:10	7	11	22	21.3221	0.0	0
1:19:56:10	7	11	22	21.3221	0.0	0
1:19:56:10	7	11	22	21.3221	0.0	0
1:19:56:10	7	11	22	21.3221	0.0	0
1:19:56:10	7	11	22	21.3221	0.0	0
1:19:56:10	7	11	22	21.3221	0.0	0
1:19:56:10	7	11	22	21.3221	0.0	0
1:19:56:10	7	11	22	21.3221	0.0	0
1:19:56:10	7	11	22	21.3221	0.0	0
1:19:56:10	7	11	22	21.3221	0.0	0
1:19:56:10	7	11	22	21.3221	0.0	0
