1585454361.8538225	2020-03-29 11:59:21	5	6	22.0	20.1925	99.5172
1585454395.1119604	2020-03-29 11:59:55	5	6	22.0	20.0855	73.1332
1585454429.4110353	2020-03-29 12:00:29	5	6	22.0	20.0855	70.5747
1585454463.7864394	2020-03-29 12:01:03	5	6	22.0	20.0855	70.4969
1585454497.6010854	2020-03-29 12:01:37	5	6	22.0	20.1042	70.4969
1585454530.3787608	2020-03-29 12:02:10	5	6	22.0	20.1042	70.4969
1585454567.8573439	2020-03-29 12:02:47	5	6	22.0	20.1042	70.4969
1585454603.4923558	2020-03-29 12:03:23	5	6	22.0	20.1042	70.4969
1585454638.0013347	2020-03-29 12:03:58	5	6	22.0	20.1042	70.4969
1585454671.8282206	2020-03-29 12:04:31	5	6	22.0	20.1042	70.4969
1585454706.3084352	2020-03-29 12:05:06	5	6	22.0	20.1042	70.4969
1585454739.2102351	2020-03-29 12:05:39	5	6	22.0	20.1042	70.4969
1585454770.8999295	2020-03-29 12:06:10	5	6	22.0	20.1042	70.4969
1585454807.6661923	2020-03-29 12:06:47	5	6	22.0	20.1042	70.4969
1585454841.8849487	2020-03-29 12:07:21	5	6	22.0	20.1042	70.4969
1585454875.3714654	2020-03-29 12:07:55	5	6	22.0	20.1042	70.4969
1585454909.0607288	2020-03-29 12:08:29	5	6	22.0	20.1042	70.4969
1585454942.0315125	2020-03-29 12:09:02	5	6	22.0	20.1042	70.4969
1585454975.7348802	2020-03-29 12:09:35	5	6	22.0	20.1042	70.4969
1585455018.6271439	2020-03-29 12:10:18	5	6	22.0	20.2171	70.4969
1585455052.8296714	2020-03-29 12:10:52	5	6	22.0	20.2171	70.4969
1585455087.0310354	2020-03-29 12:11:27	5	6	22.0	20.2171	70.4969
1585455126.8679471	2020-03-29 12:12:06	5	6	22.0	20.2171	70.4969
1585455160.8655598	2020-03-29 12:12:40	5	6	22.0	20.2171	70.4969
1585455195.8845453	2020-03-29 12:13:15	5	6	22.0	20.2171	70.4969
1585455230.0881407	2020-03-29 12:13:50	5	6	22.0	20.2171	70.4969
1585455264.1844413	2020-03-29 12:14:24	5	6	22.0	20.2171	70.4969
1585455297.8742456	2020-03-29 12:14:57	5	6	22.0	20.2171	70.4969
1585455331.6911004	2020-03-29 12:15:31	5	6	22.0	20.2171	70.4969
1585455365.4603899	2020-03-29 12:16:05	5	6	22.0	20.3096	70.4969
1585455399.7140341	2020-03-29 12:16:39	5	6	22.0	20.3096	70.4969
1585455433.7594430	2020-03-29 12:17:13	5	6	22.0	20.3096	70.4969
1585455467.6541250	2020-03-29 12:17:47	5	6	22.0	20.3096	70.4969
1585455501.8132341	2020-03-29 12:18:21	5	6	22.0	20.3096	70.4969
1585455535.6500270	2020-03-29 12:18:55	5	6	22.0	20.3096	70.4969
1585455569.9520314	2020-03-29 12:19:29	5	6	22.0	20.3096	70.4969
1585455604.2575963	2020-03-29 12:20:04	5	6	22.0	20.3096	70.4969
1585455637.7448707	2020-03-29 12:20:37	5	6	22.0	20.3096	70.4969
1585455672.6613092	2020-03-29 12:21:12	5	6	22.0	20.3096	70.4969
1585455707.9034615	2020-03-29 12:21:47	5	6	22.0	20.4012	70.4969
1585455742.0878272	2020-03-29 12:22:22	5	6	22.0	20.4012	70.4969
1585455776.4936604	2020-03-29 12:22:56	5	6	22.0	20.4012	70.4969
1585455810.4904914	2020-03-29 12:23:30	5	6	22.0	20.4012	70.4969
1585455845.9238167	2020-03-29 12:24:05	5	6	22.0	20.4012	70.4969
1585455880.1282356	2020-03-29 12:24:40	5	6	22.0	20.4012	70.4969
1585455921.1283495	2020-03-29 12:25:21	5	6	22.0	20.4012	70.4969
1585455956.7207787	2020-03-29 12:25:56	5	6	22.0	20.4012	70.4969
1585455990.1053317	2020-03-29 12:26:30	5	6	22.0	20.4012	70.4969
1585456024.3049722	2020-03-29 12:27:04	5	6	22.0	20.4012	70.4969
1585456059.1628873	2020-03-29 12:27:39	5	6	22.0	20.4012	70.4969
1585456105.6132188	2020-03-29 12:28:25	5	6	22.0	20.4012	70.4969
1585456148.4134305	2020-03-29 12:29:08	5	6	22.0	20.4012	70.4969
1585456198.2890651	2020-03-29 12:29:58	5	6	22.0	20.4012	70.4969
1585456243.9552863	2020-03-29 12:30:43	5	6	22.0	20.4012	70.4969
1585456278.9759378	2020-03-29 12:31:18	5	6	22.0	20.4012	70.4969
1585456312.3584907	2020-03-29 12:31:52	5	6	22.0	20.5163	70.4969
1585456346.1404748	2020-03-29 12:32:26	5	6	22.0	20.5163	70.4969
1585456379.5308933	2020-03-29 12:32:59	5	6	22.0	20.5163	70.4969
1585456413.6316473	2020-03-29 12:33:33	5	6	22.0	20.5163	70.4969
1585456448.0387683	2020-03-29 12:34:08	5	6	22.0	20.5163	70.4969
1585456482.1403050	2020-03-29 12:34:42	5	6	22.0	20.5163	70.4969
1585456516.0676439	2020-03-29 12:35:16	5	6	22.0	20.5163	70.4969
1585456549.9280443	2020-03-29 12:35:49	5	6	22.0	20.5163	70.4969
1585456583.5377378	2020-03-29 12:36:23	5	6	22.0	20.5163	70.4969
1585456621.7115891	2020-03-29 12:37:01	5	6	22.0	20.5163	70.4969
1585456654.4371288	2020-03-29 12:37:34	5	6	22.0	20.5163	70.4969
1585456687.5547221	2020-03-29 12:38:07	5	6	22.0	20.5163	70.4969
1585456724.7235789	2020-03-29 12:38:44	5	6	22.0	20.5163	70.4969
1585456758.7210703	2020-03-29 12:39:18	5	6	22.0	20.5163	70.4969
1585456792.9412012	2020-03-29 12:39:52	5	6	22.0	20.5163	70.4969
1585456826.3052237	2020-03-29 12:40:26	5	6	22.0	20.5163	70.4969
1585456859.2673109	2020-03-29 12:40:59	5	6	22.0	20.5163	70.4969
1585456892.2493567	2020-03-29 12:41:32	5	6	22.0	20.5163	70.4969
1585456925.7381289	2020-03-29 12:42:05	5	6	22.0	20.6	70.4969
1585456960.0419533	2020-03-29 12:42:40	5	6	22.0	20.6	70.4969
1585456994.0380569	2020-03-29 12:43:14	5	6	22.0	20.6	70.4969
1585457028.2735093	2020-03-29 12:43:48	5	6	22.0	20.6	70.4969
1585457062.2376010	2020-03-29 12:44:22	5	6	22.0	20.6	70.4969
1585457096.7521999	2020-03-29 12:44:56	5	6	22.0	20.6	70.4969
1585457131.5626676	2020-03-29 12:45:31	5	6	22.0	20.6	70.4969
1585457167.2142456	2020-03-29 12:46:07	5	6	22.0	20.6	70.4969
1585457200.2728155	2020-03-29 12:46:40	5	6	22.0	20.6	70.4969
1585457234.3749740	2020-03-29 12:47:14	5	6	22.0	20.6	70.4969
1585457270.7257698	2020-03-29 12:47:50	5	6	22.0	20.6	70.4969
1585457304.4208829	2020-03-29 12:48:24	5	6	22.0	20.6	70.4969
1585457338.8224699	2020-03-29 12:48:58	5	6	22.0	20.6	70.4969
1585457372.4142115	2020-03-29 12:49:32	5	6	22.0	20.6	70.4969
1585457406.5079286	2020-03-29 12:50:06	5	6	22.0	20.6	70.4969
1585457445.3541250	2020-03-29 12:50:45	5	6	22.0	20.6	70.4969
1585457479.9298158	2020-03-29 12:51:19	5	6	22.0	20.6	70.4969
1585457514.1316791	2020-03-29 12:51:54	5	6	22.0	20.6	70.4969
1585457548.7447605	2020-03-29 12:52:28	5	6	22.0	20.6	70.4969
1585457582.6381550	2020-03-29 12:53:02	5	6	22.0	20.6	70.4969
1585457616.0206621	2020-03-29 12:53:36	5	6	22.0	20.6	70.4969
1585457654.7292099	2020-03-29 12:54:14	5	6	22.0	20.6	70.4969
1585457691.3882082	2020-03-29 12:54:51	5	6	22.0	20.6	70.4969
1585457726.3060131	2020-03-29 12:55:26	5	6	22.0	20.6	70.4969
1585457763.6846578	2020-03-29 12:56:03	5	6	22.0	20.6	70.4969
1585457796.7238002	2020-03-29 12:56:36	5	6	22.0	20.6	70.4969
1585457828.6430955	2020-03-29 12:57:08	5	6	22.0	20.6	70.4969
1585457862.7405229	2020-03-29 12:57:42	5	6	22.0	20.7016	70.4969
1585457895.9514253	2020-03-29 12:58:15	5	6	22.0	20.7016	70.4969
1585457932.2194524	2020-03-29 12:58:52	5	6	22.0	20.7016	70.4969
1585457965.7201595	2020-03-29 12:59:25	5	6	22.0	20.7016	70.4969
1585458000.6378665	2020-03-29 13:00:00	5	6	22.0	20.7016	70.4969
1585458037.6095629	2020-03-29 13:00:37	5	6	22.0	20.7016	70.4969
1585458070.5988371	2020-03-29 13:01:10	5	6	22.0	20.7016	70.4969
1585458101.9542191	2020-03-29 13:01:41	5	6	22.0	20.7016	70.4969
1585458133.7186103	2020-03-29 13:02:13	5	6	22.0	20.7016	70.4969
1585458165.4817417	2020-03-29 13:02:45	5	6	22.0	20.7016	70.4969
1585458198.6816883	2020-03-29 13:03:18	5	6	22.0	20.7016	70.4969
1585458235.6471603	2020-03-29 13:03:55	5	6	22.0	20.7016	70.4969
1585458278.4014237	2020-03-29 13:04:38	5	6	22.0	20.7016	70.4969
1585458312.0662246	2020-03-29 13:05:12	5	6	22.0	20.7016	70.4969
1585458347.2647347	2020-03-29 13:05:47	5	6	22.0	20.7016	70.4969
1585458384.2774439	2020-03-29 13:06:24	5	6	22.0	20.7016	70.4969
1585458418.7405174	2020-03-29 13:06:58	5	6	22.0	20.7016	70.4969
1585458455.0958927	2020-03-29 13:07:35	5	6	22.0	20.7016	70.4969
1585458489.1983051	2020-03-29 13:08:09	5	6	22.0	20.7016	70.4969
1585458522.9528108	2020-03-29 13:08:42	5	6	22.0	20.7016	70.4969
1585458557.4952500	2020-03-29 13:09:17	5	6	22.0	20.7016	70.4969
1585458592.1072452	2020-03-29 13:09:52	5	6	22.0	20.7016	70.4969
1585458628.1741922	2020-03-29 13:10:28	5	6	22.0	20.7016	70.4969
1585458666.6529422	2020-03-29 13:11:06	5	6	22.0	20.7016	70.4969
1585458700.3899541	2020-03-29 13:11:40	5	6	22.0	20.7016	70.4969
1585458731.6698363	2020-03-29 13:12:11	5	6	22.0	20.7016	70.4969
1585458763.1001682	2020-03-29 13:12:43	5	6	22.0	20.7016	70.4969
1585458794.3927360	2020-03-29 13:13:14	5	6	22.0	20.7016	70.4969
1585458827.3202341	2020-03-29 13:13:47	5	6	22.0	20.8145	70.4969
1585458861.9310107	2020-03-29 13:14:21	5	6	22.0	20.8145	70.4969
1585458897.8235576	2020-03-29 13:14:57	5	6	22.0	20.8145	70.4969
1585458930.8545482	2020-03-29 13:15:30	5	6	22.0	20.8145	70.4969
1585458967.8144009	2020-03-29 13:16:07	5	6	22.0	20.8145	70.4969
1585459001.8099589	2020-03-29 13:16:41	5	6	22.0	20.8145	70.4969
1585459035.8321943	2020-03-29 13:17:15	5	6	22.0	20.8145	70.4969
1585459070.4193344	2020-03-29 13:17:50	5	6	22.0	20.8145	70.4969
1585459102.9180019	2020-03-29 13:18:22	5	6	22.0	20.8145	70.4969
1585459136.2197914	2020-03-29 13:18:56	5	6	22.0	20.8145	70.4969
1585459169.6608369	2020-03-29 13:19:29	5	6	22.0	20.8145	70.4969
1585459203.6414230	2020-03-29 13:20:03	5	6	22.0	20.8145	70.4969
1585459237.8440118	2020-03-29 13:20:37	5	6	22.0	20.8145	70.4969
1585459272.2523098	2020-03-29 13:21:12	5	6	22.0	20.8145	70.4969
1585459307.7836883	2020-03-29 13:21:47	5	6	22.0	20.8145	70.4969
1585459341.8314154	2020-03-29 13:22:21	5	6	22.0	20.8145	70.4969
1585459375.8798707	2020-03-29 13:22:55	5	6	22.0	20.8145	70.4969
1585459410.2866178	2020-03-29 13:23:30	5	6	22.0	20.8145	70.4969
1585459444.2841933	2020-03-29 13:24:04	5	6	22.0	20.8145	70.4969
1585459476.8193948	2020-03-29 13:24:36	5	6	22.0	20.8145	70.4969
1585459509.7481272	2020-03-29 13:25:09	5	6	22.0	20.8145	70.4969
1585459550.9011736	2020-03-29 13:25:50	5	6	22.0	20.8145	70.4969
1585459587.1153414	2020-03-29 13:26:27	5	6	22.0	20.8145	70.4969
1585459629.7581041	2020-03-29 13:27:09	5	6	22.0	20.8145	70.4969
1585459671.3098526	2020-03-29 13:27:51	5	6	22.0	20.909	70.4969
1585459705.4060514	2020-03-29 13:28:25	5	6	22.0	20.909	70.4969
1585459739.0989928	2020-03-29 13:28:59	5	6	22.0	20.909	70.4969
1585459773.2089322	2020-03-29 13:29:33	5	6	22.0	20.909	70.4969
1585459813.7926047	2020-03-29 13:30:13	5	6	22.0	20.909	70.4969
1585459864.2321613	2020-03-29 13:31:04	5	6	22.0	20.909	70.4969
1585459910.1053538	2020-03-29 13:31:50	5	6	22.0	20.909	70.4969
1585459948.3007827	2020-03-29 13:32:28	5	6	22.0	20.909	70.4969
1585459983.5914679	2020-03-29 13:33:03	5	6	22.0	20.909	70.4969
1585460017.1150081	2020-03-29 13:33:37	5	6	22.0	20.909	70.4969
1585460051.4226980	2020-03-29 13:34:11	5	6	22.0	20.909	70.4969
1585460085.5160739	2020-03-29 13:34:45	5	6	22.0	20.909	70.4969
1585460118.5184855	2020-03-29 13:35:18	5	6	22.0	20.909	70.4969
1585460151.7726965	2020-03-29 13:35:51	5	6	22.0	20.909	70.4969
1585460186.2382658	2020-03-29 13:36:26	5	6	22.0	20.909	70.4969
1585460218.6094313	2020-03-29 13:36:58	5	6	22.0	20.909	70.4969
1585460251.2029083	2020-03-29 13:37:31	5	6	22.0	20.909	70.4969
1585460284.4824047	2020-03-29 13:38:04	5	6	22.0	20.909	70.4969
1585460327.2917800	2020-03-29 13:38:47	5	6	22.0	20.909	70.4969
1585460362.7532859	2020-03-29 13:39:22	5	6	22.0	20.909	70.4969
1585460394.2337120	2020-03-29 13:39:54	5	6	22.0	20.909	70.4969
1585460425.7088335	2020-03-29 13:40:25	5	6	22.0	20.909	70.4969
1585460457.9479029	2020-03-29 13:40:57	5	6	22.0	20.909	70.4969
1585460489.6290705	2020-03-29 13:41:29	5	6	22.0	20.909	70.4969
1585460521.0298705	2020-03-29 13:42:01	5	6	22.0	20.909	70.4969
1585460554.5606594	2020-03-29 13:42:34	5	6	22.0	20.909	70.4969
1585460586.6856837	2020-03-29 13:43:06	5	6	22.0	20.909	70.4969
1585460618.0038459	2020-03-29 13:43:38	5	6	22.0	20.909	70.4969
1585460649.6957247	2020-03-29 13:44:09	5	6	22.0	20.909	70.4969
1585460681.4053247	2020-03-29 13:44:41	5	6	22.0	20.909	70.4969
1585460712.8319554	2020-03-29 13:45:12	5	6	22.0	20.909	70.4969
1585460744.7098136	2020-03-29 13:45:44	5	6	22.0	21.0056	70.4969
1585460776.6549864	2020-03-29 13:46:16	5	6	22.0	21.0056	70.4969
1585460807.9880910	2020-03-29 13:46:47	5	6	22.0	21.0056	70.4969
1585460839.2494895	2020-03-29 13:47:19	5	6	22.0	21.0056	70.4969
1585460871.1591787	2020-03-29 13:47:51	5	6	22.0	21.0056	70.4969
1585460902.5240264	2020-03-29 13:48:22	5	6	22.0	21.0056	70.4969
1585460933.9593918	2020-03-29 13:48:53	5	6	22.0	21.0056	70.4969
1585460966.0607867	2020-03-29 13:49:26	5	6	22.0	21.0056	70.4969
1585460997.8255224	2020-03-29 13:49:57	5	6	22.0	21.0056	70.4969
1585461029.1965895	2020-03-29 13:50:29	5	6	22.0	21.0056	70.4969
1585461061.2522345	2020-03-29 13:51:01	5	6	22.0	21.0056	70.4969
1585461092.6736276	2020-03-29 13:51:32	5	6	22.0	21.0056	70.4969
1585461124.5423601	2020-03-29 13:52:04	5	6	22.0	21.0056	70.4969
1585461155.9365325	2020-03-29 13:52:35	5	6	22.0	21.0056	70.4969
1585461187.7274275	2020-03-29 13:53:07	5	6	22.0	21.0056	70.4969
1585461220.2048151	2020-03-29 13:53:40	5	6	22.0	21.0056	70.4969
1585461254.4987602	2020-03-29 13:54:14	5	6	22.0	21.0056	70.4969
1585461289.2575064	2020-03-29 13:54:49	5	6	22.0	21.0056	70.4969
1585461321.3286161	2020-03-29 13:55:21	5	6	22.0	21.0056	70.4969
1585461352.6275003	2020-03-29 13:55:52	5	6	22.0	21.0056	70.4969
1585461383.9027846	2020-03-29 13:56:23	5	6	22.0	21.0056	70.4969
1585461415.3354051	2020-03-29 13:56:55	5	6	22.0	21.0056	70.4969
1585461446.5893626	2020-03-29 13:57:26	5	6	22.0	21.0056	70.4969
1585461478.2497938	2020-03-29 13:57:58	5	6	22.0	21.0056	70.4969
1585461509.7996838	2020-03-29 13:58:29	5	6	22.0	21.0056	70.4969
1585461551.2620859	2020-03-29 13:59:11	5	6	22.0	21.0056	70.4969
1585461589.4818478	2020-03-29 13:59:49	5	6	22.0	21.1015	70.4969
1585461623.9428456	2020-03-29 14:00:23	5	6	22.0	21.1015	70.4969
1585461655.8648551	2020-03-29 14:00:55	5	6	22.0	21.1015	70.4969
1585461687.5580487	2020-03-29 14:01:27	5	6	22.0	21.1015	70.4969
1585461719.4128184	2020-03-29 14:01:59	5	6	22.0	21.1015	70.4969
1585461751.3052230	2020-03-29 14:02:31	5	6	22.0	21.1015	70.4969
1585461783.0664883	2020-03-29 14:03:03	5	6	22.0	21.1015	70.4969
1585461815.0842590	2020-03-29 14:03:35	5	6	22.0	21.1015	70.4969
1585461846.3737142	2020-03-29 14:04:06	5	6	22.0	21.1015	70.4969
1585461877.5601428	2020-03-29 14:04:37	5	6	22.0	21.1015	70.4969
1585461908.8922877	2020-03-29 14:05:08	5	6	22.0	21.1015	70.4969
1585461940.1607006	2020-03-29 14:05:40	5	6	22.0	21.1015	70.4969
1585461971.8420787	2020-03-29 14:06:11	5	6	22.0	21.1015	70.4969
1585462005.3250763	2020-03-29 14:06:45	5	6	22.0	21.1015	70.4969
1585462039.1869898	2020-03-29 14:07:19	5	6	22.0	21.1015	70.4969
1585462073.1174581	2020-03-29 14:07:53	5	6	22.0	21.1015	70.4969
1585462105.5892496	2020-03-29 14:08:25	5	6	22.0	21.1015	70.4969
1585462136.7850311	2020-03-29 14:08:56	5	6	22.0	21.1015	70.4969
1585462169.1587682	2020-03-29 14:09:29	5	6	22.0	21.1015	70.4969
1585462200.4202890	2020-03-29 14:10:00	5	6	22.0	21.1015	70.4969
1585462232.5546193	2020-03-29 14:10:32	5	6	22.0	21.1015	70.4969
1585462264.8566289	2020-03-29 14:11:04	5	6	22.0	21.1015	70.4969
1585462296.3097169	2020-03-29 14:11:36	5	6	22.0	21.1015	70.4969
1585462327.7181351	2020-03-29 14:12:07	5	6	22.0	21.1015	70.4969
1585462359.4649508	2020-03-29 14:12:39	5	6	22.0	21.1015	70.4969
1585462391.3609140	2020-03-29 14:13:11	5	6	22.0	21.1015	70.4969
1585462422.6979966	2020-03-29 14:13:42	5	6	22.0	21.2048	70.4969
1585462453.9624338	2020-03-29 14:14:13	5	6	22.0	21.2048	70.4969
1585462485.1522326	2020-03-29 14:14:45	5	6	22.0	21.2048	70.4969
1585462516.9549191	2020-03-29 14:15:16	5	6	22.0	21.2048	70.4969
1585462549.2699461	2020-03-29 14:15:49	5	6	22.0	21.2048	70.4969
1585462581.1492236	2020-03-29 14:16:21	5	6	22.0	21.2048	70.4969
1585462612.3493707	2020-03-29 14:16:52	5	6	22.0	21.2048	70.4969
1585462643.9817834	2020-03-29 14:17:23	5	6	22.0	21.2048	70.4969
1585462675.6700883	2020-03-29 14:17:55	5	6	22.0	21.2048	70.4969
1585462706.8820765	2020-03-29 14:18:26	5	6	22.0	21.2048	70.4969
1585462738.7112341	2020-03-29 14:18:58	5	6	22.0	21.2048	70.4969
1585462770.8112640	2020-03-29 14:19:30	5	6	22.0	21.2048	70.4969
1585462805.2158563	2020-03-29 14:20:05	5	6	22.0	21.2048	70.4969
1585462837.9567735	2020-03-29 14:20:37	5	6	22.0	21.2048	70.4969
1585462870.3852844	2020-03-29 14:21:10	5	6	22.0	21.2048	70.4969
1585462905.1048300	2020-03-29 14:21:45	5	6	22.0	21.2048	70.4969
1585462939.1842148	2020-03-29 14:22:19	5	6	22.0	21.2048	70.4969
1585462972.5271916	2020-03-29 14:22:52	5	6	22.0	21.2048	70.4969
1585463007.3856106	2020-03-29 14:23:27	5	6	22.0	21.2048	70.4969
1585463042.3644047	2020-03-29 14:24:02	5	6	22.0	21.2048	70.4969
1585463075.0054176	2020-03-29 14:24:35	5	6	22.0	21.2048	70.4969
1585463108.2095432	2020-03-29 14:25:08	5	6	22.0	21.2048	70.4969
1585463144.2254980	2020-03-29 14:25:44	5	6	22.0	21.3085	70.4969
1585463182.0120876	2020-03-29 14:26:22	5	6	22.0	21.3085	70.4969
1585463216.2147439	2020-03-29 14:26:56	5	6	22.0	21.3085	70.4969
1585463249.5539191	2020-03-29 14:27:29	5	6	22.0	21.3085	70.4969
1585463276.1986287	2020-03-29 14:27:56	5	6	22.0	21.3085	70.4969
1585463309.2771969	2020-03-29 14:28:29	5	6	22.0	21.3085	70.4969
1585463343.1035352	2020-03-29 14:29:03	5	6	22.0	21.3085	70.4969
1585463384.7793164	2020-03-29 14:29:44	5	6	22.0	21.3085	70.4969
1585463422.3643980	2020-03-29 14:30:22	5	6	22.0	21.3085	70.4969
1585463456.4606318	2020-03-29 14:30:56	5	6	22.0	21.3085	70.4969
1585463492.5076127	2020-03-29 14:31:32	5	6	22.0	21.3085	70.4969
1585463526.8093467	2020-03-29 14:32:06	5	6	22.0	21.3085	70.4969
1585463561.2161448	2020-03-29 14:32:41	5	6	22.0	21.3085	70.4969
1585463595.7250063	2020-03-29 14:33:15	5	6	22.0	21.3085	70.4969
1585463629.3122406	2020-03-29 14:33:49	5	6	22.0	21.3085	70.4969
1585463663.2078013	2020-03-29 14:34:23	5	6	22.0	21.3085	70.4969
1585463697.1010880	2020-03-29 14:34:57	5	6	22.0	21.3085	70.4969
1585463731.2009749	2020-03-29 14:35:31	5	6	22.0	21.3085	70.4969
1585463765.7100904	2020-03-29 14:36:05	5	6	22.0	21.3085	70.4969
1585463806.6704998	2020-03-29 14:36:46	5	6	22.0	21.3085	70.4969
1585463840.9743359	2020-03-29 14:37:20	5	6	22.0	21.3085	70.4969
1585463874.8120036	2020-03-29 14:37:54	5	6	22.0	21.3085	70.4969
1585463909.9934742	2020-03-29 14:38:29	5	6	22.0	21.3085	70.4969
1585463944.3040409	2020-03-29 14:39:04	5	6	22.0	21.3085	70.4969
1585463978.4991434	2020-03-29 14:39:38	5	6	22.0	21.4037	70.4969
1585464012.8038199	2020-03-29 14:40:12	5	6	22.0	21.4037	70.4969
1585464047.0066469	2020-03-29 14:40:47	5	6	22.0	21.4037	70.4969
1585464081.6168330	2020-03-29 14:41:21	5	6	22.0	21.4037	70.4969
1585464116.4358599	2020-03-29 14:41:56	5	6	22.0	21.4037	70.4969
1585464150.7368841	2020-03-29 14:42:30	5	6	22.0	21.4037	70.4969
1585464185.2525642	2020-03-29 14:43:05	5	6	22.0	21.4037	70.4969
1585464228.6696258	2020-03-29 14:43:48	5	6	22.0	21.4037	70.4969
1585464266.7714996	2020-03-29 14:44:26	5	6	22.0	21.4037	70.4969
1585464301.8809807	2020-03-29 14:45:01	5	6	22.0	21.4037	70.4969
1585464339.8768618	2020-03-29 14:45:39	5	6	22.0	21.4037	70.4969
1585464376.8377483	2020-03-29 14:46:16	5	6	22.0	21.4037	70.4969
1585464411.6538389	2020-03-29 14:46:51	5	6	22.0	21.4037	70.4969
1585464446.1630728	2020-03-29 14:47:26	5	6	22.0	21.4037	70.4969
1585464480.4767795	2020-03-29 14:48:00	5	6	22.0	21.4037	70.4969
1585464514.7724979	2020-03-29 14:48:34	5	6	22.0	21.4037	70.4969
1585464549.1808188	2020-03-29 14:49:09	5	6	22.0	21.4037	70.4969
1585464583.5854485	2020-03-29 14:49:43	5	6	22.0	21.4037	70.4969
1585464617.7874990	2020-03-29 14:50:17	5	6	22.0	21.4037	70.4969
1585464651.9897070	2020-03-29 14:50:51	5	6	22.0	21.4037	70.4969
1585464686.5008638	2020-03-29 14:51:26	5	6	22.0	21.4037	70.4969
1585464720.9056511	2020-03-29 14:52:00	5	6	22.0	21.516	70.4969
1585464755.2090259	2020-03-29 14:52:35	5	6	22.0	21.516	70.4969
1585464789.8208668	2020-03-29 14:53:09	5	6	22.0	21.516	70.4969
1585464823.6125352	2020-03-29 14:53:43	5	6	22.0	21.516	70.4969
1585464857.5078635	2020-03-29 14:54:17	5	6	22.0	21.516	70.4969
1585464891.5039160	2020-03-29 14:54:51	5	6	22.0	21.516	70.4969
1585464926.2188952	2020-03-29 14:55:26	5	6	22.0	21.516	70.4969
1585464961.3418355	2020-03-29 14:56:01	5	6	22.0	21.516	70.4969
1585464999.0248175	2020-03-29 14:56:39	5	6	22.0	21.516	70.4969
1585465035.8893006	2020-03-29 14:57:15	5	6	22.0	21.516	70.4969
1585465070.6104004	2020-03-29 14:57:50	5	6	22.0	21.516	70.4969
1585465104.9076593	2020-03-29 14:58:24	5	6	22.0	21.516	70.4969
1585465139.1094027	2020-03-29 14:58:59	5	6	22.0	21.516	70.4969
1585465173.3132844	2020-03-29 14:59:33	5	6	22.0	21.516	70.4969
1585465207.5126350	2020-03-29 15:00:07	5	6	22.0	21.516	70.4969
1585465241.4091341	2020-03-29 15:00:41	5	6	22.0	21.516	70.4969
1585465275.7122164	2020-03-29 15:01:15	5	6	22.0	21.516	70.4969
1585465309.6071644	2020-03-29 15:01:49	5	6	22.0	21.6201	70.4969
1585465343.7058487	2020-03-29 15:02:23	5	6	22.0	21.6201	70.4969
1585465377.7046900	2020-03-29 15:02:57	5	6	22.0	21.6201	70.4969
1585465414.9773102	2020-03-29 15:03:34	5	6	22.0	21.6201	70.4969
1585465449.2818828	2020-03-29 15:04:09	5	6	22.0	21.6201	70.4969
1585465489.0133576	2020-03-29 15:04:49	5	6	22.0	21.6201	70.4969
1585465522.0916054	2020-03-29 15:05:22	5	6	22.0	21.6201	70.4969
1585465557.5189440	2020-03-29 15:05:57	5	6	22.0	21.6201	70.4969
1585465591.6565123	2020-03-29 15:06:31	5	6	22.0	21.6201	70.4969
1585465625.8203897	2020-03-29 15:07:05	5	6	22.0	21.6201	70.4969
1585465659.7165189	2020-03-29 15:07:39	5	6	22.0	21.6201	70.4969
1585465694.1241031	2020-03-29 15:08:14	5	6	22.0	21.6201	70.4969
1585465727.7120333	2020-03-29 15:08:47	5	6	22.0	21.6201	70.4969
1585465766.0189552	2020-03-29 15:09:26	5	6	22.0	21.6201	70.4969
1585465800.7985024	2020-03-29 15:10:00	5	6	22.0	21.7183	70.4969
1585465835.8953578	2020-03-29 15:10:35	5	6	22.0	21.7183	70.4969
1585465869.6380694	2020-03-29 15:11:09	5	6	22.0	21.7183	70.4969
1585465906.8086894	2020-03-29 15:11:46	5	6	22.0	21.7183	70.4969
1585465941.3167293	2020-03-29 15:12:21	5	6	22.0	21.7183	70.4969
1585465975.2114799	2020-03-29 15:12:55	5	6	22.0	21.7183	70.4969
1585466010.2334330	2020-03-29 15:13:30	5	6	22.0	21.7183	70.4969
1585466046.2812092	2020-03-29 15:14:06	5	6	22.0	21.7183	70.4969
1585466080.7870495	2020-03-29 15:14:40	5	6	22.0	21.7183	70.4969
1585466115.7109790	2020-03-29 15:15:15	5	6	22.0	21.7183	70.4969
1585466150.2136762	2020-03-29 15:15:50	5	6	22.0	21.8065	70.4969
1585466184.2112403	2020-03-29 15:16:24	5	6	22.0	21.8065	70.4969
1585466217.9017706	2020-03-29 15:16:57	5	6	22.0	21.8065	70.4969
1585466251.8997872	2020-03-29 15:17:31	5	6	22.0	21.8065	70.4969
1585466286.0998383	2020-03-29 15:18:06	5	6	22.0	21.8065	70.4969
1585466320.6169231	2020-03-29 15:18:40	5	6	22.0	21.8065	70.4969
1585466355.9376724	2020-03-29 15:19:15	5	6	22.0	21.8065	70.4969
1585466390.3448277	2020-03-29 15:19:50	5	6	22.0	21.8065	70.4969
1585466424.9558277	2020-03-29 15:20:24	5	6	22.0	21.8065	70.4969
1585466459.7728622	2020-03-29 15:20:59	5	6	22.0	21.8065	70.4969
1585466493.7693219	2020-03-29 15:21:33	5	6	22.0	21.8065	70.4969
1585466527.7664471	2020-03-29 15:22:07	5	6	22.0	21.8065	70.4969
1585466561.6613436	2020-03-29 15:22:41	5	6	22.0	21.8065	70.4969
1585466596.6836922	2020-03-29 15:23:16	5	6	22.0	21.8065	70.4969
1585466633.3475227	2020-03-29 15:23:53	5	6	22.0	21.8065	70.4969
1585466671.1272235	2020-03-29 15:24:31	5	6	22.0	21.8065	70.4969
1585466706.8797059	2020-03-29 15:25:06	5	6	22.0	21.8065	70.4969
1585466742.4040802	2020-03-29 15:25:42	5	6	22.0	21.926	70.4969
1585466777.0119627	2020-03-29 15:26:17	5	6	22.0	21.926	70.4969
1585466812.4397228	2020-03-29 15:26:52	5	6	22.0	21.926	70.4969
1585466846.3352478	2020-03-29 15:27:26	5	6	22.0	21.926	70.4969
1585466880.3410320	2020-03-29 15:28:00	5	6	22.0	21.926	70.4969
1585466917.9145639	2020-03-29 15:28:37	5	6	22.0	21.926	70.4969
1585466953.7536955	2020-03-29 15:29:13	5	6	22.0	21.926	70.4969
1585466993.5888221	2020-03-29 15:29:53	5	6	22.0	21.926	70.4969
1585467028.3016911	2020-03-29 15:30:28	5	6	22.0	21.926	70.4969
1585467063.1171684	2020-03-29 15:31:03	5	6	22.0	21.926	70.4969
1585467097.4240780	2020-03-29 15:31:37	5	6	22.0	22.0005	70.4969
1585467136.4386544	2020-03-29 15:32:16	5	6	22.0	22.0005	70.4969
1585467179.7518594	2020-03-29 15:32:59	5	6	22.0	22.0005	70.4969
1585467214.6759779	2020-03-29 15:33:34	5	6	22.0	22.0005	70.4969
1585467248.2587383	2020-03-29 15:34:08	5	6	22.0	22.0005	70.4969
1585467282.3611951	2020-03-29 15:34:42	5	6	22.0	22.0005	70.4969
1585467335.5037243	2020-03-29 15:35:35	5	6	22.0	22.0005	70.4969
1585467369.9104042	2020-03-29 15:36:09	5	6	22.0	22.0005	70.4969
1585467404.5222487	2020-03-29 15:36:44	5	6	22.0	22.0005	70.4969
1585467443.3316064	2020-03-29 15:37:23	5	6	22.0	22.0005	70.4969
1585467477.8408275	2020-03-29 15:37:57	5	6	22.0	22.0005	70.4969
1585467514.4018850	2020-03-29 15:38:34	5	6	22.0	22.0005	70.4969
1585467548.7064440	2020-03-29 15:39:08	5	6	22.0	22.0005	70.4969
1585467583.2143126	2020-03-29 15:39:43	5	6	22.0	22.1061	70.4969
1585467617.4155757	2020-03-29 15:40:17	5	6	22.0	22.1061	70.4969
1585467651.7171683	2020-03-29 15:40:51	5	6	22.0	22.1061	70.4969
1585467686.4771430	2020-03-29 15:41:26	5	6	22.0	22.1061	70.4969
1585467733.5349634	2020-03-29 15:42:13	5	6	22.0	22.1061	70.4969
1585467768.1467385	2020-03-29 15:42:48	5	6	22.0	22.1061	70.4969
1585467802.0418754	2020-03-29 15:43:22	5	6	22.0	22.1061	70.4969
1585467836.1510358	2020-03-29 15:43:56	5	6	22.0	22.1061	70.4969
1585467871.4780385	2020-03-29 15:44:31	5	6	22.0	22.1061	70.4969
1585467904.2644677	2020-03-29 15:45:04	5	6	22.0	22.1061	70.4969
1585467937.8248098	2020-03-29 15:45:37	5	6	22.0	22.1061	70.4969
1585467973.5671437	2020-03-29 15:46:13	5	6	22.0	22.1061	70.4969
1585468008.0719941	2020-03-29 15:46:48	5	6	22.0	22.1061	70.4969
1585468042.8871307	2020-03-29 15:47:22	5	6	22.0	22.1061	70.4969
1585468077.8066578	2020-03-29 15:47:57	5	6	22.0	22.2186	70.4969
1585468112.4178843	2020-03-29 15:48:32	5	6	22.0	22.2186	70.4969
1585468146.3144135	2020-03-29 15:49:06	5	6	22.0	22.2186	70.4969
1585468180.3098023	2020-03-29 15:49:40	5	6	22.0	22.2186	70.4969
1585468216.2527909	2020-03-29 15:50:16	5	6	22.0	22.2186	70.4969
1585468250.3512142	2020-03-29 15:50:50	5	6	22.0	22.2186	70.4969
1585468284.4525831	2020-03-29 15:51:24	5	6	22.0	22.2186	70.4969
1585468318.4485242	2020-03-29 15:51:58	5	6	22.0	22.2186	70.4969
1585468352.3428345	2020-03-29 15:52:32	5	6	22.0	22.2186	70.4969
1585468386.2377901	2020-03-29 15:53:06	5	6	22.0	22.2186	70.4969
1585468420.3367953	2020-03-29 15:53:40	5	6	22.0	22.2186	70.4969
1585468454.3367121	2020-03-29 15:54:14	5	6	22.0	22.2186	70.4969
1585468488.3124626	2020-03-29 15:54:48	5	6	22.0	22.2186	70.4969
1585468524.8880692	2020-03-29 15:55:24	5	6	22.0	22.2186	70.4969
1585468562.6753240	2020-03-29 15:56:02	5	6	22.0	22.3227	70.4969
1585468599.4911361	2020-03-29 15:56:39	5	6	22.0	22.3227	70.4969
1585468633.8192117	2020-03-29 15:57:13	5	6	22.0	22.3227	70.4969
1585468668.1501524	2020-03-29 15:57:48	5	6	22.0	22.3227	70.4969
1585468702.2471993	2020-03-29 15:58:22	5	6	22.0	22.3227	70.4969
1585468736.3460879	2020-03-29 15:58:56	5	6	22.0	22.3227	70.4969
1585468770.2402313	2020-03-29 15:59:30	5	6	22.0	22.3227	70.4969
1585468804.4431965	2020-03-29 16:00:04	5	6	22.0	22.3227	70.4969
1585468838.7477198	2020-03-29 16:00:38	5	6	22.0	22.3227	70.4969
1585468875.8202477	2020-03-29 16:01:15	5	6	22.0	22.3227	70.4969
1585468920.7297995	2020-03-29 16:02:00	5	6	22.0	22.4267	70.4969
1585468968.5071146	2020-03-29 16:02:48	5	6	22.0	22.4267	70.4969
1585469013.1372883	2020-03-29 16:03:33	5	6	22.0	22.4267	70.4969
1585469048.8175056	2020-03-29 16:04:08	5	6	22.0	22.4267	70.4969
1585469083.6949501	2020-03-29 16:04:43	5	6	22.0	22.4267	70.4969
1585469117.9979630	2020-03-29 16:05:17	5	6	22.0	22.4267	70.4969
1585469152.5021584	2020-03-29 16:05:52	5	6	22.0	22.4267	70.4969
1585469186.2699955	2020-03-29 16:06:26	5	6	22.0	22.4267	70.4969
1585469221.1106131	2020-03-29 16:07:01	5	6	22.0	22.4267	70.4969
1585469256.4926209	2020-03-29 16:07:36	5	6	22.0	22.5253	70.4969
1585469290.3365221	2020-03-29 16:08:10	5	6	22.0	22.5253	70.4969
1585469324.4343483	2020-03-29 16:08:44	5	6	22.0	22.5253	70.4969
1585469358.5335484	2020-03-29 16:09:18	5	6	22.0	22.5253	70.4969
1585469392.5304453	2020-03-29 16:09:52	5	6	22.0	22.5253	70.4969
1585469426.5274670	2020-03-29 16:10:26	5	6	22.0	22.5253	70.4969
1585469461.2411213	2020-03-29 16:11:01	5	6	22.0	22.5253	70.4969
1585469494.4644651	2020-03-29 16:11:34	5	6	22.0	22.5253	70.4969
1585469527.8005610	2020-03-29 16:12:07	5	6	22.0	22.5253	70.4969
1585469560.3571894	2020-03-29 16:12:40	5	6	22.0	22.5253	70.4969
1585469593.5330775	2020-03-29 16:13:13	5	6	22.0	22.5253	70.4969
1585469625.2178061	2020-03-29 16:13:45	5	6	22.0	22.6262	70.4969
1585469675.5692272	2020-03-29 16:14:35	5	6	22.0	22.6262	70.4969
1585469709.4595571	2020-03-29 16:15:09	5	6	22.0	22.6262	70.4969
1585469742.8427260	2020-03-29 16:15:42	5	6	22.0	22.6262	70.4969
1585469779.6050189	2020-03-29 16:16:19	5	6	22.0	22.6262	70.4969
1585469813.7040207	2020-03-29 16:16:53	5	6	22.0	22.6262	70.4969
1585469848.5210552	2020-03-29 16:17:28	5	6	22.0	22.6262	70.4969
1585469883.5371759	2020-03-29 16:18:03	5	6	22.0	22.6262	70.4969
1585469917.5384221	2020-03-29 16:18:37	5	6	22.0	22.6262	70.4969
1585469954.9886689	2020-03-29 16:19:14	5	6	22.0	22.6262	70.4969
1585469988.0385602	2020-03-29 16:19:48	5	6	22.0	22.7306	70.4969
1585470021.0974810	2020-03-29 16:20:21	5	6	22.0	22.7306	70.4969
1585470054.7091324	2020-03-29 16:20:54	5	6	22.0	22.7306	70.4969
1585470087.7309089	2020-03-29 16:21:27	5	6	22.0	22.7306	70.4969
1585470120.8038104	2020-03-29 16:22:00	5	6	22.0	22.7306	70.4969
1585470155.2116494	2020-03-29 16:22:35	5	6	22.0	22.7306	70.4969
1585470188.9004195	2020-03-29 16:23:08	5	6	22.0	22.7306	70.4969
1585470222.7967770	2020-03-29 16:23:42	5	6	22.0	22.7306	70.4969
1585470257.9282596	2020-03-29 16:24:17	5	6	22.0	22.7306	70.4969
1585470292.7382991	2020-03-29 16:24:52	5	6	22.0	22.7306	70.4969
1585470332.4089906	2020-03-29 16:25:32	5	6	22.0	22.7306	70.4969
1585470366.7740755	2020-03-29 16:26:06	5	6	22.0	22.8286	70.4969
1585470400.6068132	2020-03-29 16:26:40	5	6	22.0	22.8286	70.4969
1585477687.6097152	2020-03-29 18:28:07	5	6	22.0	24.5032	70.4969
1585477721.2111368	2020-03-29 18:28:41	5	6	22.0	24.5032	70.4969
1585477754.7813706	2020-03-29 18:29:14	5	6	22.0	24.5032	70.4969
1585477789.7005131	2020-03-29 18:29:49	5	6	22.0	24.5032	70.4969
1585477825.1314843	2020-03-29 18:30:25	5	6	22.0	24.5032	70.4969
1585477858.6167517	2020-03-29 18:30:58	5	6	22.0	24.5032	70.4969
1585477894.8651273	2020-03-29 18:31:34	5	6	22.0	24.5032	70.4969
1585477929.0685892	2020-03-29 18:32:09	5	6	22.0	24.5032	70.4969
1585477964.7121236	2020-03-29 18:32:44	5	6	22.0	24.5032	70.4969
1585477998.8076637	2020-03-29 18:33:18	5	6	22.0	24.5032	70.4969
1585478032.7346635	2020-03-29 18:33:52	5	6	22.0	24.5032	70.4969
1585478066.5975928	2020-03-29 18:34:26	5	6	22.0	24.5032	70.4969
1585478100.5878839	2020-03-29 18:35:00	5	6	22.0	24.5032	70.4969
1585478134.6888859	2020-03-29 18:35:34	5	6	22.0	24.5032	70.4969
1585478169.0327189	2020-03-29 18:36:09	5	6	22.0	24.5032	70.4969
1585478202.5799284	2020-03-29 18:36:42	5	6	22.0	24.5032	70.4969
1585478236.7867122	2020-03-29 18:37:16	5	6	22.0	24.5032	70.4969
1585478271.1892540	2020-03-29 18:37:51	5	6	22.0	24.5032	70.4969
1585478306.4197409	2020-03-29 18:38:26	5	6	22.0	24.5032	70.4969
1585478341.0301087	2020-03-29 18:39:01	5	6	22.0	24.5032	70.4969
1585478376.2522671	2020-03-29 18:39:36	5	6	22.0	24.5032	70.4969
1585478411.1785824	2020-03-29 18:40:11	5	6	22.0	24.5032	70.4969
1585478455.3340430	2020-03-29 18:40:55	5	6	22.0	24.5032	70.4969
1585478496.5760889	2020-03-29 18:41:36	5	6	22.0	24.5032	70.4969
1585478530.6724491	2020-03-29 18:42:10	5	6	22.0	24.5032	70.4969
1585478564.6699874	2020-03-29 18:42:44	5	6	22.0	24.5032	70.4969
1585478598.3626821	2020-03-29 18:43:18	5	6	22.0	24.5032	70.4969
1585478632.3588831	2020-03-29 18:43:52	5	6	22.0	24.5032	70.4969
1585478668.1996634	2020-03-29 18:44:28	5	6	22.0	24.5032	70.4969
1585478702.9159219	2020-03-29 18:45:02	5	6	22.0	24.5032	70.4969
1585478736.8089938	2020-03-29 18:45:36	5	6	22.0	24.5032	70.4969
1585478771.8327076	2020-03-29 18:46:11	5	6	22.0	24.5032	70.4969
1585478807.8737235	2020-03-29 18:46:47	5	6	22.0	24.5032	70.4969
1585478842.3842142	2020-03-29 18:47:22	5	6	22.0	24.5032	70.4969
1585478876.4823463	2020-03-29 18:47:56	5	6	22.0	24.5032	70.4969
1585478910.9547276	2020-03-29 18:48:30	5	6	22.0	24.5032	70.4969
1585478946.6730816	2020-03-29 18:49:06	5	6	22.0	24.5032	70.4969
1585478983.7991152	2020-03-29 18:49:43	5	6	22.0	24.5032	70.4969
1585479018.7211809	2020-03-29 18:50:18	5	6	22.0	24.5032	70.4969
1585479053.5336967	2020-03-29 18:50:53	5	6	22.0	24.5032	70.4969
1585479089.5933783	2020-03-29 18:51:29	5	6	22.0	24.5032	70.4969
1585479128.5964062	2020-03-29 18:52:08	5	6	22.0	24.5032	70.4969
1585479163.8206336	2020-03-29 18:52:43	5	6	22.0	24.5032	70.4969
1585479198.1218510	2020-03-29 18:53:18	5	6	22.0	24.5032	70.4969
1585479232.7344532	2020-03-29 18:53:52	5	6	22.0	24.5032	70.4969
1585479266.9357765	2020-03-29 18:54:26	5	6	22.0	24.5032	70.4969
1585479300.9333606	2020-03-29 18:55:00	5	6	22.0	24.5032	70.4969
1585479336.3915722	2020-03-29 18:55:36	5	6	22.0	24.5032	70.4969
1585479369.9789045	2020-03-29 18:56:09	5	6	22.0	24.5032	70.4969
1585479402.9244483	2020-03-29 18:56:42	5	6	22.0	24.5032	70.4969
1585479436.1013229	2020-03-29 18:57:16	5	6	22.0	24.5032	70.4969
1585479471.7389827	2020-03-29 18:57:51	5	6	22.0	24.5032	70.4969
1585479505.9372172	2020-03-29 18:58:25	5	6	22.0	24.5032	70.4969
1585479538.8087423	2020-03-29 18:58:58	5	6	22.0	24.5032	70.4969
1585479584.9015057	2020-03-29 18:59:44	5	6	22.0	24.5032	70.4969
1585479618.9868851	2020-03-29 19:00:18	5	6	22.0	24.5032	70.4969
1585479652.8820696	2020-03-29 19:00:52	5	6	22.0	24.5032	70.4969
1585479686.6755991	2020-03-29 19:01:26	5	6	22.0	24.5032	70.4969
1585479720.7732797	2020-03-29 19:02:00	5	6	22.0	24.5032	70.4969
1585479753.1890090	2020-03-29 19:02:33	5	6	22.0	24.5032	70.4969
1585479795.0172257	2020-03-29 19:03:15	5	6	22.0	24.5032	70.4969
1585479832.3917842	2020-03-29 19:03:52	5	6	22.0	24.5032	70.4969
1585479868.0595627	2020-03-29 19:04:28	5	6	22.0	24.5032	70.4969
1585479904.2783501	2020-03-29 19:05:04	5	6	22.0	24.5032	70.4969
1585479939.5023074	2020-03-29 19:05:39	5	6	22.0	24.5032	70.4969
1585479992.4550500	2020-03-29 19:06:32	5	6	22.0	24.5032	70.4969
1585480038.4309597	2020-03-29 19:07:18	5	6	22.0	24.5032	70.4969
1585480078.3555877	2020-03-29 19:07:58	5	6	22.0	24.5032	70.4969
1585480194.7904434	2020-03-29 19:09:54	5	6	22.0	24.5032	70.4969
1585480236.5658851	2020-03-29 19:10:36	5	6	22.0	24.5032	70.4969
1585480273.9428325	2020-03-29 19:11:13	5	6	22.0	24.5032	70.4969
1585480308.2467532	2020-03-29 19:11:48	5	6	22.0	24.5032	70.4969
1585480342.5509109	2020-03-29 19:12:22	5	6	22.0	24.5032	70.4969
1585480378.2888327	2020-03-29 19:12:58	5	6	22.0	24.5032	70.4969
1585480412.3934829	2020-03-29 19:13:32	5	6	22.0	24.5032	70.4969
1585480447.2052388	2020-03-29 19:14:07	5	6	22.0	24.5032	70.4969
1585480484.8742743	2020-03-29 19:14:44	5	6	22.0	24.5032	70.4969
1585480519.3103230	2020-03-29 19:15:19	5	6	22.0	24.5032	70.4969
1585480553.2924764	2020-03-29 19:15:53	5	6	22.0	24.5032	70.4969
1585480586.9825158	2020-03-29 19:16:26	5	6	22.0	24.5032	70.4969
1585480621.0809860	2020-03-29 19:17:01	5	6	22.0	24.5032	70.4969
1585480655.1798775	2020-03-29 19:17:35	5	6	22.0	24.5032	70.4969
1585480689.3841293	2020-03-29 19:18:09	5	6	22.0	24.5032	70.4969
1585480723.3815191	2020-03-29 19:18:43	5	6	22.0	24.5032	70.4969
1585480761.8842173	2020-03-29 19:19:21	5	6	22.0	24.5032	70.4969
1585480797.5177965	2020-03-29 19:19:57	5	6	22.0	24.5032	70.4969
1585480831.5147538	2020-03-29 19:20:31	5	6	22.0	24.5032	70.4969
1585480865.3074784	2020-03-29 19:21:05	5	6	22.0	24.5032	70.4969
1585480899.2051249	2020-03-29 19:21:39	5	6	22.0	24.5032	70.4969
1585480933.6080635	2020-03-29 19:22:13	5	6	22.0	24.5032	70.4969
1585480966.8095043	2020-03-29 19:22:46	5	6	22.0	24.5032	70.4969
1585481000.3908777	2020-03-29 19:23:20	5	6	22.0	24.5032	70.4969
1585481037.7539904	2020-03-29 19:23:57	5	6	22.0	24.5032	70.4969
1585481074.2080734	2020-03-29 19:24:34	5	6	22.0	24.5032	70.4969
1585481116.7010188	2020-03-29 19:25:16	5	6	22.0	24.5032	70.4969
1585481151.1074934	2020-03-29 19:25:51	5	6	22.0	24.5032	70.4969
1585481184.9355078	2020-03-29 19:26:24	5	6	22.0	24.5032	70.4969
1585481218.0776935	2020-03-29 19:26:58	5	6	22.0	24.5032	70.4969
1585481253.3278770	2020-03-29 19:27:33	5	6	22.0	24.5032	70.4969
1585481290.8843188	2020-03-29 19:28:10	5	6	22.0	24.5032	70.4969
1585481328.5883164	2020-03-29 19:28:48	5	6	22.0	24.5032	70.4969
1585481365.8424232	2020-03-29 19:29:25	5	6	22.0	24.5032	70.4969
1585481400.1487741	2020-03-29 19:30:00	5	6	22.0	24.5032	70.4969
1585481448.2756362	2020-03-29 19:30:48	5	6	22.0	24.5032	70.4969
1585481482.5873134	2020-03-29 19:31:22	5	6	22.0	24.5032	70.4969
1585481531.2223887	2020-03-29 19:32:11	5	6	22.0	24.5032	70.4969
1585481565.5543847	2020-03-29 19:32:45	5	6	22.0	24.5032	70.4969
1585481599.0278678	2020-03-29 19:33:19	5	6	22.0	24.5032	70.4969
1585481631.8789487	2020-03-29 19:33:51	5	6	22.0	24.5032	70.4969
1585481666.3889389	2020-03-29 19:34:26	5	6	22.0	24.5032	70.4969
1585481701.0005562	2020-03-29 19:35:01	5	6	22.0	24.5032	70.4969
1585493824.7197363	2020-03-29 22:57:04	5	6	22.0	24.6025	67.6064
1585493858.0167968	2020-03-29 22:57:38	5	6	22.0	24.7079	61.2888
1585493892.2188835	2020-03-29 22:58:12	5	6	22.0	24.7079	60.4868
1585493926.4202676	2020-03-29 22:58:46	5	6	22.0	24.7079	60.4868
1585493960.5246694	2020-03-29 22:59:20	5	6	22.0	24.7079	60.4868
1585493994.5171537	2020-03-29 22:59:54	5	6	22.0	24.7079	60.4868
1585524236.1773443	2020-03-30 07:23:56	5	6	22.0	21.2728	60.4868
1585524269.7643383	2020-03-30 07:24:29	5	6	22.0	21.2728	60.4868
1585524303.8027496	2020-03-30 07:25:03	5	6	22.0	21.2728	60.4868
1585524337.7569077	2020-03-30 07:25:37	5	6	22.0	21.2728	60.4868
1585524371.7570276	2020-03-30 07:26:11	5	6	22.0	21.2728	60.4868
1585524405.7517922	2020-03-30 07:26:45	5	6	22.0	21.2728	60.4868
1585524438.3018107	2020-03-30 07:27:18	5	6	22.0	21.2728	60.4868
1585524470.4695501	2020-03-30 07:27:50	5	6	22.0	21.2728	60.4868
1585524502.6610162	2020-03-30 07:28:22	5	6	22.0	21.2728	60.4868
1585524535.5965097	2020-03-30 07:28:55	5	6	22.0	21.2728	60.4868
1585524568.6707571	2020-03-30 07:29:28	5	6	22.0	21.2728	60.4868
1585524602.3624115	2020-03-30 07:30:02	5	6	22.0	21.2728	60.4868
1585524636.2577767	2020-03-30 07:30:36	5	6	22.0	21.2728	60.4868
1585524670.4569914	2020-03-30 07:31:10	5	6	22.0	21.2728	60.4868
1585524704.4542658	2020-03-30 07:31:44	5	6	22.0	21.2728	60.4868
1585524738.3518920	2020-03-30 07:32:18	5	6	22.0	21.2728	60.4868
1585524772.5533178	2020-03-30 07:32:52	5	6	22.0	21.2728	60.4868
1585524806.5518560	2020-03-30 07:33:26	5	6	22.0	21.2728	60.4868
1585524840.6498945	2020-03-30 07:34:00	5	6	22.0	21.2728	60.4868
1585524874.7478819	2020-03-30 07:34:34	5	6	22.0	21.2728	60.4868
1585524908.5416603	2020-03-30 07:35:08	5	6	22.0	21.2728	60.4868
1585524942.6414998	2020-03-30 07:35:42	5	6	22.0	21.2728	60.4868
1585524976.7384553	2020-03-30 07:36:16	5	6	22.0	21.2728	60.4868
1585525010.7361603	2020-03-30 07:36:50	5	6	22.0	21.2728	60.4868
1585525044.8376057	2020-03-30 07:37:24	5	6	22.0	21.2728	60.4868
1585525078.9351094	2020-03-30 07:37:58	5	6	22.0	21.2728	60.4868
1585525112.9807453	2020-03-30 07:38:32	5	6	22.0	21.2728	60.4868
1585525146.5326219	2020-03-30 07:39:06	5	6	22.0	21.2728	60.4868
1585525179.3907411	2020-03-30 07:39:39	5	6	22.0	21.2728	60.4868
1585525213.6946220	2020-03-30 07:40:13	5	6	22.0	21.2728	60.4868
