1585454361.4924235	2020-03-29 11:59:21	5	3	22.0	20.0549	99.5172
1585454393.9847524	2020-03-29 11:59:53	5	3	22.0	20.0549	55.0727
1585454428.1831183	2020-03-29 12:00:28	5	3	22.0	20.0549	50.7628
1585454462.2867868	2020-03-29 12:01:02	5	3	22.0	20.0549	50.4703
1585454497.2669811	2020-03-29 12:01:37	5	3	22.0	20.1611	50.4703
1585454529.2525346	2020-03-29 12:02:09	5	3	22.0	20.1611	50.4703
1585454566.5261662	2020-03-29 12:02:46	5	3	22.0	20.1611	50.4703
1585454602.2644718	2020-03-29 12:03:22	5	3	22.0	20.1611	50.4703
1585454636.9821005	2020-03-29 12:03:56	5	3	22.0	20.2812	50.4703
1585454670.4646356	2020-03-29 12:04:30	5	3	22.0	20.2812	50.4703
1585454705.1845832	2020-03-29 12:05:05	5	3	22.0	20.2812	50.4703
1585454738.8028831	2020-03-29 12:05:38	5	3	22.0	20.4003	50.4703
1585454770.5093379	2020-03-29 12:06:10	5	3	22.0	20.4003	50.4703
1585454805.7984810	2020-03-29 12:06:45	5	3	22.0	20.4003	50.4703
1585454840.5554504	2020-03-29 12:07:20	5	3	22.0	20.4003	50.4703
1585454874.5474744	2020-03-29 12:07:54	5	3	22.0	20.5143	50.4703
1585454907.2182078	2020-03-29 12:08:27	5	3	22.0	20.5143	50.4703
1585454940.9051311	2020-03-29 12:09:00	5	3	22.0	20.5143	50.4703
1585454974.4914141	2020-03-29 12:09:34	5	3	22.0	20.5143	50.4703
1585455017.5010543	2020-03-29 12:10:17	5	3	22.0	20.6218	50.4703
1585455051.7550917	2020-03-29 12:10:51	5	3	22.0	20.6218	50.4703
1585455085.6997764	2020-03-29 12:11:25	5	3	22.0	20.6218	50.4703
1585455122.8723032	2020-03-29 12:12:02	5	3	22.0	20.7239	50.4703
1585455159.4284687	2020-03-29 12:12:39	5	3	22.0	20.7239	50.4703
1585455194.6526647	2020-03-29 12:13:14	5	3	22.0	20.7239	50.4703
1585455228.9643276	2020-03-29 12:13:48	5	3	22.0	20.8208	50.4703
1585455262.8525963	2020-03-29 12:14:22	5	3	22.0	20.8208	50.4703
1585455296.7463193	2020-03-29 12:14:56	5	3	22.0	20.8208	50.4703
1585455330.3398237	2020-03-29 12:15:30	5	3	22.0	20.8208	50.4703
1585455364.6410575	2020-03-29 12:16:04	5	3	22.0	20.9192	50.4703
1585455398.6361766	2020-03-29 12:16:38	5	3	22.0	20.9192	50.4703
1585455432.5309846	2020-03-29 12:17:12	5	3	22.0	20.9192	50.4703
1585455466.4276738	2020-03-29 12:17:46	5	3	22.0	21.0126	50.4703
1585455500.6566515	2020-03-29 12:18:20	5	3	22.0	21.0126	50.4703
1585455534.4191389	2020-03-29 12:18:54	5	3	22.0	21.0126	50.4703
1585455568.7240691	2020-03-29 12:19:28	5	3	22.0	21.0126	50.4703
1585455602.9265678	2020-03-29 12:20:02	5	3	22.0	21.1015	50.4703
1585455636.7278130	2020-03-29 12:20:36	5	3	22.0	21.1015	50.4703
1585455670.7153080	2020-03-29 12:21:10	5	3	22.0	21.1015	50.4703
1585455706.5574565	2020-03-29 12:21:46	5	3	22.0	21.1015	50.4703
1585455740.8618178	2020-03-29 12:22:20	5	3	22.0	21.1015	50.4703
1585455774.8146076	2020-03-29 12:22:54	5	3	22.0	21.1015	50.4703
1585455809.2628155	2020-03-29 12:23:29	5	3	22.0	21.1015	50.4703
1585455844.5916035	2020-03-29 12:24:04	5	3	22.0	21.2674	50.4703
1585455878.9087024	2020-03-29 12:24:38	5	3	22.0	21.2674	50.4703
1585455917.9112885	2020-03-29 12:25:17	5	3	22.0	21.2674	50.4703
1585455954.7843249	2020-03-29 12:25:54	5	3	22.0	21.3449	50.4703
1585455988.9772847	2020-03-29 12:26:28	5	3	22.0	21.3449	50.4703
1585456022.7678072	2020-03-29 12:27:02	5	3	22.0	21.3449	50.4703
1585456057.9243009	2020-03-29 12:27:37	5	3	22.0	21.4188	50.4703
1585456101.3081517	2020-03-29 12:28:21	5	3	22.0	21.4188	50.4703
1585456145.7576904	2020-03-29 12:29:05	5	3	22.0	21.4188	50.4703
1585456187.4650538	2020-03-29 12:29:47	5	3	22.0	21.4188	50.4703
1585456242.0360522	2020-03-29 12:30:42	5	3	22.0	21.4188	50.4703
1585456277.5512660	2020-03-29 12:31:17	5	3	22.0	21.4188	50.4703
1585456311.3449583	2020-03-29 12:31:51	5	3	22.0	21.5582	50.4703
1585456345.0241976	2020-03-29 12:32:25	5	3	22.0	21.5582	50.4703
1585456378.7124763	2020-03-29 12:32:58	5	3	22.0	21.5582	50.4703
1585456412.4032767	2020-03-29 12:33:32	5	3	22.0	21.5582	50.4703
1585456446.6043766	2020-03-29 12:34:06	5	3	22.0	21.6231	50.4703
1585456480.8354263	2020-03-29 12:34:40	5	3	22.0	21.6231	50.4703
1585456514.9073756	2020-03-29 12:35:14	5	3	22.0	21.6231	50.4703
1585456548.7258723	2020-03-29 12:35:48	5	3	22.0	21.6231	50.4703
1585456582.5917523	2020-03-29 12:36:22	5	3	22.0	21.6231	50.4703
1585456619.9817472	2020-03-29 12:36:59	5	3	22.0	21.6231	50.4703
1585456654.0727966	2020-03-29 12:37:34	5	3	22.0	21.6231	50.4703
1585456686.2206237	2020-03-29 12:38:06	5	3	22.0	21.745	50.4703
1585456720.5391679	2020-03-29 12:38:40	5	3	22.0	21.745	50.4703
1585456757.6979432	2020-03-29 12:39:17	5	3	22.0	21.745	50.4703
1585456791.2869642	2020-03-29 12:39:51	5	3	22.0	21.8024	50.4703
1585456825.9756713	2020-03-29 12:40:25	5	3	22.0	21.8024	50.4703
1585456858.0507011	2020-03-29 12:40:58	5	3	22.0	21.8024	50.4703
1585456891.8808224	2020-03-29 12:41:31	5	3	22.0	21.8024	50.4703
1585456923.9970698	2020-03-29 12:42:03	5	3	22.0	21.8024	50.4703
1585456959.0179999	2020-03-29 12:42:39	5	3	22.0	21.8024	50.4703
1585456992.9117990	2020-03-29 12:43:12	5	3	22.0	21.8024	50.4703
1585457027.3229258	2020-03-29 12:43:47	5	3	22.0	21.9096	50.4703
1585457061.0088582	2020-03-29 12:44:21	5	3	22.0	21.9096	50.4703
1585457095.4202948	2020-03-29 12:44:55	5	3	22.0	21.9096	50.4703
1585457130.3341854	2020-03-29 12:45:30	5	3	22.0	21.9096	50.4703
1585457166.1025860	2020-03-29 12:46:06	5	3	22.0	21.9096	50.4703
1585457199.0447285	2020-03-29 12:46:39	5	3	22.0	21.9096	50.4703
1585457233.1460221	2020-03-29 12:47:13	5	3	22.0	21.9096	50.4703
1585457269.9081285	2020-03-29 12:47:49	5	3	22.0	22.0097	50.4703
1585457303.3315792	2020-03-29 12:48:23	5	3	22.0	22.0097	50.4703
1585457337.4911177	2020-03-29 12:48:57	5	3	22.0	22.0097	50.4703
1585457371.1837039	2020-03-29 12:49:31	5	3	22.0	22.0097	50.4703
1585457405.1818345	2020-03-29 12:50:05	5	3	22.0	22.0097	50.4703
1585457444.2973750	2020-03-29 12:50:44	5	3	22.0	22.0097	50.4703
1585457478.8456101	2020-03-29 12:51:18	5	3	22.0	22.0097	50.4703
1585457512.9051797	2020-03-29 12:51:52	5	3	22.0	22.1024	50.4703
1585457547.4141328	2020-03-29 12:52:27	5	3	22.0	22.1024	50.4703
1585457581.3066435	2020-03-29 12:53:01	5	3	22.0	22.1024	50.4703
1585457615.0786529	2020-03-29 12:53:35	5	3	22.0	22.1024	50.4703
1585457653.4997077	2020-03-29 12:54:13	5	3	22.0	22.1024	50.4703
1585457690.1590755	2020-03-29 12:54:50	5	3	22.0	22.1024	50.4703
1585457724.8895123	2020-03-29 12:55:24	5	3	22.0	22.1024	50.4703
1585457761.6392901	2020-03-29 12:56:01	5	3	22.0	22.1024	50.4703
1585457796.3745310	2020-03-29 12:56:36	5	3	22.0	22.1024	50.4703
1585457827.7895637	2020-03-29 12:57:07	5	3	22.0	22.1024	50.4703
1585457861.6129961	2020-03-29 12:57:41	5	3	22.0	22.229	50.4703
1585457894.9907405	2020-03-29 12:58:14	5	3	22.0	22.229	50.4703
1585457928.2404017	2020-03-29 12:58:48	5	3	22.0	22.229	50.4703
1585457964.7181337	2020-03-29 12:59:24	5	3	22.0	22.229	50.4703
1585457999.1073706	2020-03-29 12:59:59	5	3	22.0	22.229	50.4703
1585458036.4796398	2020-03-29 13:00:36	5	3	22.0	22.229	50.4703
1585458070.2115526	2020-03-29 13:01:10	5	3	22.0	22.229	50.4703
1585458101.6076479	2020-03-29 13:01:41	5	3	22.0	22.3071	50.4703
1585458133.0510173	2020-03-29 13:02:13	5	3	22.0	22.3071	50.4703
1585458165.1432297	2020-03-29 13:02:45	5	3	22.0	22.3071	50.4703
1585458197.5546908	2020-03-29 13:03:17	5	3	22.0	22.3071	50.4703
1585458234.5256550	2020-03-29 13:03:54	5	3	22.0	22.3071	50.4703
1585458277.4274232	2020-03-29 13:04:37	5	3	22.0	22.3071	50.4703
1585458310.9150414	2020-03-29 13:05:10	5	3	22.0	22.3071	50.4703
1585458345.5247397	2020-03-29 13:05:45	5	3	22.0	22.3071	50.4703
1585458380.0649471	2020-03-29 13:06:20	5	3	22.0	22.3071	50.4703
1585458417.5111730	2020-03-29 13:06:57	5	3	22.0	22.3071	50.4703
1585458453.8626060	2020-03-29 13:07:33	5	3	22.0	22.3071	50.4703
1585458488.1700578	2020-03-29 13:08:08	5	3	22.0	22.4186	50.4703
1585458522.0627270	2020-03-29 13:08:42	5	3	22.0	22.4186	50.4703
1585458555.3433795	2020-03-29 13:09:15	5	3	22.0	22.4186	50.4703
1585458590.9783785	2020-03-29 13:09:50	5	3	22.0	22.4186	50.4703
1585458624.7846065	2020-03-29 13:10:24	5	3	22.0	22.4186	50.4703
1585458665.6572251	2020-03-29 13:11:05	5	3	22.0	22.4186	50.4703
1585458699.8568192	2020-03-29 13:11:39	5	3	22.0	22.4186	50.4703
1585458731.3051932	2020-03-29 13:12:11	5	3	22.0	22.4186	50.4703
1585458762.6816852	2020-03-29 13:12:42	5	3	22.0	22.4186	50.4703
1585458793.9696250	2020-03-29 13:13:13	5	3	22.0	22.4186	50.4703
1585458826.0903513	2020-03-29 13:13:46	5	3	22.0	22.5286	50.4703
1585458860.7017806	2020-03-29 13:14:20	5	3	22.0	22.5286	50.4703
1585458897.4288385	2020-03-29 13:14:57	5	3	22.0	22.5286	50.4703
1585458929.6171300	2020-03-29 13:15:29	5	3	22.0	22.5286	50.4703
1585458963.5133998	2020-03-29 13:16:03	5	3	22.0	22.5286	50.4703
1585459000.5819798	2020-03-29 13:16:40	5	3	22.0	22.5286	50.4703
1585459034.5861635	2020-03-29 13:17:14	5	3	22.0	22.5286	50.4703
1585459069.0894723	2020-03-29 13:17:49	5	3	22.0	22.5286	50.4703
1585459102.6020110	2020-03-29 13:18:22	5	3	22.0	22.5286	50.4703
1585459134.9305897	2020-03-29 13:18:54	5	3	22.0	22.5286	50.4703
1585459168.6223223	2020-03-29 13:19:28	5	3	22.0	22.5286	50.4703
1585459202.4126518	2020-03-29 13:20:02	5	3	22.0	22.6295	50.4703
1585459236.5125017	2020-03-29 13:20:36	5	3	22.0	22.6295	50.4703
1585459271.2295959	2020-03-29 13:21:11	5	3	22.0	22.6295	50.4703
1585459306.7593153	2020-03-29 13:21:46	5	3	22.0	22.6295	50.4703
1585459340.6550918	2020-03-29 13:22:20	5	3	22.0	22.6295	50.4703
1585459374.6512544	2020-03-29 13:22:54	5	3	22.0	22.6295	50.4703
1585459408.9552455	2020-03-29 13:23:28	5	3	22.0	22.6295	50.4703
1585459443.0554523	2020-03-29 13:24:03	5	3	22.0	22.6295	50.4703
1585459476.3906996	2020-03-29 13:24:36	5	3	22.0	22.6295	50.4703
1585459508.5907218	2020-03-29 13:25:08	5	3	22.0	22.6295	50.4703
1585459543.6236234	2020-03-29 13:25:43	5	3	22.0	22.7215	50.4703
1585459586.7520051	2020-03-29 13:26:26	5	3	22.0	22.7215	50.4703
1585459618.9864495	2020-03-29 13:26:58	5	3	22.0	22.7215	50.4703
1585459670.1791530	2020-03-29 13:27:50	5	3	22.0	22.7215	50.4703
1585459704.1788986	2020-03-29 13:28:24	5	3	22.0	22.7215	50.4703
1585459737.8703220	2020-03-29 13:28:57	5	3	22.0	22.7215	50.4703
1585459771.7615044	2020-03-29 13:29:31	5	3	22.0	22.7215	50.4703
1585459811.1872160	2020-03-29 13:30:11	5	3	22.0	22.7215	50.4703
1585459860.8510568	2020-03-29 13:31:00	5	3	22.0	22.7215	50.4703
1585459909.0169265	2020-03-29 13:31:49	5	3	22.0	22.8072	50.4703
1585459947.0717714	2020-03-29 13:32:27	5	3	22.0	22.8072	50.4703
1585459982.6066370	2020-03-29 13:33:02	5	3	22.0	22.8072	50.4703
1585460015.9886799	2020-03-29 13:33:35	5	3	22.0	22.8072	50.4703
1585460050.1109610	2020-03-29 13:34:10	5	3	22.0	22.8072	50.4703
1585460084.2880609	2020-03-29 13:34:44	5	3	22.0	22.8072	50.4703
1585460117.7247293	2020-03-29 13:35:17	5	3	22.0	22.8072	50.4703
1585460150.4398422	2020-03-29 13:35:50	5	3	22.0	22.8072	50.4703
1585460185.2558341	2020-03-29 13:36:25	5	3	22.0	22.8072	50.4703
1585460218.2069924	2020-03-29 13:36:58	5	3	22.0	22.8072	50.4703
1585460250.1872110	2020-03-29 13:37:30	5	3	22.0	22.8072	50.4703
1585460283.3556895	2020-03-29 13:38:03	5	3	22.0	22.8072	50.4703
1585460317.4550774	2020-03-29 13:38:37	5	3	22.0	22.8072	50.4703
1585460362.1947620	2020-03-29 13:39:22	5	3	22.0	22.8072	50.4703
1585460393.7593017	2020-03-29 13:39:53	5	3	22.0	22.9136	50.4703
1585460425.3293545	2020-03-29 13:40:25	5	3	22.0	22.9136	50.4703
1585460456.9150372	2020-03-29 13:40:56	5	3	22.0	22.9136	50.4703
1585460489.2659369	2020-03-29 13:41:29	5	3	22.0	22.9136	50.4703
1585460520.5177815	2020-03-29 13:42:00	5	3	22.0	22.9136	50.4703
1585460553.4906125	2020-03-29 13:42:33	5	3	22.0	22.9136	50.4703
1585460585.9504628	2020-03-29 13:43:05	5	3	22.0	22.9136	50.4703
1585460617.6348274	2020-03-29 13:43:37	5	3	22.0	22.9136	50.4703
1585460649.1601577	2020-03-29 13:44:09	5	3	22.0	22.9136	50.4703
1585460681.0607319	2020-03-29 13:44:41	5	3	22.0	22.9136	50.4703
1585460712.3980718	2020-03-29 13:45:12	5	3	22.0	22.9136	50.4703
1585460744.1517940	2020-03-29 13:45:44	5	3	22.0	22.9136	50.4703
1585460776.1080277	2020-03-29 13:46:16	5	3	22.0	22.9136	50.4703
1585460807.6162386	2020-03-29 13:46:47	5	3	22.0	22.9136	50.4703
1585460838.8787692	2020-03-29 13:47:18	5	3	22.0	22.9136	50.4703
1585460870.7753906	2020-03-29 13:47:50	5	3	22.0	23.0118	50.4703
1585460902.1640806	2020-03-29 13:48:22	5	3	22.0	23.0118	50.4703
1585460933.6107221	2020-03-29 13:48:53	5	3	22.0	23.0118	50.4703
1585460965.3454807	2020-03-29 13:49:25	5	3	22.0	23.0118	50.4703
1585460997.4390254	2020-03-29 13:49:57	5	3	22.0	23.0118	50.4703
1585461028.7926710	2020-03-29 13:50:28	5	3	22.0	23.0118	50.4703
1585461060.8657413	2020-03-29 13:51:00	5	3	22.0	23.0118	50.4703
1585461092.2407279	2020-03-29 13:51:32	5	3	22.0	23.0118	50.4703
1585461123.8537838	2020-03-29 13:52:03	5	3	22.0	23.0118	50.4703
1585461155.5382919	2020-03-29 13:52:35	5	3	22.0	23.0118	50.4703
1585461186.8961782	2020-03-29 13:53:06	5	3	22.0	23.0118	50.4703
1585461219.7512181	2020-03-29 13:53:39	5	3	22.0	23.0118	50.4703
1585461254.1046073	2020-03-29 13:54:14	5	3	22.0	23.0118	50.4703
1585461288.4305885	2020-03-29 13:54:48	5	3	22.0	23.0118	50.4703
1585461320.9546571	2020-03-29 13:55:20	5	3	22.0	23.0118	50.4703
1585461352.2634616	2020-03-29 13:55:52	5	3	22.0	23.1123	50.4703
1585461383.5606546	2020-03-29 13:56:23	5	3	22.0	23.1123	50.4703
1585461414.9727733	2020-03-29 13:56:54	5	3	22.0	23.1123	50.4703
1585461446.2732077	2020-03-29 13:57:26	5	3	22.0	23.1123	50.4703
1585461477.6978335	2020-03-29 13:57:57	5	3	22.0	23.1123	50.4703
1585461509.3932998	2020-03-29 13:58:29	5	3	22.0	23.1123	50.4703
1585461550.5192122	2020-03-29 13:59:10	5	3	22.0	23.1123	50.4703
1585461589.0857830	2020-03-29 13:59:49	5	3	22.0	23.1123	50.4703
1585461623.4970124	2020-03-29 14:00:23	5	3	22.0	23.1123	50.4703
1585461655.1047659	2020-03-29 14:00:55	5	3	22.0	23.1123	50.4703
1585461687.1870399	2020-03-29 14:01:27	5	3	22.0	23.1123	50.4703
1585461718.7101650	2020-03-29 14:01:58	5	3	22.0	23.1123	50.4703
1585461750.9004047	2020-03-29 14:02:30	5	3	22.0	23.1123	50.4703
1585461782.4872494	2020-03-29 14:03:02	5	3	22.0	23.1123	50.4703
1585461814.5008206	2020-03-29 14:03:34	5	3	22.0	23.1123	50.4703
1585461846.0076945	2020-03-29 14:04:06	5	3	22.0	23.2143	50.4703
1585461877.2343760	2020-03-29 14:04:37	5	3	22.0	23.2143	50.4703
1585461908.5147705	2020-03-29 14:05:08	5	3	22.0	23.2143	50.4703
1585461939.7510357	2020-03-29 14:05:39	5	3	22.0	23.2143	50.4703
1585461971.1374192	2020-03-29 14:06:11	5	3	22.0	23.2143	50.4703
1585462004.0485990	2020-03-29 14:06:44	5	3	22.0	23.2143	50.4703
1585462038.0221975	2020-03-29 14:07:18	5	3	22.0	23.2143	50.4703
1585462071.8876328	2020-03-29 14:07:51	5	3	22.0	23.2143	50.4703
1585462105.2726240	2020-03-29 14:08:25	5	3	22.0	23.2143	50.4703
1585462136.4169991	2020-03-29 14:08:56	5	3	22.0	23.2143	50.4703
1585462168.3490536	2020-03-29 14:09:28	5	3	22.0	23.2143	50.4703
1585462200.1046202	2020-03-29 14:10:00	5	3	22.0	23.2143	50.4703
1585462231.8185887	2020-03-29 14:10:31	5	3	22.0	23.2143	50.4703
1585462264.0406039	2020-03-29 14:11:04	5	3	22.0	23.2143	50.4703
1585462295.8306592	2020-03-29 14:11:35	5	3	22.0	23.2143	50.4703
1585462327.3655913	2020-03-29 14:12:07	5	3	22.0	23.3096	50.4703
1585462359.0166984	2020-03-29 14:12:39	5	3	22.0	23.3096	50.4703
1585462390.8687530	2020-03-29 14:13:10	5	3	22.0	23.3096	50.4703
1585462422.3424969	2020-03-29 14:13:42	5	3	22.0	23.3096	50.4703
1585462453.5945659	2020-03-29 14:14:13	5	3	22.0	23.3096	50.4703
1585462484.8322787	2020-03-29 14:14:44	5	3	22.0	23.3096	50.4703
1585462516.2040703	2020-03-29 14:15:16	5	3	22.0	23.3096	50.4703
1585462548.5604475	2020-03-29 14:15:48	5	3	22.0	23.3096	50.4703
1585462580.4339638	2020-03-29 14:16:20	5	3	22.0	23.3096	50.4703
1585462611.9996624	2020-03-29 14:16:52	5	3	22.0	23.3096	50.4703
1585462643.4463751	2020-03-29 14:17:23	5	3	22.0	23.3096	50.4703
1585462675.2887836	2020-03-29 14:17:55	5	3	22.0	23.3096	50.4703
1585462706.5143638	2020-03-29 14:18:26	5	3	22.0	23.3096	50.4703
1585462738.1044099	2020-03-29 14:18:58	5	3	22.0	23.3096	50.4703
1585462769.9080138	2020-03-29 14:19:29	5	3	22.0	23.3096	50.4703
1585462803.6743712	2020-03-29 14:20:03	5	3	22.0	23.4064	50.4703
1585462837.4841509	2020-03-29 14:20:37	5	3	22.0	23.4064	50.4703
1585462869.2381845	2020-03-29 14:21:09	5	3	22.0	23.4064	50.4703
1585462904.7467556	2020-03-29 14:21:44	5	3	22.0	23.4064	50.4703
1585462937.6150327	2020-03-29 14:22:17	5	3	22.0	23.4064	50.4703
1585462971.0682623	2020-03-29 14:22:51	5	3	22.0	23.4064	50.4703
1585463005.4765515	2020-03-29 14:23:25	5	3	22.0	23.4064	50.4703
1585463038.9582286	2020-03-29 14:23:58	5	3	22.0	23.4064	50.4703
1585463074.0092032	2020-03-29 14:24:34	5	3	22.0	23.4064	50.4703
1585463107.0590389	2020-03-29 14:25:07	5	3	22.0	23.4064	50.4703
1585463143.2556672	2020-03-29 14:25:43	5	3	22.0	23.4064	50.4703
1585463180.7847066	2020-03-29 14:26:20	5	3	22.0	23.4064	50.4703
1585463214.9842038	2020-03-29 14:26:54	5	3	22.0	23.4064	50.4703
1585463248.9828379	2020-03-29 14:27:28	5	3	22.0	23.4064	50.4703
1585463275.7965727	2020-03-29 14:27:55	5	3	22.0	23.5054	50.4703
1585463308.0488217	2020-03-29 14:28:28	5	3	22.0	23.5054	50.4703
1585463341.8406086	2020-03-29 14:29:01	5	3	22.0	23.5054	50.4703
1585463382.7321544	2020-03-29 14:29:42	5	3	22.0	23.5054	50.4703
1585463421.1310194	2020-03-29 14:30:21	5	3	22.0	23.5054	50.4703
1585463455.4363801	2020-03-29 14:30:55	5	3	22.0	23.5054	50.4703
1585463491.1738820	2020-03-29 14:31:31	5	3	22.0	23.5054	50.4703
1585463525.5807533	2020-03-29 14:32:05	5	3	22.0	23.5054	50.4703
1585463559.8858902	2020-03-29 14:32:39	5	3	22.0	23.5054	50.4703
1585463594.4960170	2020-03-29 14:33:14	5	3	22.0	23.5054	50.4703
1585463628.0834744	2020-03-29 14:33:48	5	3	22.0	23.5054	50.4703
1585463661.8751972	2020-03-29 14:34:21	5	3	22.0	23.5054	50.4703
1585463695.9751005	2020-03-29 14:34:55	5	3	22.0	23.5054	50.4703
1585463729.9726009	2020-03-29 14:35:29	5	3	22.0	23.5054	50.4703
1585463764.5835719	2020-03-29 14:36:04	5	3	22.0	23.5054	50.4703
1585463802.5751703	2020-03-29 14:36:42	5	3	22.0	23.5054	50.4703
1585463839.7456200	2020-03-29 14:37:19	5	3	22.0	23.5054	50.4703
1585463873.6434653	2020-03-29 14:37:53	5	3	22.0	23.6194	50.4703
1585463908.9697478	2020-03-29 14:38:28	5	3	22.0	23.6194	50.4703
1585463943.0684931	2020-03-29 14:39:03	5	3	22.0	23.6194	50.4703
1585463977.3727329	2020-03-29 14:39:37	5	3	22.0	23.6194	50.4703
1585464011.5826750	2020-03-29 14:40:11	5	3	22.0	23.6194	50.4703
1585464045.7764392	2020-03-29 14:40:45	5	3	22.0	23.6194	50.4703
1585464080.3888347	2020-03-29 14:41:20	5	3	22.0	23.6194	50.4703
1585464114.1797655	2020-03-29 14:41:54	5	3	22.0	23.6194	50.4703
1585464149.5081201	2020-03-29 14:42:29	5	3	22.0	23.6194	50.4703
1585464183.8144760	2020-03-29 14:43:03	5	3	22.0	23.6194	50.4703
1585464227.4479764	2020-03-29 14:43:47	5	3	22.0	23.6194	50.4703
1585464265.3417878	2020-03-29 14:44:25	5	3	22.0	23.6194	50.4703
1585464300.6575491	2020-03-29 14:45:00	5	3	22.0	23.6194	50.4703
1585464336.8643906	2020-03-29 14:45:36	5	3	22.0	23.7199	50.4703
1585464375.6096346	2020-03-29 14:46:15	5	3	22.0	23.7199	50.4703
1585464410.4250798	2020-03-29 14:46:50	5	3	22.0	23.7199	50.4703
1585464444.9351919	2020-03-29 14:47:24	5	3	22.0	23.7199	50.4703
1585464479.2507894	2020-03-29 14:47:59	5	3	22.0	23.7199	50.4703
1585464513.5428996	2020-03-29 14:48:33	5	3	22.0	23.7199	50.4703
1585464547.9501817	2020-03-29 14:49:07	5	3	22.0	23.7199	50.4703
1585464582.3561621	2020-03-29 14:49:42	5	3	22.0	23.7199	50.4703
1585464616.5589881	2020-03-29 14:50:16	5	3	22.0	23.7199	50.4703
1585464650.3539097	2020-03-29 14:50:50	5	3	22.0	23.7199	50.4703
1585464685.5761487	2020-03-29 14:51:25	5	3	22.0	23.7199	50.4703
1585464719.6779981	2020-03-29 14:51:59	5	3	22.0	23.7199	50.4703
1585464754.0824063	2020-03-29 14:52:34	5	3	22.0	23.7199	50.4703
1585464788.4897771	2020-03-29 14:53:08	5	3	22.0	23.7199	50.4703
1585464822.3840139	2020-03-29 14:53:42	5	3	22.0	23.8164	50.4703
1585464856.2792504	2020-03-29 14:54:16	5	3	22.0	23.8164	50.4703
1585464890.2748237	2020-03-29 14:54:50	5	3	22.0	23.8164	50.4703
1585464924.9894071	2020-03-29 14:55:24	5	3	22.0	23.8164	50.4703
1585464959.3970926	2020-03-29 14:55:59	5	3	22.0	23.8164	50.4703
1585464997.8985221	2020-03-29 14:56:37	5	3	22.0	23.8164	50.4703
1585465034.1514900	2020-03-29 14:57:14	5	3	22.0	23.8164	50.4703
1585465069.3767667	2020-03-29 14:57:49	5	3	22.0	23.8164	50.4703
1585465103.6783810	2020-03-29 14:58:23	5	3	22.0	23.8164	50.4703
1585465137.9833791	2020-03-29 14:58:57	5	3	22.0	23.8164	50.4703
1585465172.0837026	2020-03-29 14:59:32	5	3	22.0	23.8164	50.4703
1585465206.4897335	2020-03-29 15:00:06	5	3	22.0	23.8164	50.4703
1585465240.1799843	2020-03-29 15:00:40	5	3	22.0	23.8164	50.4703
1585465274.4837136	2020-03-29 15:01:14	5	3	22.0	23.8164	50.4703
1585465308.3780818	2020-03-29 15:01:48	5	3	22.0	23.9213	50.4703
1585465342.4775300	2020-03-29 15:02:22	5	3	22.0	23.9213	50.4703
1585465376.4738564	2020-03-29 15:02:56	5	3	22.0	23.9213	50.4703
1585465413.7481687	2020-03-29 15:03:33	5	3	22.0	23.9213	50.4703
1585465448.0528471	2020-03-29 15:04:08	5	3	22.0	23.9213	50.4703
1585465487.6820986	2020-03-29 15:04:47	5	3	22.0	23.9213	50.4703
1585465520.8613276	2020-03-29 15:05:20	5	3	22.0	23.9213	50.4703
1585465556.0854387	2020-03-29 15:05:56	5	3	22.0	23.9213	50.4703
1585465590.3896351	2020-03-29 15:06:30	5	3	22.0	23.9213	50.4703
1585465624.5920718	2020-03-29 15:07:04	5	3	22.0	23.9213	50.4703
1585465658.4868581	2020-03-29 15:07:38	5	3	22.0	24.0099	50.4703
1585465692.9185677	2020-03-29 15:08:12	5	3	22.0	24.0099	50.4703
1585465726.5852215	2020-03-29 15:08:46	5	3	22.0	24.0099	50.4703
1585465764.4720964	2020-03-29 15:09:24	5	3	22.0	24.0099	50.4703
1585465799.2893796	2020-03-29 15:09:59	5	3	22.0	24.0099	50.4703
1585465834.7196589	2020-03-29 15:10:34	5	3	22.0	24.0099	50.4703
1585465868.4093049	2020-03-29 15:11:08	5	3	22.0	24.0099	50.4703
1585465905.6812778	2020-03-29 15:11:45	5	3	22.0	24.0099	50.4703
1585465939.9857779	2020-03-29 15:12:19	5	3	22.0	24.0099	50.4703
1585465974.1094017	2020-03-29 15:12:54	5	3	22.0	24.0099	50.4703
1585466008.4944966	2020-03-29 15:13:28	5	3	22.0	24.0099	50.4703
1585466044.5388262	2020-03-29 15:14:04	5	3	22.0	24.1005	50.4703
1585466079.5585005	2020-03-29 15:14:39	5	3	22.0	24.1005	50.4703
1585466114.2741132	2020-03-29 15:15:14	5	3	22.0	24.1005	50.4703
1585466148.9860735	2020-03-29 15:15:48	5	3	22.0	24.1005	50.4703
1585466182.8815877	2020-03-29 15:16:22	5	3	22.0	24.1005	50.4703
1585466216.6717863	2020-03-29 15:16:56	5	3	22.0	24.1005	50.4703
1585466250.6694775	2020-03-29 15:17:30	5	3	22.0	24.1005	50.4703
1585466284.6663675	2020-03-29 15:18:04	5	3	22.0	24.1005	50.4703
1585466319.2782278	2020-03-29 15:18:39	5	3	22.0	24.1005	50.4703
1585466353.9939928	2020-03-29 15:19:13	5	3	22.0	24.1005	50.4703
1585466389.1159780	2020-03-29 15:19:49	5	3	22.0	24.1005	50.4703
1585466423.7275817	2020-03-29 15:20:23	5	3	22.0	24.1005	50.4703
1585466458.5432439	2020-03-29 15:20:58	5	3	22.0	24.1005	50.4703
1585466492.6424332	2020-03-29 15:21:32	5	3	22.0	24.1005	50.4703
1585466526.5372875	2020-03-29 15:22:06	5	3	22.0	24.2173	50.4703
1585466560.6370261	2020-03-29 15:22:40	5	3	22.0	24.2173	50.4703
1585466594.9403734	2020-03-29 15:23:14	5	3	22.0	24.2173	50.4703
1585466631.9216263	2020-03-29 15:23:51	5	3	22.0	24.2173	50.4703
1585466669.6941617	2020-03-29 15:24:29	5	3	22.0	24.2173	50.4703
1585466705.4329572	2020-03-29 15:25:05	5	3	22.0	24.2173	50.4703
1585466740.8191319	2020-03-29 15:25:40	5	3	22.0	24.2173	50.4703
1585466775.8887815	2020-03-29 15:26:15	5	3	22.0	24.2173	50.4703
1585466811.2615116	2020-03-29 15:26:51	5	3	22.0	24.2173	50.4703
1585466845.1060181	2020-03-29 15:27:25	5	3	22.0	24.2173	50.4703
1585466878.8986020	2020-03-29 15:27:58	5	3	22.0	24.3063	50.4703
1585466916.5835340	2020-03-29 15:28:36	5	3	22.0	24.3063	50.4703
1585466949.9802527	2020-03-29 15:29:09	5	3	22.0	24.3063	50.4703
1585466992.4608388	2020-03-29 15:29:52	5	3	22.0	24.3063	50.4703
1585467026.4581430	2020-03-29 15:30:26	5	3	22.0	24.3063	50.4703
1585467061.8894234	2020-03-29 15:31:01	5	3	22.0	24.3063	50.4703
1585467096.2952991	2020-03-29 15:31:36	5	3	22.0	24.3063	50.4703
1585467132.3430822	2020-03-29 15:32:12	5	3	22.0	24.3063	50.4703
1585467178.5251391	2020-03-29 15:32:58	5	3	22.0	24.3063	50.4703
1585467213.1474571	2020-03-29 15:33:33	5	3	22.0	24.3063	50.4703
1585467247.0289607	2020-03-29 15:34:07	5	3	22.0	24.3063	50.4703
1585467280.8253245	2020-03-29 15:34:40	5	3	22.0	24.3063	50.4703
1585467325.2792950	2020-03-29 15:35:25	5	3	22.0	24.3063	50.4703
1585467368.7836652	2020-03-29 15:36:08	5	3	22.0	24.4257	50.4703
1585467403.2935848	2020-03-29 15:36:43	5	3	22.0	24.4257	50.4703
1585467442.1032336	2020-03-29 15:37:22	5	3	22.0	24.4257	50.4703
1585467476.5089974	2020-03-29 15:37:56	5	3	22.0	24.4257	50.4703
1585467513.1716547	2020-03-29 15:38:33	5	3	22.0	24.4257	50.4703
1585467547.4781358	2020-03-29 15:39:07	5	3	22.0	24.4257	50.4703
1585467582.0885191	2020-03-29 15:39:42	5	3	22.0	24.4257	50.4703
1585467616.1852961	2020-03-29 15:40:16	5	3	22.0	24.4257	50.4703
1585467650.4872830	2020-03-29 15:40:50	5	3	22.0	24.4257	50.4703
1585467685.0999484	2020-03-29 15:41:25	5	3	22.0	24.4257	50.4703
1585467732.4115980	2020-03-29 15:42:12	5	3	22.0	24.5218	50.4703
1585467766.7131443	2020-03-29 15:42:46	5	3	22.0	24.5218	50.4703
1585467800.9181707	2020-03-29 15:43:20	5	3	22.0	24.5218	50.4703
1585467834.9121978	2020-03-29 15:43:54	5	3	22.0	24.5218	50.4703
1585467870.2389934	2020-03-29 15:44:30	5	3	22.0	24.5218	50.4703
1585467903.9215391	2020-03-29 15:45:03	5	3	22.0	24.5218	50.4703
1585467936.3917851	2020-03-29 15:45:36	5	3	22.0	24.5218	50.4703
1585467972.1396763	2020-03-29 15:46:12	5	3	22.0	24.5218	50.4703
1585468006.8432484	2020-03-29 15:46:46	5	3	22.0	24.5218	50.4703
1585468041.6572876	2020-03-29 15:47:21	5	3	22.0	24.5218	50.4703
1585468076.5877600	2020-03-29 15:47:56	5	3	22.0	24.6165	50.4703
1585468110.7791424	2020-03-29 15:48:30	5	3	22.0	24.6165	50.4703
1585468145.0870440	2020-03-29 15:49:05	5	3	22.0	24.6165	50.4703
1585468179.0811441	2020-03-29 15:49:39	5	3	22.0	24.6165	50.4703
1585468214.7160518	2020-03-29 15:50:14	5	3	22.0	24.6165	50.4703
1585468249.2257638	2020-03-29 15:50:49	5	3	22.0	24.6165	50.4703
1585468283.1240449	2020-03-29 15:51:23	5	3	22.0	24.6165	50.4703
1585468317.3223581	2020-03-29 15:51:57	5	3	22.0	24.6165	50.4703
1585468351.1137941	2020-03-29 15:52:31	5	3	22.0	24.6165	50.4703
1585468385.0097518	2020-03-29 15:53:05	5	3	22.0	24.6165	50.4703
1585468419.1088560	2020-03-29 15:53:39	5	3	22.0	24.7136	50.4703
1585468453.1049075	2020-03-29 15:54:13	5	3	22.0	24.7136	50.4703
1585468487.1025944	2020-03-29 15:54:47	5	3	22.0	24.7136	50.4703
1585468523.4553409	2020-03-29 15:55:23	5	3	22.0	24.7136	50.4703
1585468559.2963173	2020-03-29 15:55:59	5	3	22.0	24.7136	50.4703
1585468598.4689391	2020-03-29 15:56:38	5	3	22.0	24.7136	50.4703
1585468632.6144001	2020-03-29 15:57:12	5	3	22.0	24.7136	50.4703
1585468666.9180236	2020-03-29 15:57:46	5	3	22.0	24.7136	50.4703
1585468701.0168715	2020-03-29 15:58:21	5	3	22.0	24.7136	50.4703
1585468735.1199808	2020-03-29 15:58:55	5	3	22.0	24.7136	50.4703
1585468769.0106521	2020-03-29 15:59:29	5	3	22.0	24.7136	50.4703
1585468803.2127948	2020-03-29 16:00:03	5	3	22.0	24.8191	50.4703
1585468837.2112062	2020-03-29 16:00:37	5	3	22.0	24.8191	50.4703
1585468871.9937871	2020-03-29 16:01:11	5	3	22.0	24.8191	50.4703
1585468915.9606345	2020-03-29 16:01:55	5	3	22.0	24.8191	50.4703
1585468967.0701394	2020-03-29 16:02:47	5	3	22.0	24.8191	50.4703
1585469005.6737130	2020-03-29 16:03:25	5	3	22.0	24.8191	50.4703
1585469047.0710471	2020-03-29 16:04:07	5	3	22.0	24.8191	50.4703
1585469082.3735354	2020-03-29 16:04:42	5	3	22.0	24.8191	50.4703
1585469116.7646911	2020-03-29 16:05:16	5	3	22.0	24.8191	50.4703
1585469151.2735131	2020-03-29 16:05:51	5	3	22.0	24.9241	50.4703
1585469185.2704785	2020-03-29 16:06:25	5	3	22.0	24.9241	50.4703
1585469219.2667818	2020-03-29 16:06:59	5	3	22.0	24.9241	50.4703
1585469254.8015208	2020-03-29 16:07:34	5	3	22.0	24.9241	50.4703
1585469289.2102947	2020-03-29 16:08:09	5	3	22.0	24.9241	50.4703
1585469323.2044175	2020-03-29 16:08:43	5	3	22.0	24.9241	50.4703
1585469357.3051114	2020-03-29 16:09:17	5	3	22.0	24.9241	50.4703
1585469391.3020568	2020-03-29 16:09:51	5	3	22.0	24.9241	50.4703
1585469425.2980676	2020-03-29 16:10:25	5	3	22.0	24.9241	50.4703
1585469460.0125802	2020-03-29 16:11:00	5	3	22.0	24.9241	50.4703
1585469494.1105998	2020-03-29 16:11:34	5	3	22.0	25.0327	50.4703
1585469526.3689921	2020-03-29 16:12:06	5	3	22.0	25.0327	50.4703
1585469560.0200546	2020-03-29 16:12:40	5	3	22.0	25.0327	50.4703
1585469592.6201496	2020-03-29 16:13:12	5	3	22.0	25.0327	50.4703
1585469624.8131802	2020-03-29 16:13:44	5	3	22.0	25.0327	50.4703
1585469674.4776063	2020-03-29 16:14:34	5	3	22.0	25.0327	50.4703
1585469708.3197374	2020-03-29 16:15:08	5	3	22.0	25.0327	50.4703
1585469741.6136477	2020-03-29 16:15:41	5	3	22.0	25.1048	50.4703
1585469778.3749847	2020-03-29 16:16:18	5	3	22.0	25.1048	50.4703
1585469812.4766688	2020-03-29 16:16:52	5	3	22.0	25.1048	50.4703
1585469847.1891758	2020-03-29 16:17:27	5	3	22.0	25.1048	50.4703
1585469881.7080112	2020-03-29 16:18:01	5	3	22.0	25.1048	50.4703
1585469916.2100863	2020-03-29 16:18:36	5	3	22.0	25.1048	50.4703
1585469953.7881463	2020-03-29 16:19:13	5	3	22.0	25.1048	50.4703
1585469987.4334283	2020-03-29 16:19:47	5	3	22.0	25.1048	50.4703
1585470019.8368936	2020-03-29 16:20:19	5	3	22.0	25.1048	50.4703
1585470054.3313453	2020-03-29 16:20:54	5	3	22.0	25.1048	50.4703
1585470086.4097178	2020-03-29 16:21:26	5	3	22.0	25.1048	50.4703
1585470119.6777568	2020-03-29 16:21:59	5	3	22.0	25.2178	50.4703
1585470153.7772419	2020-03-29 16:22:33	5	3	22.0	25.2178	50.4703
1585470187.6721961	2020-03-29 16:23:07	5	3	22.0	25.2178	50.4703
1585470221.5678477	2020-03-29 16:23:41	5	3	22.0	25.2178	50.4703
1585470255.5637159	2020-03-29 16:24:15	5	3	22.0	25.2178	50.4703
1585470291.4046519	2020-03-29 16:24:51	5	3	22.0	25.2178	50.4703
1585470325.3790429	2020-03-29 16:25:25	5	3	22.0	25.2178	50.4703
1585470365.6462944	2020-03-29 16:26:05	5	3	22.0	25.2178	50.4703
1585470400.0563865	2020-03-29 16:26:40	5	3	22.0	25.2178	50.4703
1585477686.3857086	2020-03-29 18:28:06	5	3	22.0	27.4145	50.4703
1585477720.0043423	2020-03-29 18:28:40	5	3	22.0	27.4145	50.4703
1585477753.5539818	2020-03-29 18:29:13	5	3	22.0	27.4145	50.4703
1585477788.4724760	2020-03-29 18:29:48	5	3	22.0	27.4145	50.4703
1585477822.7762113	2020-03-29 18:30:22	5	3	22.0	27.4145	50.4703
1585477857.3873346	2020-03-29 18:30:57	5	3	22.0	27.4145	50.4703
1585477893.7394779	2020-03-29 18:31:33	5	3	22.0	27.5034	50.4703
1585477927.7446752	2020-03-29 18:32:07	5	3	22.0	27.5034	50.4703
1585477962.9674804	2020-03-29 18:32:42	5	3	22.0	27.5034	50.4703
1585477997.5740783	2020-03-29 18:33:17	5	3	22.0	27.5034	50.4703
1585478031.4684720	2020-03-29 18:33:51	5	3	22.0	27.5034	50.4703
1585478065.4160316	2020-03-29 18:34:25	5	3	22.0	27.5034	50.4703
1585478099.3652277	2020-03-29 18:34:59	5	3	22.0	27.5034	50.4703
1585478133.4599886	2020-03-29 18:35:33	5	3	22.0	27.5034	50.4703
1585478167.6612544	2020-03-29 18:36:07	5	3	22.0	27.5034	50.4703
1585478201.4529281	2020-03-29 18:36:41	5	3	22.0	27.5034	50.4703
1585478235.4559338	2020-03-29 18:37:15	5	3	22.0	27.5034	50.4703
1585478269.9605458	2020-03-29 18:37:49	5	3	22.0	27.5034	50.4703
1585478304.2745423	2020-03-29 18:38:24	5	3	22.0	27.5034	50.4703
1585478339.3925447	2020-03-29 18:38:59	5	3	22.0	27.5034	50.4703
1585478375.0260057	2020-03-29 18:39:35	5	3	22.0	27.5034	50.4703
1585478409.4334300	2020-03-29 18:40:09	5	3	22.0	27.5034	50.4703
1585478444.7617202	2020-03-29 18:40:44	5	3	22.0	27.5034	50.4703
1585478495.2953737	2020-03-29 18:41:35	5	3	22.0	27.5034	50.4703
1585478529.4442999	2020-03-29 18:42:09	5	3	22.0	27.5034	50.4703
1585478563.5472875	2020-03-29 18:42:43	5	3	22.0	27.5034	50.4703
1585478597.4414301	2020-03-29 18:43:17	5	3	22.0	27.5034	50.4703
1585478631.1231809	2020-03-29 18:43:51	5	3	22.0	27.5034	50.4703
1585478665.4341516	2020-03-29 18:44:25	5	3	22.0	27.5034	50.4703
1585478701.6864178	2020-03-29 18:45:01	5	3	22.0	27.5034	50.4703
1585478735.5782068	2020-03-29 18:45:35	5	3	22.0	27.5034	50.4703
1585478770.6030369	2020-03-29 18:46:10	5	3	22.0	27.5034	50.4703
1585478806.5431454	2020-03-29 18:46:46	5	3	22.0	27.5034	50.4703
1585478841.1543744	2020-03-29 18:47:21	5	3	22.0	27.5034	50.4703
1585478875.2541826	2020-03-29 18:47:55	5	3	22.0	27.5034	50.4703
1585478909.7636399	2020-03-29 18:48:29	5	3	22.0	27.5034	50.4703
1585478944.6820102	2020-03-29 18:49:04	5	3	22.0	27.5034	50.4703
1585478979.6017780	2020-03-29 18:49:39	5	3	22.0	27.5034	50.4703
1585479017.0813875	2020-03-29 18:50:17	5	3	22.0	27.5034	50.4703
1585479052.2024722	2020-03-29 18:50:52	5	3	22.0	27.5034	50.4703
1585479087.7392478	2020-03-29 18:51:27	5	3	22.0	27.5034	50.4703
1585479127.3724587	2020-03-29 18:52:07	5	3	22.0	27.5034	50.4703
1585479162.2851911	2020-03-29 18:52:42	5	3	22.0	27.5034	50.4703
1585479196.8940520	2020-03-29 18:53:16	5	3	22.0	27.5034	50.4703
1585479231.7119579	2020-03-29 18:53:51	5	3	22.0	27.5034	50.4703
1585479265.7070937	2020-03-29 18:54:25	5	3	22.0	27.5034	50.4703
1585479299.7047269	2020-03-29 18:54:59	5	3	22.0	27.5034	50.4703
1585479333.0103967	2020-03-29 18:55:33	5	3	22.0	27.5034	50.4703
1585479368.9296799	2020-03-29 18:56:08	5	3	22.0	27.5034	50.4703
1585479402.1030648	2020-03-29 18:56:42	5	3	22.0	27.5034	50.4703
1585479435.1161804	2020-03-29 18:57:15	5	3	22.0	27.5034	50.4703
1585479467.6443057	2020-03-29 18:57:47	5	3	22.0	27.5034	50.4703
1585479504.9131227	2020-03-29 18:58:24	5	3	22.0	27.5034	50.4703
1585479537.8994832	2020-03-29 18:58:57	5	3	22.0	27.5034	50.4703
1585479583.6594279	2020-03-29 18:59:43	5	3	22.0	27.5034	50.4703
1585479617.7595501	2020-03-29 19:00:17	5	3	22.0	27.5034	50.4703
1585479651.7553091	2020-03-29 19:00:51	5	3	22.0	27.5034	50.4703
1585479685.6491451	2020-03-29 19:01:25	5	3	22.0	27.5034	50.4703
1585479719.5442119	2020-03-29 19:01:59	5	3	22.0	27.5034	50.4703
1585479752.8519146	2020-03-29 19:02:32	5	3	22.0	27.5034	50.4703
1585479793.8901465	2020-03-29 19:03:13	5	3	22.0	27.5034	50.4703
1585479827.7827675	2020-03-29 19:03:47	5	3	22.0	27.5034	50.4703
1585479865.7160158	2020-03-29 19:04:25	5	3	22.0	27.5034	50.4703
1585479902.5371425	2020-03-29 19:05:02	5	3	22.0	27.5034	50.4703
1585479938.2806616	2020-03-29 19:05:38	5	3	22.0	27.5034	50.4703
1585479979.1333666	2020-03-29 19:06:19	5	3	22.0	27.5034	50.4703
1585480036.1855454	2020-03-29 19:07:16	5	3	22.0	27.5034	50.4703
1585480076.1444061	2020-03-29 19:07:56	5	3	22.0	27.5034	50.4703
1585480122.9539764	2020-03-29 19:08:42	5	3	22.0	27.5034	50.4703
1585480190.4051867	2020-03-29 19:09:50	5	3	22.0	27.601	50.4703
1585480235.2354600	2020-03-29 19:10:35	5	3	22.0	27.601	50.4703
1585480272.8156137	2020-03-29 19:11:12	5	3	22.0	27.601	50.4703
1585480307.0195553	2020-03-29 19:11:47	5	3	22.0	27.601	50.4703
1585480341.3249245	2020-03-29 19:12:21	5	3	22.0	27.601	50.4703
1585480377.0590715	2020-03-29 19:12:57	5	3	22.0	27.601	50.4703
1585480411.1611745	2020-03-29 19:13:31	5	3	22.0	27.601	50.4703
1585480445.8740063	2020-03-29 19:14:05	5	3	22.0	27.601	50.4703
1585480482.6379380	2020-03-29 19:14:42	5	3	22.0	27.601	50.4703
1585480518.0650675	2020-03-29 19:15:18	5	3	22.0	27.601	50.4703
1585480552.0625827	2020-03-29 19:15:52	5	3	22.0	27.601	50.4703
1585480586.0599873	2020-03-29 19:16:26	5	3	22.0	27.601	50.4703
1585480619.8520863	2020-03-29 19:16:59	5	3	22.0	27.601	50.4703
1585480653.9507756	2020-03-29 19:17:33	5	3	22.0	27.601	50.4703
1585480687.9482954	2020-03-29 19:18:07	5	3	22.0	27.601	50.4703
1585480722.2545474	2020-03-29 19:18:42	5	3	22.0	27.601	50.4703
1585480760.7550089	2020-03-29 19:19:20	5	3	22.0	27.601	50.4703
1585480796.2884214	2020-03-29 19:19:56	5	3	22.0	27.601	50.4703
1585480830.1831992	2020-03-29 19:20:30	5	3	22.0	27.601	50.4703
1585480864.0781102	2020-03-29 19:21:04	5	3	22.0	27.601	50.4703
1585480897.9735298	2020-03-29 19:21:37	5	3	22.0	27.601	50.4703
1585480932.3787427	2020-03-29 19:22:12	5	3	22.0	27.601	50.4703
1585480966.0744715	2020-03-29 19:22:46	5	3	22.0	27.601	50.4703
1585480998.5302441	2020-03-29 19:23:18	5	3	22.0	27.601	50.4703
1585481036.6268744	2020-03-29 19:23:56	5	3	22.0	27.5995	50.4703
1585481072.5745714	2020-03-29 19:24:32	5	3	22.0	27.5995	50.4703
1585481115.4724195	2020-03-29 19:25:15	5	3	22.0	27.5995	50.4703
1585481149.8785400	2020-03-29 19:25:49	5	3	22.0	27.5995	50.4703
1585481184.0799842	2020-03-29 19:26:24	5	3	22.0	27.5995	50.4703
1585481216.7465906	2020-03-29 19:26:56	5	3	22.0	27.5995	50.4703
1585481251.5014291	2020-03-29 19:27:31	5	3	22.0	27.5995	50.4703
1585481289.4506233	2020-03-29 19:28:09	5	3	22.0	27.5995	50.4703
1585481324.2707081	2020-03-29 19:28:44	5	3	22.0	27.5995	50.4703
1585481364.6161582	2020-03-29 19:29:24	5	3	22.0	27.5995	50.4703
1585481399.0237939	2020-03-29 19:29:59	5	3	22.0	27.5995	50.4703
1585481438.0660701	2020-03-29 19:30:38	5	3	22.0	27.5995	50.4703
1585481481.4530234	2020-03-29 19:31:21	5	3	22.0	27.5995	50.4703
1585481517.1954441	2020-03-29 19:31:57	5	3	22.0	27.5995	50.4703
1585481564.3965259	2020-03-29 19:32:44	5	3	22.0	27.5995	50.4703
1585481598.1156070	2020-03-29 19:33:18	5	3	22.0	27.5995	50.4703
1585481630.6510143	2020-03-29 19:33:50	5	3	22.0	27.5995	50.4703
1585481665.0574694	2020-03-29 19:34:25	5	3	22.0	27.5995	50.4703
1585481699.4646659	2020-03-29 19:34:59	5	3	22.0	27.5995	50.4703
