1585454361.6620493	2020-03-29 11:59:21	5	5	22.0	20.1728	99.5172
1585454394.4946229	2020-03-29 11:59:54	5	5	22.0	20.1728	64.103
1585454428.7988706	2020-03-29 12:00:28	5	5	22.0	20.1728	60.6688
1585454463.1049106	2020-03-29 12:01:03	5	5	22.0	20.1728	60.4893
1585454497.4215658	2020-03-29 12:01:37	5	5	22.0	20.1728	60.4893
1585454529.8707113	2020-03-29 12:02:09	5	5	22.0	20.1728	60.4893
1585454567.2516267	2020-03-29 12:02:47	5	5	22.0	20.1728	60.4893
1585454602.8837376	2020-03-29 12:03:22	5	5	22.0	20.1728	60.4893
1585454637.3868062	2020-03-29 12:03:57	5	5	22.0	20.2601	60.4893
1585454671.1906641	2020-03-29 12:04:31	5	5	22.0	20.2601	60.4893
1585454705.6892569	2020-03-29 12:05:05	5	5	22.0	20.2601	60.4893
1585454738.9835536	2020-03-29 12:05:38	5	5	22.0	20.3242	60.4893
1585454770.7155521	2020-03-29 12:06:10	5	5	22.0	20.3242	60.4893
1585454807.2426431	2020-03-29 12:06:47	5	5	22.0	20.3242	60.4893
1585454841.1707625	2020-03-29 12:07:21	5	5	22.0	20.3242	60.4893
1585454875.1642728	2020-03-29 12:07:55	5	5	22.0	20.3242	60.4893
1585454908.5487444	2020-03-29 12:08:28	5	5	22.0	20.3242	60.4893
1585454941.4171813	2020-03-29 12:09:01	5	5	22.0	20.3242	60.4893
1585454975.1066480	2020-03-29 12:09:35	5	5	22.0	20.3242	60.4893
1585455018.0126131	2020-03-29 12:10:18	5	5	22.0	20.4684	60.4893
1585455052.2214019	2020-03-29 12:10:52	5	5	22.0	20.4684	60.4893
1585455086.4163914	2020-03-29 12:11:26	5	5	22.0	20.4684	60.4893
1585455126.2521796	2020-03-29 12:12:06	5	5	22.0	20.5323	60.4893
1585455160.1471915	2020-03-29 12:12:40	5	5	22.0	20.5323	60.4893
1585455195.2684288	2020-03-29 12:13:15	5	5	22.0	20.5323	60.4893
1585455229.5704014	2020-03-29 12:13:49	5	5	22.0	20.5323	60.4893
1585455263.4680014	2020-03-29 12:14:23	5	5	22.0	20.5323	60.4893
1585455297.2941492	2020-03-29 12:14:57	5	5	22.0	20.5323	60.4893
1585455330.7967780	2020-03-29 12:15:30	5	5	22.0	20.5323	60.4893
1585455365.0507574	2020-03-29 12:16:05	5	5	22.0	20.6563	60.4893
1585455399.1488338	2020-03-29 12:16:39	5	5	22.0	20.6563	60.4893
1585455433.1462829	2020-03-29 12:17:13	5	5	22.0	20.6563	60.4893
1585455467.0420208	2020-03-29 12:17:47	5	5	22.0	20.7164	60.4893
1585455501.0763793	2020-03-29 12:18:21	5	5	22.0	20.7164	60.4893
1585455534.8294568	2020-03-29 12:18:54	5	5	22.0	20.7164	60.4893
1585455569.3386426	2020-03-29 12:19:29	5	5	22.0	20.7164	60.4893
1585455603.5401719	2020-03-29 12:20:03	5	5	22.0	20.7164	60.4893
1585455637.3335788	2020-03-29 12:20:37	5	5	22.0	20.7164	60.4893
1585455672.0580428	2020-03-29 12:21:12	5	5	22.0	20.7164	60.4893
1585455707.2754116	2020-03-29 12:21:47	5	5	22.0	20.8247	60.4893
1585455741.4744806	2020-03-29 12:22:21	5	5	22.0	20.8247	60.4893
1585455775.8814433	2020-03-29 12:22:55	5	5	22.0	20.8247	60.4893
1585455809.8774180	2020-03-29 12:23:29	5	5	22.0	20.8247	60.4893
1585455845.3080475	2020-03-29 12:24:05	5	5	22.0	20.8247	60.4893
1585455879.5269878	2020-03-29 12:24:39	5	5	22.0	20.8247	60.4893
1585455919.2589998	2020-03-29 12:25:19	5	5	22.0	20.8247	60.4893
1585455955.9094305	2020-03-29 12:25:55	5	5	22.0	20.9212	60.4893
1585455989.5926161	2020-03-29 12:26:29	5	5	22.0	20.9212	60.4893
1585456023.4879324	2020-03-29 12:27:03	5	5	22.0	20.9212	60.4893
1585456058.8168297	2020-03-29 12:27:38	5	5	22.0	20.9212	60.4893
1585456104.9971826	2020-03-29 12:28:24	5	5	22.0	20.9212	60.4893
1585456146.6742287	2020-03-29 12:29:06	5	5	22.0	20.9212	60.4893
1585456189.3021917	2020-03-29 12:29:49	5	5	22.0	21.0068	60.4893
1585456243.0349009	2020-03-29 12:30:43	5	5	22.0	21.0068	60.4893
1585456278.0574119	2020-03-29 12:31:18	5	5	22.0	21.0068	60.4893
1585456311.9578817	2020-03-29 12:31:51	5	5	22.0	21.0068	60.4893
1585456345.5338950	2020-03-29 12:32:25	5	5	22.0	21.0068	60.4893
1585456379.1225600	2020-03-29 12:32:59	5	5	22.0	21.0068	60.4893
1585456413.0168185	2020-03-29 12:33:33	5	5	22.0	21.0068	60.4893
1585456447.2189078	2020-03-29 12:34:07	5	5	22.0	21.0068	60.4893
1585456481.5255244	2020-03-29 12:34:41	5	5	22.0	21.0068	60.4893
1585456515.5221326	2020-03-29 12:35:15	5	5	22.0	21.0068	60.4893
1585456549.3280690	2020-03-29 12:35:49	5	5	22.0	21.1177	60.4893
1585456583.1311605	2020-03-29 12:36:23	5	5	22.0	21.1177	60.4893
1585456620.4907873	2020-03-29 12:37:00	5	5	22.0	21.1177	60.4893
1585456654.2436767	2020-03-29 12:37:34	5	5	22.0	21.1177	60.4893
1585456686.9376807	2020-03-29 12:38:06	5	5	22.0	21.1177	60.4893
1585456724.1095030	2020-03-29 12:38:44	5	5	22.0	21.1177	60.4893
1585456758.1363816	2020-03-29 12:39:18	5	5	22.0	21.1177	60.4893
1585456792.1076303	2020-03-29 12:39:52	5	5	22.0	21.1177	60.4893
1585456826.1293020	2020-03-29 12:40:26	5	5	22.0	21.1177	60.4893
1585456858.6639974	2020-03-29 12:40:58	5	5	22.0	21.1177	60.4893
1585456892.0844843	2020-03-29 12:41:32	5	5	22.0	21.1177	60.4893
1585456925.0216925	2020-03-29 12:42:05	5	5	22.0	21.2129	60.4893
1585456959.5308607	2020-03-29 12:42:39	5	5	22.0	21.2129	60.4893
1585456993.4242692	2020-03-29 12:43:13	5	5	22.0	21.2129	60.4893
1585457027.6295910	2020-03-29 12:43:47	5	5	22.0	21.2129	60.4893
1585457061.6238520	2020-03-29 12:44:21	5	5	22.0	21.2129	60.4893
1585457096.1333382	2020-03-29 12:44:56	5	5	22.0	21.2129	60.4893
1585457130.9122884	2020-03-29 12:45:30	5	5	22.0	21.2129	60.4893
1585457166.5846529	2020-03-29 12:46:06	5	5	22.0	21.2129	60.4893
1585457199.6612999	2020-03-29 12:46:39	5	5	22.0	21.2129	60.4893
1585457233.7640343	2020-03-29 12:47:13	5	5	22.0	21.2129	60.4893
1585457270.3179069	2020-03-29 12:47:50	5	5	22.0	21.2129	60.4893
1585457303.9090261	2020-03-29 12:48:23	5	5	22.0	21.2129	60.4893
1585457338.1137943	2020-03-29 12:48:58	5	5	22.0	21.2129	60.4893
1585457371.8036690	2020-03-29 12:49:31	5	5	22.0	21.2129	60.4893
1585457405.7941046	2020-03-29 12:50:05	5	5	22.0	21.3198	60.4893
1585457444.9097071	2020-03-29 12:50:44	5	5	22.0	21.3198	60.4893
1585457479.3164654	2020-03-29 12:51:19	5	5	22.0	21.3198	60.4893
1585457513.5175762	2020-03-29 12:51:53	5	5	22.0	21.3198	60.4893
1585457548.1428087	2020-03-29 12:52:28	5	5	22.0	21.3198	60.4893
1585457582.0233388	2020-03-29 12:53:02	5	5	22.0	21.3198	60.4893
1585457615.5086982	2020-03-29 12:53:35	5	5	22.0	21.3198	60.4893
1585457654.1143422	2020-03-29 12:54:14	5	5	22.0	21.3198	60.4893
1585457690.6743138	2020-03-29 12:54:50	5	5	22.0	21.3198	60.4893
1585457725.6928127	2020-03-29 12:55:25	5	5	22.0	21.3198	60.4893
1585457762.5557463	2020-03-29 12:56:02	5	5	22.0	21.3198	60.4893
1585457796.5367265	2020-03-29 12:56:36	5	5	22.0	21.3198	60.4893
1585457828.0793476	2020-03-29 12:57:08	5	5	22.0	21.3198	60.4893
1585457862.1945586	2020-03-29 12:57:42	5	5	22.0	21.4108	60.4893
1585457895.2919831	2020-03-29 12:58:15	5	5	22.0	21.4108	60.4893
1585457931.8530073	2020-03-29 12:58:51	5	5	22.0	21.4108	60.4893
1585457965.1605139	2020-03-29 12:59:25	5	5	22.0	21.4108	60.4893
1585457999.8236918	2020-03-29 12:59:59	5	5	22.0	21.4108	60.4893
1585458036.9936411	2020-03-29 13:00:36	5	5	22.0	21.4108	60.4893
1585458070.3970783	2020-03-29 13:01:10	5	5	22.0	21.4108	60.4893
1585458101.7863276	2020-03-29 13:01:41	5	5	22.0	21.4108	60.4893
1585458133.3319387	2020-03-29 13:02:13	5	5	22.0	21.4108	60.4893
1585458165.3189709	2020-03-29 13:02:45	5	5	22.0	21.4108	60.4893
1585458198.1717803	2020-03-29 13:03:18	5	5	22.0	21.4108	60.4893
1585458235.0336995	2020-03-29 13:03:55	5	5	22.0	21.4108	60.4893
1585458277.9775801	2020-03-29 13:04:37	5	5	22.0	21.4108	60.4893
1585458311.5326128	2020-03-29 13:05:11	5	5	22.0	21.4108	60.4893
1585458346.5488832	2020-03-29 13:05:46	5	5	22.0	21.4108	60.4893
1585458383.6166010	2020-03-29 13:06:23	5	5	22.0	21.4108	60.4893
1585458418.1249173	2020-03-29 13:06:58	5	5	22.0	21.4108	60.4893
1585458454.3756900	2020-03-29 13:07:34	5	5	22.0	21.4108	60.4893
1585458488.6844590	2020-03-29 13:08:08	5	5	22.0	21.5144	60.4893
1585458522.5932448	2020-03-29 13:08:42	5	5	22.0	21.5144	60.4893
1585458556.2654674	2020-03-29 13:09:16	5	5	22.0	21.5144	60.4893
1585458591.5922890	2020-03-29 13:09:51	5	5	22.0	21.5144	60.4893
1585458626.4273989	2020-03-29 13:10:26	5	5	22.0	21.5144	60.4893
1585458666.1846943	2020-03-29 13:11:06	5	5	22.0	21.5144	60.4893
1585458700.2248406	2020-03-29 13:11:40	5	5	22.0	21.5144	60.4893
1585458731.4715717	2020-03-29 13:12:11	5	5	22.0	21.5144	60.4893
1585458762.9144256	2020-03-29 13:12:42	5	5	22.0	21.5144	60.4893
1585458794.1534495	2020-03-29 13:13:14	5	5	22.0	21.5144	60.4893
1585458826.7047622	2020-03-29 13:13:46	5	5	22.0	21.5144	60.4893
1585458861.3168921	2020-03-29 13:14:21	5	5	22.0	21.5144	60.4893
1585458897.6174979	2020-03-29 13:14:57	5	5	22.0	21.5144	60.4893
1585458930.2328672	2020-03-29 13:15:30	5	5	22.0	21.5144	60.4893
1585458964.2310345	2020-03-29 13:16:04	5	5	22.0	21.6035	60.4893
1585459001.1956532	2020-03-29 13:16:41	5	5	22.0	21.6035	60.4893
1585459035.1926303	2020-03-29 13:17:15	5	5	22.0	21.6035	60.4893
1585459069.8045437	2020-03-29 13:17:49	5	5	22.0	21.6035	60.4893
1585459102.7623224	2020-03-29 13:18:22	5	5	22.0	21.6035	60.4893
1585459135.6738064	2020-03-29 13:18:55	5	5	22.0	21.6035	60.4893
1585459169.1350660	2020-03-29 13:19:29	5	5	22.0	21.6035	60.4893
1585459203.0291655	2020-03-29 13:20:03	5	5	22.0	21.6035	60.4893
1585459237.1317441	2020-03-29 13:20:37	5	5	22.0	21.6035	60.4893
1585459271.7404957	2020-03-29 13:21:11	5	5	22.0	21.6035	60.4893
1585459307.1691806	2020-03-29 13:21:47	5	5	22.0	21.6035	60.4893
1585459341.1655195	2020-03-29 13:22:21	5	5	22.0	21.6035	60.4893
1585459375.2649446	2020-03-29 13:22:55	5	5	22.0	21.6035	60.4893
1585459409.5693409	2020-03-29 13:23:29	5	5	22.0	21.6035	60.4893
1585459443.6699612	2020-03-29 13:24:03	5	5	22.0	21.6035	60.4893
1585459476.5791669	2020-03-29 13:24:36	5	5	22.0	21.6035	60.4893
1585459509.1022716	2020-03-29 13:25:09	5	5	22.0	21.6035	60.4893
1585459550.1687763	2020-03-29 13:25:50	5	5	22.0	21.6035	60.4893
1585459586.9281285	2020-03-29 13:26:26	5	5	22.0	21.6035	60.4893
1585459620.1266694	2020-03-29 13:27:00	5	5	22.0	21.6035	60.4893
1585459670.7941258	2020-03-29 13:27:50	5	5	22.0	21.7169	60.4893
1585459704.7923174	2020-03-29 13:28:24	5	5	22.0	21.7169	60.4893
1585459738.3824909	2020-03-29 13:28:58	5	5	22.0	21.7169	60.4893
1585459772.3758144	2020-03-29 13:29:32	5	5	22.0	21.7169	60.4893
1585459812.4840629	2020-03-29 13:30:12	5	5	22.0	21.7169	60.4893
1585459861.4666352	2020-03-29 13:31:01	5	5	22.0	21.7169	60.4893
1585459909.4903734	2020-03-29 13:31:49	5	5	22.0	21.7169	60.4893
1585459947.6856852	2020-03-29 13:32:27	5	5	22.0	21.7169	60.4893
1585459983.0750012	2020-03-29 13:33:03	5	5	22.0	21.7169	60.4893
1585460016.4998999	2020-03-29 13:33:36	5	5	22.0	21.7169	60.4893
1585460050.7103031	2020-03-29 13:34:10	5	5	22.0	21.7169	60.4893
1585460084.9020183	2020-03-29 13:34:44	5	5	22.0	21.7169	60.4893
1585460118.0813844	2020-03-29 13:35:18	5	5	22.0	21.7169	60.4893
1585460151.0538468	2020-03-29 13:35:51	5	5	22.0	21.7169	60.4893
1585460185.8700933	2020-03-29 13:36:25	5	5	22.0	21.7169	60.4893
1585460218.4043872	2020-03-29 13:36:58	5	5	22.0	21.7169	60.4893
1585460250.6914642	2020-03-29 13:37:30	5	5	22.0	21.7169	60.4893
1585460283.9692469	2020-03-29 13:38:03	5	5	22.0	21.7169	60.4893
1585460317.8575900	2020-03-29 13:38:37	5	5	22.0	21.7169	60.4893
1585460362.4533262	2020-03-29 13:39:22	5	5	22.0	21.7169	60.4893
1585460393.9677446	2020-03-29 13:39:53	5	5	22.0	21.8145	60.4893
1585460425.4952028	2020-03-29 13:40:25	5	5	22.0	21.8145	60.4893
1585460457.5798779	2020-03-29 13:40:57	5	5	22.0	21.8145	60.4893
1585460489.4284999	2020-03-29 13:41:29	5	5	22.0	21.8145	60.4893
1585460520.7072744	2020-03-29 13:42:00	5	5	22.0	21.8145	60.4893
1585460554.0610819	2020-03-29 13:42:34	5	5	22.0	21.8145	60.4893
1585460586.4551644	2020-03-29 13:43:06	5	5	22.0	21.8145	60.4893
1585460617.8103573	2020-03-29 13:43:37	5	5	22.0	21.8145	60.4893
1585460649.3626189	2020-03-29 13:44:09	5	5	22.0	21.8145	60.4893
1585460681.2447593	2020-03-29 13:44:41	5	5	22.0	21.8145	60.4893
1585460712.5735979	2020-03-29 13:45:12	5	5	22.0	21.8145	60.4893
1585460744.4519882	2020-03-29 13:45:44	5	5	22.0	21.8145	60.4893
1585460776.3305948	2020-03-29 13:46:16	5	5	22.0	21.8145	60.4893
1585460807.8022561	2020-03-29 13:46:47	5	5	22.0	21.8145	60.4893
1585460839.0622790	2020-03-29 13:47:19	5	5	22.0	21.8145	60.4893
1585460870.9806569	2020-03-29 13:47:50	5	5	22.0	21.8145	60.4893
1585460902.3506212	2020-03-29 13:48:22	5	5	22.0	21.8145	60.4893
1585460933.7822833	2020-03-29 13:48:53	5	5	22.0	21.8145	60.4893
1585460965.7124999	2020-03-29 13:49:25	5	5	22.0	21.8145	60.4893
1585460997.6165524	2020-03-29 13:49:57	5	5	22.0	21.8145	60.4893
1585461028.9941425	2020-03-29 13:50:28	5	5	22.0	21.8145	60.4893
1585461061.0587461	2020-03-29 13:51:01	5	5	22.0	21.8145	60.4893
1585461092.4681900	2020-03-29 13:51:32	5	5	22.0	21.8145	60.4893
1585461124.1473951	2020-03-29 13:52:04	5	5	22.0	21.9017	60.4893
1585461155.7511675	2020-03-29 13:52:35	5	5	22.0	21.9017	60.4893
1585461187.1684971	2020-03-29 13:53:07	5	5	22.0	21.9017	60.4893
1585461219.9277842	2020-03-29 13:53:39	5	5	22.0	21.9017	60.4893
1585461254.2773521	2020-03-29 13:54:14	5	5	22.0	21.9017	60.4893
1585461288.9368856	2020-03-29 13:54:48	5	5	22.0	21.9017	60.4893
1585461321.1281540	2020-03-29 13:55:21	5	5	22.0	21.9017	60.4893
1585461352.4419787	2020-03-29 13:55:52	5	5	22.0	21.9017	60.4893
1585461383.7377017	2020-03-29 13:56:23	5	5	22.0	21.9017	60.4893
1585461415.1638272	2020-03-29 13:56:55	5	5	22.0	21.9017	60.4893
1585461446.4307852	2020-03-29 13:57:26	5	5	22.0	21.9017	60.4893
1585461477.9565475	2020-03-29 13:57:57	5	5	22.0	21.9017	60.4893
1585461509.5957539	2020-03-29 13:58:29	5	5	22.0	21.9017	60.4893
1585461550.8920791	2020-03-29 13:59:10	5	5	22.0	21.9017	60.4893
1585461589.2832544	2020-03-29 13:59:49	5	5	22.0	21.9017	60.4893
1585461623.7293899	2020-03-29 14:00:23	5	5	22.0	21.9017	60.4893
1585461655.4043212	2020-03-29 14:00:55	5	5	22.0	21.9017	60.4893
1585461687.3954828	2020-03-29 14:01:27	5	5	22.0	21.9017	60.4893
1585461719.0847607	2020-03-29 14:01:59	5	5	22.0	22.0029	60.4893
1585461751.1041989	2020-03-29 14:02:31	5	5	22.0	22.0029	60.4893
1585461782.8839691	2020-03-29 14:03:02	5	5	22.0	22.0029	60.4893
1585461814.8598573	2020-03-29 14:03:34	5	5	22.0	22.0029	60.4893
1585461846.1742492	2020-03-29 14:04:06	5	5	22.0	22.0029	60.4893
1585461877.4035759	2020-03-29 14:04:37	5	5	22.0	22.0029	60.4893
1585461908.7013052	2020-03-29 14:05:08	5	5	22.0	22.0029	60.4893
1585461939.9332874	2020-03-29 14:05:39	5	5	22.0	22.0029	60.4893
1585461971.4325876	2020-03-29 14:06:11	5	5	22.0	22.0029	60.4893
1585462004.6084654	2020-03-29 14:06:44	5	5	22.0	22.0029	60.4893
1585462038.3881459	2020-03-29 14:07:18	5	5	22.0	22.0029	60.4893
1585462072.5013509	2020-03-29 14:07:52	5	5	22.0	22.0029	60.4893
1585462105.4310865	2020-03-29 14:08:25	5	5	22.0	22.0029	60.4893
1585462136.5775681	2020-03-29 14:08:56	5	5	22.0	22.0029	60.4893
1585462168.9640806	2020-03-29 14:09:28	5	5	22.0	22.0029	60.4893
1585462200.2607143	2020-03-29 14:10:00	5	5	22.0	22.0029	60.4893
1585462232.2464442	2020-03-29 14:10:32	5	5	22.0	22.0029	60.4893
1585462264.3338180	2020-03-29 14:11:04	5	5	22.0	22.0029	60.4893
1585462296.1168768	2020-03-29 14:11:36	5	5	22.0	22.0029	60.4893
1585462327.5401170	2020-03-29 14:12:07	5	5	22.0	22.0029	60.4893
1585462359.2608509	2020-03-29 14:12:39	5	5	22.0	22.0029	60.4893
1585462391.1973505	2020-03-29 14:13:11	5	5	22.0	22.0029	60.4893
1585462422.5244997	2020-03-29 14:13:42	5	5	22.0	22.1058	60.4893
1585462453.7928488	2020-03-29 14:14:13	5	5	22.0	22.1058	60.4893
1585462484.9916623	2020-03-29 14:14:44	5	5	22.0	22.1058	60.4893
1585462516.6407204	2020-03-29 14:15:16	5	5	22.0	22.1058	60.4893
1585462549.0724764	2020-03-29 14:15:49	5	5	22.0	22.1058	60.4893
1585462580.9218664	2020-03-29 14:16:20	5	5	22.0	22.1058	60.4893
1585462612.1663110	2020-03-29 14:16:52	5	5	22.0	22.1058	60.4893
1585462643.6955507	2020-03-29 14:17:23	5	5	22.0	22.1058	60.4893
1585462675.4716156	2020-03-29 14:17:55	5	5	22.0	22.1058	60.4893
1585462706.6928797	2020-03-29 14:18:26	5	5	22.0	22.1058	60.4893
1585462738.4215593	2020-03-29 14:18:58	5	5	22.0	22.1058	60.4893
1585462770.3867326	2020-03-29 14:19:30	5	5	22.0	22.1058	60.4893
1585462804.2568636	2020-03-29 14:20:04	5	5	22.0	22.1058	60.4893
1585462837.7014191	2020-03-29 14:20:37	5	5	22.0	22.1058	60.4893
1585462869.9016936	2020-03-29 14:21:09	5	5	22.0	22.1058	60.4893
1585462904.9297900	2020-03-29 14:21:44	5	5	22.0	22.1058	60.4893
1585462938.2025232	2020-03-29 14:22:18	5	5	22.0	22.1058	60.4893
1585462971.8941269	2020-03-29 14:22:51	5	5	22.0	22.1058	60.4893
1585463006.1002593	2020-03-29 14:23:26	5	5	22.0	22.1058	60.4893
1585463042.1547039	2020-03-29 14:24:02	5	5	22.0	22.204	60.4893
1585463074.5282228	2020-03-29 14:24:34	5	5	22.0	22.204	60.4893
1585463107.6706014	2020-03-29 14:25:07	5	5	22.0	22.204	60.4893
1585463143.6408339	2020-03-29 14:25:43	5	5	22.0	22.204	60.4893
1585463181.3983274	2020-03-29 14:26:21	5	5	22.0	22.204	60.4893
1585463215.6001332	2020-03-29 14:26:55	5	5	22.0	22.204	60.4893
1585463249.3622022	2020-03-29 14:27:29	5	5	22.0	22.204	60.4893
1585463275.9656091	2020-03-29 14:27:55	5	5	22.0	22.204	60.4893
1585463308.6625907	2020-03-29 14:28:28	5	5	22.0	22.204	60.4893
1585463342.4885221	2020-03-29 14:29:02	5	5	22.0	22.204	60.4893
1585463383.8588421	2020-03-29 14:29:43	5	5	22.0	22.204	60.4893
1585463421.7461245	2020-03-29 14:30:21	5	5	22.0	22.204	60.4893
1585463455.9482877	2020-03-29 14:30:55	5	5	22.0	22.204	60.4893
1585463491.8917279	2020-03-29 14:31:31	5	5	22.0	22.204	60.4893
1585463526.1946969	2020-03-29 14:32:06	5	5	22.0	22.204	60.4893
1585463560.5026045	2020-03-29 14:32:40	5	5	22.0	22.204	60.4893
1585463595.1100006	2020-03-29 14:33:15	5	5	22.0	22.204	60.4893
1585463628.6980708	2020-03-29 14:33:48	5	5	22.0	22.204	60.4893
1585463662.4900095	2020-03-29 14:34:22	5	5	22.0	22.204	60.4893
1585463696.4877970	2020-03-29 14:34:56	5	5	22.0	22.204	60.4893
1585463730.5868633	2020-03-29 14:35:30	5	5	22.0	22.204	60.4893
1585463765.1985457	2020-03-29 14:36:05	5	5	22.0	22.3096	60.4893
1585463806.0578547	2020-03-29 14:36:46	5	5	22.0	22.3096	60.4893
1585463840.3607826	2020-03-29 14:37:20	5	5	22.0	22.3096	60.4893
1585463874.2572932	2020-03-29 14:37:54	5	5	22.0	22.3096	60.4893
1585463909.4825828	2020-03-29 14:38:29	5	5	22.0	22.3096	60.4893
1585463943.6831923	2020-03-29 14:39:03	5	5	22.0	22.3096	60.4893
1585463977.9874597	2020-03-29 14:39:37	5	5	22.0	22.3096	60.4893
1585464012.1890380	2020-03-29 14:40:12	5	5	22.0	22.3096	60.4893
1585464046.3914974	2020-03-29 14:40:46	5	5	22.0	22.3096	60.4893
1585464081.0018644	2020-03-29 14:41:21	5	5	22.0	22.3096	60.4893
1585464114.8052096	2020-03-29 14:41:54	5	5	22.0	22.3096	60.4893
1585464150.1231289	2020-03-29 14:42:30	5	5	22.0	22.3096	60.4893
1585464184.4311750	2020-03-29 14:43:04	5	5	22.0	22.3096	60.4893
1585464228.0610137	2020-03-29 14:43:48	5	5	22.0	22.3096	60.4893
1585464265.9453025	2020-03-29 14:44:25	5	5	22.0	22.3096	60.4893
1585464301.1648540	2020-03-29 14:45:01	5	5	22.0	22.3096	60.4893
1585464337.9262218	2020-03-29 14:45:37	5	5	22.0	22.4035	60.4893
1585464376.1215286	2020-03-29 14:46:16	5	5	22.0	22.4035	60.4893
1585464411.0392919	2020-03-29 14:46:51	5	5	22.0	22.4035	60.4893
1585464445.5510437	2020-03-29 14:47:25	5	5	22.0	22.4035	60.4893
1585464479.8545697	2020-03-29 14:47:59	5	5	22.0	22.4035	60.4893
1585464514.1574569	2020-03-29 14:48:34	5	5	22.0	22.4035	60.4893
1585464548.5636754	2020-03-29 14:49:08	5	5	22.0	22.4035	60.4893
1585464582.9699585	2020-03-29 14:49:42	5	5	22.0	22.4035	60.4893
1585464617.1724513	2020-03-29 14:50:17	5	5	22.0	22.4035	60.4893
1585464651.0694945	2020-03-29 14:50:51	5	5	22.0	22.4035	60.4893
1585464686.0936928	2020-03-29 14:51:26	5	5	22.0	22.4035	60.4893
1585464720.2257791	2020-03-29 14:52:00	5	5	22.0	22.4035	60.4893
1585464754.5949898	2020-03-29 14:52:34	5	5	22.0	22.4035	60.4893
1585464789.1045117	2020-03-29 14:53:09	5	5	22.0	22.4035	60.4893
1585464822.9983411	2020-03-29 14:53:42	5	5	22.0	22.4035	60.4893
1585464856.8933575	2020-03-29 14:54:16	5	5	22.0	22.4035	60.4893
1585464890.8897662	2020-03-29 14:54:50	5	5	22.0	22.4035	60.4893
1585464925.6034980	2020-03-29 14:55:25	5	5	22.0	22.4035	60.4893
1585464960.1150255	2020-03-29 14:56:00	5	5	22.0	22.5032	60.4893
1585464998.4102633	2020-03-29 14:56:38	5	5	22.0	22.5032	60.4893
1585465035.3771963	2020-03-29 14:57:15	5	5	22.0	22.5032	60.4893
1585465069.9895873	2020-03-29 14:57:49	5	5	22.0	22.5032	60.4893
1585465104.2935722	2020-03-29 14:58:24	5	5	22.0	22.5032	60.4893
1585465138.5419445	2020-03-29 14:58:58	5	5	22.0	22.5032	60.4893
1585465172.7008393	2020-03-29 14:59:32	5	5	22.0	22.5032	60.4893
1585465207.1065495	2020-03-29 15:00:07	5	5	22.0	22.5032	60.4893
1585465240.7937267	2020-03-29 15:00:40	5	5	22.0	22.5032	60.4893
1585465275.0984855	2020-03-29 15:01:15	5	5	22.0	22.5032	60.4893
1585465308.9922211	2020-03-29 15:01:48	5	5	22.0	22.5032	60.4893
1585465343.0913780	2020-03-29 15:02:23	5	5	22.0	22.5032	60.4893
1585465377.0905371	2020-03-29 15:02:57	5	5	22.0	22.5032	60.4893
1585465414.3622921	2020-03-29 15:03:34	5	5	22.0	22.6004	60.4893
1585465448.6674573	2020-03-29 15:04:08	5	5	22.0	22.6004	60.4893
1585465488.3984299	2020-03-29 15:04:48	5	5	22.0	22.6004	60.4893
1585465521.4741962	2020-03-29 15:05:21	5	5	22.0	22.6004	60.4893
1585465556.6995411	2020-03-29 15:05:56	5	5	22.0	22.6004	60.4893
1585465590.8867846	2020-03-29 15:06:30	5	5	22.0	22.6004	60.4893
1585465625.2057214	2020-03-29 15:07:05	5	5	22.0	22.6004	60.4893
1585465659.1018703	2020-03-29 15:07:39	5	5	22.0	22.6004	60.4893
1585465693.5090947	2020-03-29 15:08:13	5	5	22.0	22.6004	60.4893
1585465727.1988480	2020-03-29 15:08:47	5	5	22.0	22.6004	60.4893
1585465765.2909608	2020-03-29 15:09:25	5	5	22.0	22.6004	60.4893
1585465800.0073600	2020-03-29 15:10:00	5	5	22.0	22.6004	60.4893
1585465835.3329899	2020-03-29 15:10:35	5	5	22.0	22.6004	60.4893
1585465869.0228522	2020-03-29 15:11:09	5	5	22.0	22.6004	60.4893
1585465906.1938312	2020-03-29 15:11:46	5	5	22.0	22.7103	60.4893
1585465940.6008494	2020-03-29 15:12:20	5	5	22.0	22.7103	60.4893
1585465974.6002579	2020-03-29 15:12:54	5	5	22.0	22.7103	60.4893
1585466009.1088092	2020-03-29 15:13:29	5	5	22.0	22.7103	60.4893
1585466045.6645632	2020-03-29 15:14:05	5	5	22.0	22.7103	60.4893
1585466080.1720860	2020-03-29 15:14:40	5	5	22.0	22.7103	60.4893
1585466114.8878946	2020-03-29 15:15:14	5	5	22.0	22.7103	60.4893
1585466149.6004322	2020-03-29 15:15:49	5	5	22.0	22.7103	60.4893
1585466183.4954569	2020-03-29 15:16:23	5	5	22.0	22.7103	60.4893
1585466217.2875772	2020-03-29 15:16:57	5	5	22.0	22.7103	60.4893
1585466251.2840974	2020-03-29 15:17:31	5	5	22.0	22.7103	60.4893
1585466285.5878928	2020-03-29 15:18:05	5	5	22.0	22.7103	60.4893
1585466319.8937523	2020-03-29 15:18:39	5	5	22.0	22.7103	60.4893
1585466355.1180339	2020-03-29 15:19:15	5	5	22.0	22.7103	60.4893
1585466389.7302244	2020-03-29 15:19:49	5	5	22.0	22.8207	60.4893
1585466424.3420649	2020-03-29 15:20:24	5	5	22.0	22.8207	60.4893
1585466459.1578796	2020-03-29 15:20:59	5	5	22.0	22.8207	60.4893
1585466493.2077169	2020-03-29 15:21:33	5	5	22.0	22.8207	60.4893
1585466527.1519277	2020-03-29 15:22:07	5	5	22.0	22.8207	60.4893
1585466561.1483760	2020-03-29 15:22:41	5	5	22.0	22.8207	60.4893
1585466595.5550847	2020-03-29 15:23:15	5	5	22.0	22.8207	60.4893
1585466632.6918457	2020-03-29 15:23:52	5	5	22.0	22.8207	60.4893
1585466670.4112077	2020-03-29 15:24:30	5	5	22.0	22.8207	60.4893
1585466706.2669749	2020-03-29 15:25:06	5	5	22.0	22.8207	60.4893
1585466741.6011014	2020-03-29 15:25:41	5	5	22.0	22.8207	60.4893
1585466776.3444557	2020-03-29 15:26:16	5	5	22.0	22.8207	60.4893
1585466811.8284850	2020-03-29 15:26:51	5	5	22.0	22.8207	60.4893
1585466845.7198410	2020-03-29 15:27:25	5	5	22.0	22.8207	60.4893
1585466879.5129912	2020-03-29 15:27:59	5	5	22.0	22.9266	60.4893
1585466917.2060478	2020-03-29 15:28:37	5	5	22.0	22.9266	60.4893
1585466952.9346282	2020-03-29 15:29:12	5	5	22.0	22.9266	60.4893
1585466993.0755370	2020-03-29 15:29:53	5	5	22.0	22.9266	60.4893
1585467027.7888343	2020-03-29 15:30:27	5	5	22.0	22.9266	60.4893
1585467062.5028529	2020-03-29 15:31:02	5	5	22.0	22.9266	60.4893
1585467096.9178877	2020-03-29 15:31:36	5	5	22.0	22.9266	60.4893
1585467135.8701646	2020-03-29 15:32:15	5	5	22.0	22.9266	60.4893
1585467179.1420021	2020-03-29 15:32:59	5	5	22.0	22.9266	60.4893
1585467213.7515373	2020-03-29 15:33:33	5	5	22.0	23.0033	60.4893
1585467247.6444249	2020-03-29 15:34:07	5	5	22.0	23.0033	60.4893
1585467281.4380150	2020-03-29 15:34:41	5	5	22.0	23.0033	60.4893
1585467325.8851666	2020-03-29 15:35:25	5	5	22.0	23.0033	60.4893
1585467369.2952042	2020-03-29 15:36:09	5	5	22.0	23.0033	60.4893
1585467403.8051987	2020-03-29 15:36:43	5	5	22.0	23.0033	60.4893
1585467442.7212548	2020-03-29 15:37:22	5	5	22.0	23.0033	60.4893
1585467477.1270747	2020-03-29 15:37:57	5	5	22.0	23.0033	60.4893
1585467513.7904775	2020-03-29 15:38:33	5	5	22.0	23.0033	60.4893
1585467548.0921409	2020-03-29 15:39:08	5	5	22.0	23.0033	60.4893
1585467582.7030861	2020-03-29 15:39:42	5	5	22.0	23.0033	60.4893
1585467616.7990320	2020-03-29 15:40:16	5	5	22.0	23.0033	60.4893
1585467651.1028497	2020-03-29 15:40:51	5	5	22.0	23.0033	60.4893
1585467685.7171795	2020-03-29 15:41:25	5	5	22.0	23.0033	60.4893
1585467733.0232739	2020-03-29 15:42:13	5	5	22.0	23.1238	60.4893
1585467767.4306772	2020-03-29 15:42:47	5	5	22.0	23.1238	60.4893
1585467801.4302561	2020-03-29 15:43:21	5	5	22.0	23.1238	60.4893
1585467835.5289462	2020-03-29 15:43:55	5	5	22.0	23.1238	60.4893
1585467870.8546016	2020-03-29 15:44:30	5	5	22.0	23.1238	60.4893
1585467904.0860715	2020-03-29 15:45:04	5	5	22.0	23.1238	60.4893
1585467937.2091336	2020-03-29 15:45:37	5	5	22.0	23.1238	60.4893
1585467972.7567143	2020-03-29 15:46:12	5	5	22.0	23.1238	60.4893
1585468007.4568315	2020-03-29 15:46:47	5	5	22.0	23.1238	60.4893
1585468042.2730379	2020-03-29 15:47:22	5	5	22.0	23.1238	60.4893
1585468077.1919441	2020-03-29 15:47:57	5	5	22.0	23.2102	60.4893
1585468111.8031623	2020-03-29 15:48:31	5	5	22.0	23.2102	60.4893
1585468145.6987345	2020-03-29 15:49:05	5	5	22.0	23.2102	60.4893
1585468179.6952035	2020-03-29 15:49:39	5	5	22.0	23.2102	60.4893
1585468215.3312826	2020-03-29 15:50:15	5	5	22.0	23.2102	60.4893
1585468249.8402517	2020-03-29 15:50:49	5	5	22.0	23.2102	60.4893
1585468283.7375548	2020-03-29 15:51:23	5	5	22.0	23.2102	60.4893
1585468317.8361073	2020-03-29 15:51:57	5	5	22.0	23.2102	60.4893
1585468351.7305167	2020-03-29 15:52:31	5	5	22.0	23.2102	60.4893
1585468385.6229241	2020-03-29 15:53:05	5	5	22.0	23.2102	60.4893
1585468419.7224195	2020-03-29 15:53:39	5	5	22.0	23.2102	60.4893
1585468453.7272730	2020-03-29 15:54:13	5	5	22.0	23.2102	60.4893
1585468487.7171195	2020-03-29 15:54:47	5	5	22.0	23.2102	60.4893
1585468524.2748513	2020-03-29 15:55:24	5	5	22.0	23.2102	60.4893
1585468561.2807758	2020-03-29 15:56:01	5	5	22.0	23.3233	60.4893
1585468598.9680188	2020-03-29 15:56:38	5	5	22.0	23.3233	60.4893
1585468633.2282674	2020-03-29 15:57:13	5	5	22.0	23.3233	60.4893
1585468667.5326912	2020-03-29 15:57:47	5	5	22.0	23.3233	60.4893
1585468701.6315730	2020-03-29 15:58:21	5	5	22.0	23.3233	60.4893
1585468735.7314136	2020-03-29 15:58:55	5	5	22.0	23.3233	60.4893
1585468769.6267898	2020-03-29 15:59:29	5	5	22.0	23.3233	60.4893
1585468803.8280075	2020-03-29 16:00:03	5	5	22.0	23.3233	60.4893
1585468838.0287480	2020-03-29 16:00:38	5	5	22.0	23.3233	60.4893
1585468872.8504760	2020-03-29 16:01:12	5	5	22.0	23.3233	60.4893
1585468917.9411478	2020-03-29 16:01:57	5	5	22.0	23.4275	60.4893
1585468967.8794308	2020-03-29 16:02:47	5	5	22.0	23.4275	60.4893
1585469006.5902987	2020-03-29 16:03:26	5	5	22.0	23.4275	60.4893
1585469047.9873862	2020-03-29 16:04:07	5	5	22.0	23.4275	60.4893
1585469082.9881265	2020-03-29 16:04:42	5	5	22.0	23.4275	60.4893
1585469117.3837724	2020-03-29 16:05:17	5	5	22.0	23.4275	60.4893
1585469151.8882842	2020-03-29 16:05:51	5	5	22.0	23.4275	60.4893
1585469185.8847487	2020-03-29 16:06:25	5	5	22.0	23.4275	60.4893
1585469220.0860965	2020-03-29 16:07:00	5	5	22.0	23.4275	60.4893
1585469255.9284470	2020-03-29 16:07:35	5	5	22.0	23.5292	60.4893
1585469289.8256259	2020-03-29 16:08:09	5	5	22.0	23.5292	60.4893
1585469323.8205817	2020-03-29 16:08:43	5	5	22.0	23.5292	60.4893
1585469357.9199600	2020-03-29 16:09:17	5	5	22.0	23.5292	60.4893
1585469391.9158769	2020-03-29 16:09:51	5	5	22.0	23.5292	60.4893
1585469425.9123468	2020-03-29 16:10:25	5	5	22.0	23.5292	60.4893
1585469460.6268756	2020-03-29 16:11:00	5	5	22.0	23.5292	60.4893
1585469494.2958922	2020-03-29 16:11:34	5	5	22.0	23.5292	60.4893
1585469527.0847898	2020-03-29 16:12:07	5	5	22.0	23.5292	60.4893
1585469560.1892109	2020-03-29 16:12:40	5	5	22.0	23.5292	60.4893
1585469593.1335258	2020-03-29 16:13:13	5	5	22.0	23.5292	60.4893
1585469625.0370846	2020-03-29 16:13:45	5	5	22.0	23.6328	60.4893
1585469674.9506354	2020-03-29 16:14:34	5	5	22.0	23.6328	60.4893
1585469708.8463771	2020-03-29 16:15:08	5	5	22.0	23.6328	60.4893
1585469742.2278073	2020-03-29 16:15:42	5	5	22.0	23.6328	60.4893
1585469778.9769080	2020-03-29 16:16:18	5	5	22.0	23.6328	60.4893
1585469813.0890005	2020-03-29 16:16:53	5	5	22.0	23.6328	60.4893
1585469847.9065144	2020-03-29 16:17:27	5	5	22.0	23.6328	60.4893
1585469882.5161221	2020-03-29 16:18:02	5	5	22.0	23.704	60.4893
1585469916.8209448	2020-03-29 16:18:36	5	5	22.0	23.704	60.4893
1585469954.4029551	2020-03-29 16:19:14	5	5	22.0	23.704	60.4893
1585469987.6780541	2020-03-29 16:19:47	5	5	22.0	23.704	60.4893
1585470020.5537257	2020-03-29 16:20:20	5	5	22.0	23.704	60.4893
1585470054.5252793	2020-03-29 16:20:54	5	5	22.0	23.704	60.4893
1585470087.1173358	2020-03-29 16:21:27	5	5	22.0	23.704	60.4893
1585470120.2920215	2020-03-29 16:22:00	5	5	22.0	23.704	60.4893
1585470154.5968943	2020-03-29 16:22:34	5	5	22.0	23.704	60.4893
1585470188.2864032	2020-03-29 16:23:08	5	5	22.0	23.704	60.4893
1585470222.1837983	2020-03-29 16:23:42	5	5	22.0	23.8068	60.4893
1585470256.6931181	2020-03-29 16:24:16	5	5	22.0	23.8068	60.4893
1585470292.1385770	2020-03-29 16:24:52	5	5	22.0	23.8068	60.4893
1585470331.9546485	2020-03-29 16:25:31	5	5	22.0	23.8068	60.4893
1585470366.2615597	2020-03-29 16:26:06	5	5	22.0	23.8068	60.4893
1585470400.4358218	2020-03-29 16:26:40	5	5	22.0	23.8068	60.4893
1585477687.0009406	2020-03-29 18:28:07	5	5	22.0	25.8026	60.4893
1585477720.5794506	2020-03-29 18:28:40	5	5	22.0	25.8026	60.4893
1585477754.1668556	2020-03-29 18:29:14	5	5	22.0	25.8026	60.4893
1585477789.0857608	2020-03-29 18:29:49	5	5	22.0	25.8026	60.4893
1585477823.3901422	2020-03-29 18:30:23	5	5	22.0	25.8026	60.4893
1585477858.0017631	2020-03-29 18:30:58	5	5	22.0	25.8026	60.4893
1585477894.2973473	2020-03-29 18:31:34	5	5	22.0	25.8026	60.4893
1585477928.4545057	2020-03-29 18:32:08	5	5	22.0	25.8026	60.4893
1585477963.6876233	2020-03-29 18:32:43	5	5	22.0	25.8026	60.4893
1585477998.1904919	2020-03-29 18:33:18	5	5	22.0	25.8026	60.4893
1585478031.9859850	2020-03-29 18:33:51	5	5	22.0	25.8026	60.4893
1585478065.9833026	2020-03-29 18:34:25	5	5	22.0	25.8026	60.4893
1585478099.9750559	2020-03-29 18:34:59	5	5	22.0	25.8026	60.4893
1585478134.0742338	2020-03-29 18:35:34	5	5	22.0	25.8026	60.4893
1585478168.2792981	2020-03-29 18:36:08	5	5	22.0	25.8026	60.4893
1585478201.8970666	2020-03-29 18:36:41	5	5	22.0	25.8026	60.4893
1585478236.1729400	2020-03-29 18:37:16	5	5	22.0	25.8026	60.4893
1585478270.5742285	2020-03-29 18:37:50	5	5	22.0	25.8026	60.4893
1585478305.6058991	2020-03-29 18:38:25	5	5	22.0	25.8026	60.4893
1585478340.1044528	2020-03-29 18:39:00	5	5	22.0	25.8026	60.4893
1585478375.6384256	2020-03-29 18:39:35	5	5	22.0	25.8026	60.4893
1585478410.4537578	2020-03-29 18:40:10	5	5	22.0	25.8026	60.4893
1585478445.3727775	2020-03-29 18:40:45	5	5	22.0	25.8026	60.4893
1585478495.9613740	2020-03-29 18:41:35	5	5	22.0	25.8026	60.4893
1585478530.0614865	2020-03-29 18:42:10	5	5	22.0	25.8026	60.4893
1585478564.0637701	2020-03-29 18:42:44	5	5	22.0	25.8026	60.4893
1585478598.0523200	2020-03-29 18:43:18	5	5	22.0	25.8026	60.4893
1585478631.7470460	2020-03-29 18:43:51	5	5	22.0	25.8026	60.4893
1585478667.2767766	2020-03-29 18:44:27	5	5	22.0	25.8026	60.4893
1585478702.3016105	2020-03-29 18:45:02	5	5	22.0	25.8026	60.4893
1585478736.1937997	2020-03-29 18:45:36	5	5	22.0	25.8026	60.4893
1585478771.2187040	2020-03-29 18:46:11	5	5	22.0	25.8026	60.4893
1585478807.2598011	2020-03-29 18:46:47	5	5	22.0	25.8026	60.4893
1585478841.7680717	2020-03-29 18:47:21	5	5	22.0	25.8026	60.4893
1585478875.8711538	2020-03-29 18:47:55	5	5	22.0	25.8026	60.4893
1585478910.5842948	2020-03-29 18:48:30	5	5	22.0	25.8026	60.4893
1585478946.0128002	2020-03-29 18:49:06	5	5	22.0	25.8026	60.4893
1585478983.1874578	2020-03-29 18:49:43	5	5	22.0	25.8026	60.4893
1585479017.9006248	2020-03-29 18:50:17	5	5	22.0	25.8026	60.4893
1585479052.9199882	2020-03-29 18:50:52	5	5	22.0	25.8026	60.4893
1585479088.5771456	2020-03-29 18:51:28	5	5	22.0	25.8026	60.4893
1585479127.9907691	2020-03-29 18:52:07	5	5	22.0	25.8026	60.4893
1585479163.0781488	2020-03-29 18:52:43	5	5	22.0	25.8026	60.4893
1585479197.5087919	2020-03-29 18:53:17	5	5	22.0	25.8026	60.4893
1585479232.1220741	2020-03-29 18:53:52	5	5	22.0	25.8026	60.4893
1585479266.3209877	2020-03-29 18:54:26	5	5	22.0	25.8026	60.4893
1585479300.3180025	2020-03-29 18:55:00	5	5	22.0	25.8026	60.4893
1585479336.2264991	2020-03-29 18:55:36	5	5	22.0	25.8026	60.4893
1585479369.5413787	2020-03-29 18:56:09	5	5	22.0	25.8026	60.4893
1585479402.6158020	2020-03-29 18:56:42	5	5	22.0	25.8026	60.4893
1585479435.5991557	2020-03-29 18:57:15	5	5	22.0	25.8026	60.4893
1585479468.2329366	2020-03-29 18:57:48	5	5	22.0	25.8026	60.4893
1585479505.4249654	2020-03-29 18:58:25	5	5	22.0	25.8026	60.4893
1585479538.2955859	2020-03-29 18:58:58	5	5	22.0	25.8026	60.4893
1585479584.2750368	2020-03-29 18:59:44	5	5	22.0	25.8026	60.4893
1585479618.3747423	2020-03-29 19:00:18	5	5	22.0	25.8026	60.4893
1585479652.3702459	2020-03-29 19:00:52	5	5	22.0	25.8026	60.4893
1585479686.1681430	2020-03-29 19:01:26	5	5	22.0	25.8026	60.4893
1585479720.1593943	2020-03-29 19:02:00	5	5	22.0	25.8026	60.4893
1585479753.0064991	2020-03-29 19:02:33	5	5	22.0	25.8026	60.4893
1585479794.4455621	2020-03-29 19:03:14	5	5	22.0	25.8026	60.4893
1585479831.4710126	2020-03-29 19:03:51	5	5	22.0	25.8026	60.4893
1585479866.6317911	2020-03-29 19:04:26	5	5	22.0	25.8026	60.4893
1585479903.5399432	2020-03-29 19:05:03	5	5	22.0	25.8026	60.4893
1585479938.8942280	2020-03-29 19:05:38	5	5	22.0	25.8026	60.4893
1585479981.2892389	2020-03-29 19:06:21	5	5	22.0	25.8026	60.4893
1585480037.5055556	2020-03-29 19:07:17	5	5	22.0	25.8026	60.4893
1585480076.6703544	2020-03-29 19:07:56	5	5	22.0	25.8026	60.4893
1585480124.4426208	2020-03-29 19:08:44	5	5	22.0	25.8026	60.4893
1585480190.9977567	2020-03-29 19:09:50	5	5	22.0	25.8026	60.4893
1585480235.9527071	2020-03-29 19:10:35	5	5	22.0	25.8026	60.4893
1585480273.3289413	2020-03-29 19:11:13	5	5	22.0	25.8026	60.4893
1585480307.6324575	2020-03-29 19:11:47	5	5	22.0	25.8026	60.4893
1585480341.9370258	2020-03-29 19:12:21	5	5	22.0	25.8026	60.4893
1585480377.6738601	2020-03-29 19:12:57	5	5	22.0	25.8026	60.4893
1585480411.7760642	2020-03-29 19:13:31	5	5	22.0	25.8026	60.4893
1585480446.5909765	2020-03-29 19:14:06	5	5	22.0	25.8026	60.4893
1585480483.8650844	2020-03-29 19:14:43	5	5	22.0	25.8026	60.4893
1585480518.6808317	2020-03-29 19:15:18	5	5	22.0	25.8026	60.4893
1585480552.6765814	2020-03-29 19:15:52	5	5	22.0	25.8026	60.4893
1585480586.4450932	2020-03-29 19:16:26	5	5	22.0	25.8026	60.4893
1585480620.4675961	2020-03-29 19:17:00	5	5	22.0	25.8026	60.4893
1585480654.5656860	2020-03-29 19:17:34	5	5	22.0	25.8026	60.4893
1585480688.7681315	2020-03-29 19:18:08	5	5	22.0	25.8026	60.4893
1585480722.8695374	2020-03-29 19:18:42	5	5	22.0	25.8026	60.4893
1585480761.2674541	2020-03-29 19:19:21	5	5	22.0	25.8026	60.4893
1585480796.9036751	2020-03-29 19:19:56	5	5	22.0	25.8026	60.4893
1585480830.9159000	2020-03-29 19:20:30	5	5	22.0	25.8026	60.4893
1585480864.6933298	2020-03-29 19:21:04	5	5	22.0	25.8026	60.4893
1585480898.5872915	2020-03-29 19:21:38	5	5	22.0	25.8026	60.4893
1585480932.9932768	2020-03-29 19:22:12	5	5	22.0	25.8026	60.4893
1585480966.5033512	2020-03-29 19:22:46	5	5	22.0	25.8026	60.4893
1585480999.6620960	2020-03-29 19:23:19	5	5	22.0	25.8026	60.4893
1585481037.1381829	2020-03-29 19:23:57	5	5	22.0	25.8026	60.4893
1585481073.1932697	2020-03-29 19:24:33	5	5	22.0	25.8026	60.4893
1585481116.0867629	2020-03-29 19:25:16	5	5	22.0	25.8026	60.4893
1585481150.4925935	2020-03-29 19:25:50	5	5	22.0	25.8026	60.4893
1585481184.5925207	2020-03-29 19:26:24	5	5	22.0	25.8026	60.4893
1585481217.4634004	2020-03-29 19:26:57	5	5	22.0	25.8026	60.4893
1585481252.0752418	2020-03-29 19:27:32	5	5	22.0	25.8026	60.4893
1585481290.3060083	2020-03-29 19:28:10	5	5	22.0	25.8026	60.4893
1585481327.9747963	2020-03-29 19:28:47	5	5	22.0	25.8026	60.4893
1585481365.2295272	2020-03-29 19:29:25	5	5	22.0	25.8026	60.4893
1585481399.6378498	2020-03-29 19:29:59	5	5	22.0	25.8026	60.4893
1585481447.6619551	2020-03-29 19:30:47	5	5	22.0	25.8026	60.4893
1585481482.0683970	2020-03-29 19:31:22	5	5	22.0	25.8026	60.4893
1585481524.6662705	2020-03-29 19:32:04	5	5	22.0	25.8026	60.4893
1585481565.0123026	2020-03-29 19:32:45	5	5	22.0	25.8026	60.4893
1585481598.7006137	2020-03-29 19:33:18	5	5	22.0	25.8026	60.4893
1585481631.2655675	2020-03-29 19:33:51	5	5	22.0	25.8026	60.4893
1585481665.6713080	2020-03-29 19:34:25	5	5	22.0	25.8026	60.4893
1585481700.3861685	2020-03-29 19:35:00	5	5	22.0	25.8026	60.4893
