1585452124.6783423	2020-03-29 11:22:04	5	7	22.0	26.5126	50.4703
1585452156.8320141	2020-03-29 11:22:36	5	7	22.0	26.5126	50.4703
1585452191.6492381	2020-03-29 11:23:11	5	7	22.0	26.5126	50.4703
1585452223.4945848	2020-03-29 11:23:43	5	7	22.0	26.5126	50.4703
1585452255.3401728	2020-03-29 11:24:15	5	7	22.0	26.5126	50.4703
1585452286.9843121	2020-03-29 11:24:46	5	7	22.0	26.5126	50.4703
1585452319.2388036	2020-03-29 11:25:19	5	7	22.0	26.5126	50.4703
1585452351.0853331	2020-03-29 11:25:51	5	7	22.0	26.5126	50.4703
1585452382.9346933	2020-03-29 11:26:22	5	7	22.0	26.5126	50.4703
1585452414.9551718	2020-03-29 11:26:54	5	7	22.0	26.5126	50.4703
1585452447.2407491	2020-03-29 11:27:27	5	7	22.0	26.5126	50.4703
1585453129.7399728	2020-03-29 11:38:49	5	7	22.0	29.8791	49.6399
1585453161.6904685	2020-03-29 11:39:21	5	7	22.0	29.8791	49.6399
1585453193.4359090	2020-03-29 11:39:53	5	7	22.0	29.8791	49.6399
1585453225.3833303	2020-03-29 11:40:25	5	7	22.0	29.8791	49.6399
1585453257.1275585	2020-03-29 11:40:57	5	7	22.0	29.8791	49.6399
1585453288.8716323	2020-03-29 11:41:28	5	7	22.0	29.8791	49.6399
1585453320.7282555	2020-03-29 11:42:00	5	7	22.0	29.7481	49.6399
1585453352.7720139	2020-03-29 11:42:32	5	7	22.0	29.7481	49.6399
1585453385.2308207	2020-03-29 11:43:05	5	7	22.0	29.7481	49.6399
1585453417.6655662	2020-03-29 11:43:37	5	7	22.0	29.6904	49.6399
1585453449.6431224	2020-03-29 11:44:09	5	7	22.0	29.6904	49.6399
1585453481.4971437	2020-03-29 11:44:41	5	7	22.0	29.6904	49.6399
1585453513.4989641	2020-03-29 11:45:13	5	7	22.0	29.6904	49.6399
1585453545.4881072	2020-03-29 11:45:45	5	7	22.0	29.6904	49.6399
1585453577.5402036	2020-03-29 11:46:17	5	7	22.0	29.6904	49.6399
1585453609.5907872	2020-03-29 11:46:49	5	7	22.0	29.6904	49.6399
1585453645.2262218	2020-03-29 11:47:25	5	7	22.0	29.6904	49.6399
1585453677.3787823	2020-03-29 11:47:57	5	7	22.0	29.5589	49.6399
1585453709.4326346	2020-03-29 11:48:29	5	7	22.0	29.5589	49.6399
1585453741.7902765	2020-03-29 11:49:01	5	7	22.0	29.5589	49.6399
1585453773.6366649	2020-03-29 11:49:33	5	7	22.0	29.5589	49.6399
1585453806.6094704	2020-03-29 11:50:06	5	7	22.0	29.4949	49.6399
1585453838.5607440	2020-03-29 11:50:38	5	7	22.0	29.4949	49.6399
1585453870.6108820	2020-03-29 11:51:10	5	7	22.0	29.4949	49.6399
1585453902.3542783	2020-03-29 11:51:42	5	7	22.0	29.4949	49.6399
1585453934.5096931	2020-03-29 11:52:14	5	7	22.0	29.4949	49.6399
1585453966.3546405	2020-03-29 11:52:46	5	7	22.0	29.4949	49.6399
1585453999.0229990	2020-03-29 11:53:19	5	7	22.0	29.4949	49.6399
1585454030.9692798	2020-03-29 11:53:50	5	7	22.0	29.3658	49.6399
1585454063.2258191	2020-03-29 11:54:23	5	7	22.0	29.3658	49.6399
1585454095.0728981	2020-03-29 11:54:55	5	7	22.0	29.3658	49.6399
1585454127.0268929	2020-03-29 11:55:27	5	7	22.0	29.3658	49.6399
1585454158.9678154	2020-03-29 11:55:58	5	7	22.0	29.3658	49.6399
1585454190.3164682	2020-03-29 11:56:30	5	7	22.0	29.3658	49.6399
1585454221.8054841	2020-03-29 11:57:01	5	7	22.0	29.3658	49.6399
1585454253.5960360	2020-03-29 11:57:33	5	7	22.0	29.3658	49.6399
1585454285.6422801	2020-03-29 11:58:05	5	7	22.0	29.2436	49.6399
1585454317.3840194	2020-03-29 11:58:37	5	7	22.0	29.2436	49.6399
1585454349.3333321	2020-03-29 11:59:09	5	7	22.0	29.2436	49.6399
1585454362.0369041	2020-03-29 11:59:22	5	7	22.0	29.2436	58.3311
1585454395.7389851	2020-03-29 11:59:55	5	7	22.0	28.9753	77.3268
1585454429.8248837	2020-03-29 12:00:29	5	7	22.0	28.9753	79.5163
1585454464.9461389	2020-03-29 12:01:04	5	7	22.0	28.9753	79.5163
1585454497.7587626	2020-03-29 12:01:37	5	7	22.0	28.411	79.5163
1585454531.1401324	2020-03-29 12:02:11	5	7	22.0	28.411	79.5163
1585454568.4706554	2020-03-29 12:02:48	5	7	22.0	28.411	79.5163
1585454604.1104119	2020-03-29 12:03:24	5	7	22.0	28.411	79.5163
1585454638.6192763	2020-03-29 12:03:58	5	7	22.0	27.9026	79.5163
1585454672.6235380	2020-03-29 12:04:32	5	7	22.0	27.9026	79.5163
1585454706.8929045	2020-03-29 12:05:06	5	7	22.0	27.9026	79.5163
1585454739.4261174	2020-03-29 12:05:39	5	7	22.0	27.4312	79.5163
1585454771.2275939	2020-03-29 12:06:11	5	7	22.0	27.4312	79.5163
1585454808.0756178	2020-03-29 12:06:48	5	7	22.0	27.4312	79.5163
1585454842.4994853	2020-03-29 12:07:22	5	7	22.0	27.4312	79.5163
1585454875.5390432	2020-03-29 12:07:55	5	7	22.0	27.0168	79.5163
1585454909.3514433	2020-03-29 12:08:29	5	7	22.0	27.0168	79.5163
1585454942.5429955	2020-03-29 12:09:02	5	7	22.0	27.0168	79.5163
1585454979.2327828	2020-03-29 12:09:39	5	7	22.0	26.6377	79.5163
1585455019.2416799	2020-03-29 12:10:19	5	7	22.0	26.6377	79.5163
1585455053.3598623	2020-03-29 12:10:53	5	7	22.0	26.6377	79.5163
1585455087.5420461	2020-03-29 12:11:27	5	7	22.0	26.6377	79.5163
1585455127.2746525	2020-03-29 12:12:07	5	7	22.0	26.2918	79.5163
1585455161.7885585	2020-03-29 12:12:41	5	7	22.0	26.2918	79.5163
1585455196.4989848	2020-03-29 12:13:16	5	7	22.0	26.2918	79.5163
1585455230.6969066	2020-03-29 12:13:50	5	7	22.0	25.9762	79.5163
1585455264.8235238	2020-03-29 12:14:24	5	7	22.0	25.9762	79.5163
1585455298.4894953	2020-03-29 12:14:58	5	7	22.0	25.9762	79.5163
1585455332.2813816	2020-03-29 12:15:32	5	7	22.0	25.9762	79.5163
1585455366.1097050	2020-03-29 12:16:06	5	7	22.0	25.6975	79.5163
1585455400.2784395	2020-03-29 12:16:40	5	7	22.0	25.6975	79.5163
1585455434.3747122	2020-03-29 12:17:14	5	7	22.0	25.6975	79.5163
1585455468.2695594	2020-03-29 12:17:48	5	7	22.0	25.4434	79.5163
1585455502.1887403	2020-03-29 12:18:22	5	7	22.0	25.4434	79.5163
1585455536.2976809	2020-03-29 12:18:56	5	7	22.0	25.4434	79.5163
1585455570.9978094	2020-03-29 12:19:30	5	7	22.0	25.4434	79.5163
1585455604.8697042	2020-03-29 12:20:04	5	7	22.0	25.2118	79.5163
1585455638.3585975	2020-03-29 12:20:38	5	7	22.0	25.2118	79.5163
1585455673.4794300	2020-03-29 12:21:13	5	7	22.0	25.2118	79.5163
1585455708.5030124	2020-03-29 12:21:48	5	7	22.0	25.0009	79.5163
1585455742.7036209	2020-03-29 12:22:22	5	7	22.0	25.0009	79.5163
1585455777.2216926	2020-03-29 12:22:57	5	7	22.0	25.0009	79.5163
1585455812.0280221	2020-03-29 12:23:32	5	7	22.0	25.0009	79.5163
1585455846.5379665	2020-03-29 12:24:06	5	7	22.0	24.8108	79.5163
1585455880.7396710	2020-03-29 12:24:40	5	7	22.0	24.8108	79.5163
1585455921.3417771	2020-03-29 12:25:21	5	7	22.0	24.8108	79.5163
1585455957.5036342	2020-03-29 12:25:57	5	7	22.0	24.6377	79.5163
1585455990.6217158	2020-03-29 12:26:30	5	7	22.0	24.6377	79.5163
1585456025.0198257	2020-03-29 12:27:05	5	7	22.0	24.6377	79.5163
1585456059.6364465	2020-03-29 12:27:39	5	7	22.0	24.4803	79.5163
1585456106.1228695	2020-03-29 12:28:26	5	7	22.0	24.4803	79.5163
1585456149.6124897	2020-03-29 12:29:09	5	7	22.0	24.4803	79.5163
1585456206.8628502	2020-03-29 12:30:06	5	7	22.0	24.3391	79.5163
1585456244.7723503	2020-03-29 12:30:44	5	7	22.0	24.3391	79.5163
1585456279.7822521	2020-03-29 12:31:19	5	7	22.0	24.3391	79.5163
1585456312.7685266	2020-03-29 12:31:52	5	7	22.0	24.2109	79.5163
1585456346.6659358	2020-03-29 12:32:26	5	7	22.0	24.2109	79.5163
1585456380.0454633	2020-03-29 12:33:00	5	7	22.0	24.2109	79.5163
1585456414.2465463	2020-03-29 12:33:34	5	7	22.0	24.2109	79.5163
1585456448.5558486	2020-03-29 12:34:08	5	7	22.0	24.0945	79.5163
1585456482.8771918	2020-03-29 12:34:42	5	7	22.0	24.0945	79.5163
1585456516.6452646	2020-03-29 12:35:16	5	7	22.0	24.0945	79.5163
1585456550.5424094	2020-03-29 12:35:50	5	7	22.0	23.989	79.5163
1585456584.2318900	2020-03-29 12:36:24	5	7	22.0	23.989	79.5163
1585456622.2378230	2020-03-29 12:37:02	5	7	22.0	23.989	79.5163
1585456654.6092508	2020-03-29 12:37:34	5	7	22.0	23.989	79.5163
1585456688.1664755	2020-03-29 12:38:08	5	7	22.0	23.8952	79.5163
1585456725.2767348	2020-03-29 12:38:45	5	7	22.0	23.8952	79.5163
1585456759.3374724	2020-03-29 12:39:19	5	7	22.0	23.8952	79.5163
1585456793.9485490	2020-03-29 12:39:53	5	7	22.0	23.8952	79.5163
1585456826.4812217	2020-03-29 12:40:26	5	7	22.0	23.8952	79.5163
1585456859.9145854	2020-03-29 12:40:59	5	7	22.0	23.8952	79.5163
1585456892.4078393	2020-03-29 12:41:32	5	7	22.0	23.8952	79.5163
1585456926.3543127	2020-03-29 12:42:06	5	7	22.0	23.7338	79.5163
1585456960.5553262	2020-03-29 12:42:40	5	7	22.0	23.7338	79.5163
1585456994.5518074	2020-03-29 12:43:14	5	7	22.0	23.7338	79.5163
1585457028.8058383	2020-03-29 12:43:48	5	7	22.0	23.6646	79.5163
1585457062.8530235	2020-03-29 12:44:22	5	7	22.0	23.6646	79.5163
1585457097.2632289	2020-03-29 12:44:57	5	7	22.0	23.6646	79.5163
1585457133.7409415	2020-03-29 12:45:33	5	7	22.0	23.6646	79.5163
1585457167.5078063	2020-03-29 12:46:07	5	7	22.0	23.6646	79.5163
1585457200.8877718	2020-03-29 12:46:40	5	7	22.0	23.6646	79.5163
1585457235.6281688	2020-03-29 12:47:15	5	7	22.0	23.6646	79.5163
1585457271.4457426	2020-03-29 12:47:51	5	7	22.0	23.5497	79.5163
1585457305.0336120	2020-03-29 12:48:25	5	7	22.0	23.5497	79.5163
1585457339.4368124	2020-03-29 12:48:59	5	7	22.0	23.5497	79.5163
1585457373.0275722	2020-03-29 12:49:33	5	7	22.0	23.5497	79.5163
1585457407.1261714	2020-03-29 12:50:07	5	7	22.0	23.5497	79.5163
1585457446.2427094	2020-03-29 12:50:46	5	7	22.0	23.5497	79.5163
1585457480.5434468	2020-03-29 12:51:20	5	7	22.0	23.5497	79.5163
1585457514.7721615	2020-03-29 12:51:54	5	7	22.0	23.4589	79.5163
1585457549.3624921	2020-03-29 12:52:29	5	7	22.0	23.4589	79.5163
1585457583.2613912	2020-03-29 12:53:03	5	7	22.0	23.4589	79.5163
1585457621.0382054	2020-03-29 12:53:41	5	7	22.0	23.4589	79.5163
1585457655.3414743	2020-03-29 12:54:15	5	7	22.0	23.4589	79.5163
1585457692.0049343	2020-03-29 12:54:52	5	7	22.0	23.4589	79.5163
1585457726.9201586	2020-03-29 12:55:26	5	7	22.0	23.4589	79.5163
1585457764.5051551	2020-03-29 12:56:04	5	7	22.0	23.3883	79.5163
1585457796.9743176	2020-03-29 12:56:36	5	7	22.0	23.3883	79.5163
1585457829.0125642	2020-03-29 12:57:09	5	7	22.0	23.3883	79.5163
1585457863.3216758	2020-03-29 12:57:43	5	7	22.0	23.3883	79.5163
1585457896.2382622	2020-03-29 12:58:16	5	7	22.0	23.3883	79.5163
1585457932.8495359	2020-03-29 12:58:52	5	7	22.0	23.3883	79.5163
1585457966.3350909	2020-03-29 12:59:26	5	7	22.0	23.3883	79.5163
1585458001.4588473	2020-03-29 13:00:01	5	7	22.0	23.3883	79.5163
1585458038.3224957	2020-03-29 13:00:38	5	7	22.0	23.3883	79.5163
1585458070.8013105	2020-03-29 13:01:10	5	7	22.0	23.3883	79.5163
1585458102.1317124	2020-03-29 13:01:42	5	7	22.0	23.3883	79.5163
1585458134.4128635	2020-03-29 13:02:14	5	7	22.0	23.3883	79.5163
1585458165.6532209	2020-03-29 13:02:45	5	7	22.0	23.3883	79.5163
1585458199.4019544	2020-03-29 13:03:19	5	7	22.0	23.3883	79.5163
1585458236.1632686	2020-03-29 13:03:56	5	7	22.0	23.2949	79.5163
1585458279.0654075	2020-03-29 13:04:39	5	7	22.0	23.2949	79.5163
1585458312.5541778	2020-03-29 13:05:12	5	7	22.0	23.2949	79.5163
1585458347.6008201	2020-03-29 13:05:47	5	7	22.0	23.2949	79.5163
1585458385.2546134	2020-03-29 13:06:25	5	7	22.0	23.2949	79.5163
1585458419.4590185	2020-03-29 13:06:59	5	7	22.0	23.2949	79.5163
1585458455.7107193	2020-03-29 13:07:35	5	7	22.0	23.2949	79.5163
1585458489.8407280	2020-03-29 13:08:09	5	7	22.0	23.2949	79.5163
1585458523.3726242	2020-03-29 13:08:43	5	7	22.0	23.2949	79.5163
1585458558.2105832	2020-03-29 13:09:18	5	7	22.0	23.2949	79.5163
1585458592.6213837	2020-03-29 13:09:52	5	7	22.0	23.2949	79.5163
1585458629.7901165	2020-03-29 13:10:29	5	7	22.0	23.2949	79.5163
1585458667.2695644	2020-03-29 13:11:07	5	7	22.0	23.2949	79.5163
1585458700.5665421	2020-03-29 13:11:40	5	7	22.0	23.2949	79.5163
1585458731.9596028	2020-03-29 13:12:11	5	7	22.0	23.2949	79.5163
1585458763.2757847	2020-03-29 13:12:43	5	7	22.0	23.2949	79.5163
1585458794.5898886	2020-03-29 13:13:14	5	7	22.0	23.2949	79.5163
1585458827.9341874	2020-03-29 13:13:47	5	7	22.0	23.2949	79.5163
1585458862.5458946	2020-03-29 13:14:22	5	7	22.0	23.2949	79.5163
1585458898.0052273	2020-03-29 13:14:58	5	7	22.0	23.2949	79.5163
1585458931.5629203	2020-03-29 13:15:31	5	7	22.0	23.2949	79.5163
1585458968.2240703	2020-03-29 13:16:08	5	7	22.0	23.2949	79.5163
1585459002.4238091	2020-03-29 13:16:42	5	7	22.0	23.2949	79.5163
1585459036.3414230	2020-03-29 13:17:16	5	7	22.0	23.2949	79.5163
1585459070.9338295	2020-03-29 13:17:50	5	7	22.0	23.2949	79.5163
1585459103.0909922	2020-03-29 13:18:23	5	7	22.0	23.2949	79.5163
1585459136.4133742	2020-03-29 13:18:56	5	7	22.0	23.2949	79.5163
1585459170.1750968	2020-03-29 13:19:30	5	7	22.0	23.2949	79.5163
1585459204.1780941	2020-03-29 13:20:04	5	7	22.0	23.2949	79.5163
1585459238.4579103	2020-03-29 13:20:38	5	7	22.0	23.2949	79.5163
1585459272.9670925	2020-03-29 13:21:12	5	7	22.0	23.2949	79.5163
1585459308.4198034	2020-03-29 13:21:48	5	7	22.0	23.2949	79.5163
1585459342.6011207	2020-03-29 13:22:22	5	7	22.0	23.2949	79.5163
1585459376.4939456	2020-03-29 13:22:56	5	7	22.0	23.2949	79.5163
1585459410.7675223	2020-03-29 13:23:30	5	7	22.0	23.2949	79.5163
1585459444.6973207	2020-03-29 13:24:04	5	7	22.0	23.2949	79.5163
1585459476.9993598	2020-03-29 13:24:37	5	7	22.0	23.2949	79.5163
1585459510.2291648	2020-03-29 13:25:10	5	7	22.0	23.2949	79.5163
1585459551.8341289	2020-03-29 13:25:51	5	7	22.0	23.2949	79.5163
1585459587.3359799	2020-03-29 13:26:27	5	7	22.0	23.2949	79.5163
1585459634.2485437	2020-03-29 13:27:14	5	7	22.0	23.2949	79.5163
1585459671.9198661	2020-03-29 13:27:51	5	7	22.0	23.2949	79.5163
1585459706.2265229	2020-03-29 13:28:26	5	7	22.0	23.2949	79.5163
1585459739.7114666	2020-03-29 13:28:59	5	7	22.0	23.2949	79.5163
1585459776.7795565	2020-03-29 13:29:36	5	7	22.0	23.2949	79.5163
1585459815.9329388	2020-03-29 13:30:15	5	7	22.0	23.3062	79.5163
1585459865.9689572	2020-03-29 13:31:05	5	7	22.0	23.3062	79.5163
1585459910.6156824	2020-03-29 13:31:50	5	7	22.0	23.3062	79.5163
1585459948.9162190	2020-03-29 13:32:28	5	7	22.0	23.3062	79.5163
1585459984.0397835	2020-03-29 13:33:04	5	7	22.0	23.3062	79.5163
1585460017.8317151	2020-03-29 13:33:37	5	7	22.0	23.3062	79.5163
1585460051.9337971	2020-03-29 13:34:11	5	7	22.0	23.3062	79.5163
1585460086.1308119	2020-03-29 13:34:46	5	7	22.0	23.3062	79.5163
1585460118.7009866	2020-03-29 13:35:18	5	7	22.0	23.3062	79.5163
1585460152.3862722	2020-03-29 13:35:52	5	7	22.0	23.3062	79.5163
1585460186.4586616	2020-03-29 13:36:26	5	7	22.0	23.3062	79.5163
1585460218.7849560	2020-03-29 13:36:58	5	7	22.0	23.3062	79.5163
1585460251.7335458	2020-03-29 13:37:31	5	7	22.0	23.3062	79.5163
1585460285.1981351	2020-03-29 13:38:05	5	7	22.0	23.3062	79.5163
1585460327.8049920	2020-03-29 13:38:47	5	7	22.0	23.3062	79.5163
1585460362.9828079	2020-03-29 13:39:22	5	7	22.0	23.3062	79.5163
1585460394.4459684	2020-03-29 13:39:54	5	7	22.0	23.3062	79.5163
1585460425.9684577	2020-03-29 13:40:25	5	7	22.0	23.3062	79.5163
1585460458.4246297	2020-03-29 13:40:58	5	7	22.0	23.3062	79.5163
1585460489.8001559	2020-03-29 13:41:29	5	7	22.0	23.3062	79.5163
1585460521.4421699	2020-03-29 13:42:01	5	7	22.0	23.3062	79.5163
1585460554.7600760	2020-03-29 13:42:34	5	7	22.0	23.3062	79.5163
1585460586.8582299	2020-03-29 13:43:06	5	7	22.0	23.3062	79.5163
1585460618.2102880	2020-03-29 13:43:38	5	7	22.0	23.3062	79.5163
1585460650.0527732	2020-03-29 13:44:10	5	7	22.0	23.3062	79.5163
1585460681.6217828	2020-03-29 13:44:41	5	7	22.0	23.3062	79.5163
1585460713.0144606	2020-03-29 13:45:13	5	7	22.0	23.3062	79.5163
1585460744.8903289	2020-03-29 13:45:44	5	7	22.0	23.3062	79.5163
1585460776.8674176	2020-03-29 13:46:16	5	7	22.0	23.3062	79.5163
1585460808.1616545	2020-03-29 13:46:48	5	7	22.0	23.3062	79.5163
1585460839.4270475	2020-03-29 13:47:19	5	7	22.0	23.3062	79.5163
1585460871.3815887	2020-03-29 13:47:51	5	7	22.0	23.4117	79.5163
1585460902.7481902	2020-03-29 13:48:22	5	7	22.0	23.4117	79.5163
1585460934.1827960	2020-03-29 13:48:54	5	7	22.0	23.4117	79.5163
1585460966.3470089	2020-03-29 13:49:26	5	7	22.0	23.4117	79.5163
1585460997.9930868	2020-03-29 13:49:57	5	7	22.0	23.4117	79.5163
1585461029.4389412	2020-03-29 13:50:29	5	7	22.0	23.4117	79.5163
1585461061.4367409	2020-03-29 13:51:01	5	7	22.0	23.4117	79.5163
1585461092.8915164	2020-03-29 13:51:32	5	7	22.0	23.4117	79.5163
1585461124.8059103	2020-03-29 13:52:04	5	7	22.0	23.4117	79.5163
1585461156.1236906	2020-03-29 13:52:36	5	7	22.0	23.4117	79.5163
1585461188.2058635	2020-03-29 13:53:08	5	7	22.0	23.4117	79.5163
1585461220.3793497	2020-03-29 13:53:40	5	7	22.0	23.4117	79.5163
1585461254.6703005	2020-03-29 13:54:14	5	7	22.0	23.4117	79.5163
1585461289.5656819	2020-03-29 13:54:49	5	7	22.0	23.4117	79.5163
1585461321.4951699	2020-03-29 13:55:21	5	7	22.0	23.4117	79.5163
1585461352.8030312	2020-03-29 13:55:52	5	7	22.0	23.4117	79.5163
1585461384.0872900	2020-03-29 13:56:24	5	7	22.0	23.4117	79.5163
1585461415.5029187	2020-03-29 13:56:55	5	7	22.0	23.4117	79.5163
1585461446.8010652	2020-03-29 13:57:26	5	7	22.0	23.4117	79.5163
1585461478.4552147	2020-03-29 13:57:58	5	7	22.0	23.4117	79.5163
1585461509.9651842	2020-03-29 13:58:29	5	7	22.0	23.4117	79.5163
1585461551.5314605	2020-03-29 13:59:11	5	7	22.0	23.4117	79.5163
1585461592.1574674	2020-03-29 13:59:52	5	7	22.0	23.5145	79.5163
1585461624.1363008	2020-03-29 14:00:24	5	7	22.0	23.5145	79.5163
1585461656.1141860	2020-03-29 14:00:56	5	7	22.0	23.5145	79.5163
1585461687.7270708	2020-03-29 14:01:27	5	7	22.0	23.5145	79.5163
1585461719.6642866	2020-03-29 14:01:59	5	7	22.0	23.5145	79.5163
1585461751.5964010	2020-03-29 14:02:31	5	7	22.0	23.5145	79.5163
1585461783.2554958	2020-03-29 14:03:03	5	7	22.0	23.5145	79.5163
1585461815.2867241	2020-03-29 14:03:35	5	7	22.0	23.5145	79.5163
1585461846.5403674	2020-03-29 14:04:06	5	7	22.0	23.5145	79.5163
1585461877.7353928	2020-03-29 14:04:37	5	7	22.0	23.5145	79.5163
1585461909.0576789	2020-03-29 14:05:09	5	7	22.0	23.5145	79.5163
1585461940.3457131	2020-03-29 14:05:40	5	7	22.0	23.5145	79.5163
1585461972.1512601	2020-03-29 14:06:12	5	7	22.0	23.5145	79.5163
1585462006.1447344	2020-03-29 14:06:46	5	7	22.0	23.5145	79.5163
1585462039.7325325	2020-03-29 14:07:19	5	7	22.0	23.5145	79.5163
1585462073.7913783	2020-03-29 14:07:53	5	7	22.0	23.5145	79.5163
1585462105.7438860	2020-03-29 14:08:25	5	7	22.0	23.5145	79.5163
1585462137.0034502	2020-03-29 14:08:57	5	7	22.0	23.5145	79.5163
1585462169.3470163	2020-03-29 14:09:29	5	7	22.0	23.5145	79.5163
1585462200.5778799	2020-03-29 14:10:00	5	7	22.0	23.6118	79.5163
1585462233.0633011	2020-03-29 14:10:33	5	7	22.0	23.6118	79.5163
1585462265.0645754	2020-03-29 14:11:05	5	7	22.0	23.6118	79.5163
1585462296.4842465	2020-03-29 14:11:36	5	7	22.0	23.6118	79.5163
1585462327.9103231	2020-03-29 14:12:07	5	7	22.0	23.6118	79.5163
1585462359.6434734	2020-03-29 14:12:39	5	7	22.0	23.6118	79.5163
1585462391.5424612	2020-03-29 14:13:11	5	7	22.0	23.6118	79.5163
1585462422.8695364	2020-03-29 14:13:42	5	7	22.0	23.6118	79.5163
1585462454.1913173	2020-03-29 14:14:14	5	7	22.0	23.6118	79.5163
1585462485.3394909	2020-03-29 14:14:45	5	7	22.0	23.6118	79.5163
1585462517.1560988	2020-03-29 14:15:17	5	7	22.0	23.6118	79.5163
1585462549.4383194	2020-03-29 14:15:49	5	7	22.0	23.6118	79.5163
1585462581.3137815	2020-03-29 14:16:21	5	7	22.0	23.6118	79.5163
1585462612.5257475	2020-03-29 14:16:52	5	7	22.0	23.6118	79.5163
1585462644.2371030	2020-03-29 14:17:24	5	7	22.0	23.6118	79.5163
1585462675.8346443	2020-03-29 14:17:55	5	7	22.0	23.6118	79.5163
1585462707.0518246	2020-03-29 14:18:27	5	7	22.0	23.6118	79.5163
1585462739.0279331	2020-03-29 14:18:59	5	7	22.0	23.6118	79.5163
1585462771.0326836	2020-03-29 14:19:31	5	7	22.0	23.6118	79.5163
1585462805.3973629	2020-03-29 14:20:05	5	7	22.0	23.7119	79.5163
1585462838.1830208	2020-03-29 14:20:38	5	7	22.0	23.7119	79.5163
1585462870.6236994	2020-03-29 14:21:10	5	7	22.0	23.7119	79.5163
1585462905.3042972	2020-03-29 14:21:45	5	7	22.0	23.7119	79.5163
1585462939.4245429	2020-03-29 14:22:19	5	7	22.0	23.7119	79.5163
1585462973.2173455	2020-03-29 14:22:53	5	7	22.0	23.7119	79.5163
1585463007.5701251	2020-03-29 14:23:27	5	7	22.0	23.7119	79.5163
1585463042.5350573	2020-03-29 14:24:02	5	7	22.0	23.7119	79.5163
1585463075.3475177	2020-03-29 14:24:35	5	7	22.0	23.7119	79.5163
1585463108.7978935	2020-03-29 14:25:08	5	7	22.0	23.7119	79.5163
1585463144.8401260	2020-03-29 14:25:44	5	7	22.0	23.7119	79.5163
1585463182.6269646	2020-03-29 14:26:22	5	7	22.0	23.7119	79.5163
1585463216.7255499	2020-03-29 14:26:56	5	7	22.0	23.7119	79.5163
1585463249.7415576	2020-03-29 14:27:29	5	7	22.0	23.7119	79.5163
1585463276.3464613	2020-03-29 14:27:56	5	7	22.0	23.8072	79.5163
1585463309.8917527	2020-03-29 14:28:29	5	7	22.0	23.8072	79.5163
1585463343.7181718	2020-03-29 14:29:03	5	7	22.0	23.8072	79.5163
1585463385.3964500	2020-03-29 14:29:45	5	7	22.0	23.8072	79.5163
1585463423.0820405	2020-03-29 14:30:23	5	7	22.0	23.8072	79.5163
1585463457.0750697	2020-03-29 14:30:57	5	7	22.0	23.8072	79.5163
1585463493.0181899	2020-03-29 14:31:33	5	7	22.0	23.8072	79.5163
1585463527.4245038	2020-03-29 14:32:07	5	7	22.0	23.8072	79.5163
1585463561.8328774	2020-03-29 14:32:41	5	7	22.0	23.8072	79.5163
1585463596.3387458	2020-03-29 14:33:16	5	7	22.0	23.8072	79.5163
1585463629.9275217	2020-03-29 14:33:49	5	7	22.0	23.8072	79.5163
1585463663.8216484	2020-03-29 14:34:23	5	7	22.0	23.8072	79.5163
1585463697.7157948	2020-03-29 14:34:57	5	7	22.0	23.8072	79.5163
1585463732.1220500	2020-03-29 14:35:32	5	7	22.0	23.8072	79.5163
1585463766.3250041	2020-03-29 14:36:06	5	7	22.0	23.8072	79.5163
1585463807.2855501	2020-03-29 14:36:47	5	7	22.0	23.8072	79.5163
1585463841.4866831	2020-03-29 14:37:21	5	7	22.0	23.8072	79.5163
1585463875.3834813	2020-03-29 14:37:55	5	7	22.0	23.9148	79.5163
1585463910.6087677	2020-03-29 14:38:30	5	7	22.0	23.9148	79.5163
1585463944.9117639	2020-03-29 14:39:04	5	7	22.0	23.9148	79.5163
1585463979.1142662	2020-03-29 14:39:39	5	7	22.0	23.9148	79.5163
1585464013.5210507	2020-03-29 14:40:13	5	7	22.0	23.9148	79.5163
1585464047.9268427	2020-03-29 14:40:47	5	7	22.0	23.9148	79.5163
1585464082.2304299	2020-03-29 14:41:22	5	7	22.0	23.9148	79.5163
1585464117.0502515	2020-03-29 14:41:57	5	7	22.0	23.9148	79.5163
1585464151.3508022	2020-03-29 14:42:31	5	7	22.0	23.9148	79.5163
1585464185.9708426	2020-03-29 14:43:05	5	7	22.0	23.9148	79.5163
1585464229.1867073	2020-03-29 14:43:49	5	7	22.0	23.9148	79.5163
1585464267.3810232	2020-03-29 14:44:27	5	7	22.0	23.9148	79.5163
1585464302.4953322	2020-03-29 14:45:02	5	7	22.0	23.9148	79.5163
1585464341.2432668	2020-03-29 14:45:41	5	7	22.0	24.0084	79.5163
1585464377.4539032	2020-03-29 14:46:17	5	7	22.0	24.0084	79.5163
1585464412.2689967	2020-03-29 14:46:52	5	7	22.0	24.0084	79.5163
1585464446.7780547	2020-03-29 14:47:26	5	7	22.0	24.0084	79.5163
1585464481.0852261	2020-03-29 14:48:01	5	7	22.0	24.0084	79.5163
1585464515.3866954	2020-03-29 14:48:35	5	7	22.0	24.0084	79.5163
1585464549.7954550	2020-03-29 14:49:09	5	7	22.0	24.0084	79.5163
1585464584.3011680	2020-03-29 14:49:44	5	7	22.0	24.0084	79.5163
1585464618.4016936	2020-03-29 14:50:18	5	7	22.0	24.0084	79.5163
1585464652.9116416	2020-03-29 14:50:52	5	7	22.0	24.0084	79.5163
1585464687.0116122	2020-03-29 14:51:27	5	7	22.0	24.0084	79.5163
1585464721.6603601	2020-03-29 14:52:01	5	7	22.0	24.0084	79.5163
1585464755.8229117	2020-03-29 14:52:35	5	7	22.0	24.0084	79.5163
1585464790.4352796	2020-03-29 14:53:10	5	7	22.0	24.0084	79.5163
1585464824.2278473	2020-03-29 14:53:44	5	7	22.0	24.1039	79.5163
1585464858.1219501	2020-03-29 14:54:18	5	7	22.0	24.1039	79.5163
1585464892.1210599	2020-03-29 14:54:52	5	7	22.0	24.1039	79.5163
1585464926.8327079	2020-03-29 14:55:26	5	7	22.0	24.1039	79.5163
1585464962.1915452	2020-03-29 14:56:02	5	7	22.0	24.1039	79.5163
1585464999.6404874	2020-03-29 14:56:39	5	7	22.0	24.1039	79.5163
1585465036.5045080	2020-03-29 14:57:16	5	7	22.0	24.1039	79.5163
1585465071.2217143	2020-03-29 14:57:51	5	7	22.0	24.1039	79.5163
1585465105.5223186	2020-03-29 14:58:25	5	7	22.0	24.1039	79.5163
1585465139.7233744	2020-03-29 14:58:59	5	7	22.0	24.1039	79.5163
1585465173.9276857	2020-03-29 14:59:33	5	7	22.0	24.1039	79.5163
1585465208.1281035	2020-03-29 15:00:08	5	7	22.0	24.1039	79.5163
1585465242.0224688	2020-03-29 15:00:42	5	7	22.0	24.1039	79.5163
1585465276.3270617	2020-03-29 15:01:16	5	7	22.0	24.1039	79.5163
1585465310.2216733	2020-03-29 15:01:50	5	7	22.0	24.2124	79.5163
1585465344.3210886	2020-03-29 15:02:24	5	7	22.0	24.2124	79.5163
1585465378.3186498	2020-03-29 15:02:58	5	7	22.0	24.2124	79.5163
1585465415.6048784	2020-03-29 15:03:35	5	7	22.0	24.2124	79.5163
1585465449.8963125	2020-03-29 15:04:09	5	7	22.0	24.2124	79.5163
1585465489.2296073	2020-03-29 15:04:49	5	7	22.0	24.2124	79.5163
1585465522.7037363	2020-03-29 15:05:22	5	7	22.0	24.2124	79.5163
1585465558.2355950	2020-03-29 15:05:58	5	7	22.0	24.2124	79.5163
1585465592.2329111	2020-03-29 15:06:32	5	7	22.0	24.2124	79.5163
1585465626.4352582	2020-03-29 15:07:06	5	7	22.0	24.2124	79.5163
1585465660.2279503	2020-03-29 15:07:40	5	7	22.0	24.3028	79.5163
1585465694.7381229	2020-03-29 15:08:14	5	7	22.0	24.3028	79.5163
1585465728.3259830	2020-03-29 15:08:48	5	7	22.0	24.3028	79.5163
1585465766.8264179	2020-03-29 15:09:26	5	7	22.0	24.3028	79.5163
1585465801.5756228	2020-03-29 15:10:01	5	7	22.0	24.3028	79.5163
1585465836.5611451	2020-03-29 15:10:36	5	7	22.0	24.3028	79.5163
1585465870.1487746	2020-03-29 15:11:10	5	7	22.0	24.3028	79.5163
1585465907.5250118	2020-03-29 15:11:47	5	7	22.0	24.3028	79.5163
1585465941.9311733	2020-03-29 15:12:21	5	7	22.0	24.3028	79.5163
1585465975.8258305	2020-03-29 15:12:55	5	7	22.0	24.3028	79.5163
1585466011.3595366	2020-03-29 15:13:31	5	7	22.0	24.3028	79.5163
1585466046.9983914	2020-03-29 15:14:06	5	7	22.0	24.4002	79.5163
1585466081.4003887	2020-03-29 15:14:41	5	7	22.0	24.4002	79.5163
1585466116.3192534	2020-03-29 15:15:16	5	7	22.0	24.4002	79.5163
1585466150.8368473	2020-03-29 15:15:50	5	7	22.0	24.4002	79.5163
1585466184.7579253	2020-03-29 15:16:24	5	7	22.0	24.4002	79.5163
1585466218.5157256	2020-03-29 15:16:58	5	7	22.0	24.4002	79.5163
1585466252.5152555	2020-03-29 15:17:32	5	7	22.0	24.4002	79.5163
1585466286.8176537	2020-03-29 15:18:06	5	7	22.0	24.4002	79.5163
1585466321.2242188	2020-03-29 15:18:41	5	7	22.0	24.4002	79.5163
1585466356.6550839	2020-03-29 15:19:16	5	7	22.0	24.4002	79.5163
1585466390.9582245	2020-03-29 15:19:50	5	7	22.0	24.4002	79.5163
1585466425.6736238	2020-03-29 15:20:25	5	7	22.0	24.4002	79.5163
1585466460.3868878	2020-03-29 15:21:00	5	7	22.0	24.4002	79.5163
1585466494.5383637	2020-03-29 15:21:34	5	7	22.0	24.522	79.5163
1585466528.3810437	2020-03-29 15:22:08	5	7	22.0	24.522	79.5163
1585466562.2758083	2020-03-29 15:22:42	5	7	22.0	24.522	79.5163
1585466598.5312133	2020-03-29 15:23:18	5	7	22.0	24.522	79.5163
1585466637.0337665	2020-03-29 15:23:57	5	7	22.0	24.522	79.5163
1585466671.7421789	2020-03-29 15:24:31	5	7	22.0	24.522	79.5163
1585466707.4956138	2020-03-29 15:25:07	5	7	22.0	24.522	79.5163
1585466743.4217944	2020-03-29 15:25:43	5	7	22.0	24.522	79.5163
1585466777.6368506	2020-03-29 15:26:17	5	7	22.0	24.522	79.5163
1585466812.9587622	2020-03-29 15:26:52	5	7	22.0	24.522	79.5163
1585466846.9500523	2020-03-29 15:27:26	5	7	22.0	24.522	79.5163
1585466881.0514348	2020-03-29 15:28:01	5	7	22.0	24.6146	79.5163
1585466918.2162607	2020-03-29 15:28:38	5	7	22.0	24.6146	79.5163
1585466960.0016928	2020-03-29 15:29:20	5	7	22.0	24.6146	79.5163
1585466994.1612725	2020-03-29 15:29:54	5	7	22.0	24.6146	79.5163
1585467028.9150612	2020-03-29 15:30:28	5	7	22.0	24.6146	79.5163
1585467063.7348285	2020-03-29 15:31:03	5	7	22.0	24.6146	79.5163
1585467098.0470116	2020-03-29 15:31:38	5	7	22.0	24.6146	79.5163
1585467137.0511851	2020-03-29 15:32:17	5	7	22.0	24.6146	79.5163
1585467180.3657746	2020-03-29 15:33:00	5	7	22.0	24.6146	79.5163
1585467215.2986126	2020-03-29 15:33:35	5	7	22.0	24.7032	79.5163
1585467248.8724682	2020-03-29 15:34:08	5	7	22.0	24.7032	79.5163
1585467286.2583826	2020-03-29 15:34:46	5	7	22.0	24.7032	79.5163
1585467336.1179111	2020-03-29 15:35:36	5	7	22.0	24.7032	79.5163
1585467370.5245056	2020-03-29 15:36:10	5	7	22.0	24.7032	79.5163
1585467408.3115811	2020-03-29 15:36:48	5	7	22.0	24.7032	79.5163
1585467443.9463565	2020-03-29 15:37:23	5	7	22.0	24.7032	79.5163
1585467478.4549444	2020-03-29 15:37:58	5	7	22.0	24.7032	79.5163
1585467515.0315115	2020-03-29 15:38:35	5	7	22.0	24.7032	79.5163
1585467549.3173802	2020-03-29 15:39:09	5	7	22.0	24.7032	79.5163
1585467583.8305268	2020-03-29 15:39:43	5	7	22.0	24.7032	79.5163
1585467618.0287654	2020-03-29 15:40:18	5	7	22.0	24.7032	79.5163
1585467652.3315048	2020-03-29 15:40:52	5	7	22.0	24.7032	79.5163
1585467687.0000978	2020-03-29 15:41:27	5	7	22.0	24.7032	79.5163
1585467734.1493459	2020-03-29 15:42:14	5	7	22.0	24.8287	79.5163
1585467768.7616913	2020-03-29 15:42:48	5	7	22.0	24.8287	79.5163
1585467802.6558981	2020-03-29 15:43:22	5	7	22.0	24.8287	79.5163
1585467837.4718227	2020-03-29 15:43:57	5	7	22.0	24.8287	79.5163
1585467872.0859694	2020-03-29 15:44:32	5	7	22.0	24.8287	79.5163
1585467904.4430623	2020-03-29 15:45:04	5	7	22.0	24.8287	79.5163
1585467938.4387770	2020-03-29 15:45:38	5	7	22.0	24.8287	79.5163
1585467974.3830335	2020-03-29 15:46:14	5	7	22.0	24.8287	79.5163
1585468009.1977527	2020-03-29 15:46:49	5	7	22.0	24.8287	79.5163
1585468043.5022881	2020-03-29 15:47:23	5	7	22.0	24.8287	79.5163
1585468078.3189738	2020-03-29 15:47:58	5	7	22.0	24.9302	79.5163
1585468113.0332034	2020-03-29 15:48:33	5	7	22.0	24.9302	79.5163
1585468146.9283209	2020-03-29 15:49:06	5	7	22.0	24.9302	79.5163
1585468180.9247732	2020-03-29 15:49:40	5	7	22.0	24.9302	79.5163
1585468216.8667886	2020-03-29 15:50:16	5	7	22.0	24.9302	79.5163
1585468250.9659815	2020-03-29 15:50:50	5	7	22.0	24.9302	79.5163
1585468285.0673645	2020-03-29 15:51:25	5	7	22.0	24.9302	79.5163
1585468319.0628173	2020-03-29 15:51:59	5	7	22.0	24.9302	79.5163
1585468352.9575450	2020-03-29 15:52:32	5	7	22.0	24.9302	79.5163
1585468386.8516157	2020-03-29 15:53:06	5	7	22.0	24.9302	79.5163
1585468420.9515374	2020-03-29 15:53:40	5	7	22.0	25.0279	79.5163
1585468454.9488606	2020-03-29 15:54:14	5	7	22.0	25.0279	79.5163
1585468488.9462366	2020-03-29 15:54:48	5	7	22.0	25.0279	79.5163
1585468525.5033643	2020-03-29 15:55:25	5	7	22.0	25.0279	79.5163
1585468563.8080649	2020-03-29 15:56:03	5	7	22.0	25.0279	79.5163
1585468600.0584459	2020-03-29 15:56:40	5	7	22.0	25.0279	79.5163
1585468634.4571929	2020-03-29 15:57:14	5	7	22.0	25.0279	79.5163
1585468668.7634888	2020-03-29 15:57:48	5	7	22.0	25.1037	79.5163
1585468702.8608243	2020-03-29 15:58:22	5	7	22.0	25.1037	79.5163
1585468736.9597299	2020-03-29 15:58:56	5	7	22.0	25.1037	79.5163
1585468770.8553653	2020-03-29 15:59:30	5	7	22.0	25.1037	79.5163
1585468805.0562727	2020-03-29 16:00:05	5	7	22.0	25.1037	79.5163
1585468839.3601739	2020-03-29 16:00:39	5	7	22.0	25.1037	79.5163
1585468876.4352577	2020-03-29 16:01:16	5	7	22.0	25.1037	79.5163
1585468922.4397733	2020-03-29 16:02:02	5	7	22.0	25.1037	79.5163
1585468969.2156572	2020-03-29 16:02:49	5	7	22.0	25.1037	79.5163
1585469013.6567309	2020-03-29 16:03:33	5	7	22.0	25.2155	79.5163
1585469049.7030942	2020-03-29 16:04:09	5	7	22.0	25.2155	79.5163
1585469084.2533870	2020-03-29 16:04:44	5	7	22.0	25.2155	79.5163
1585469119.0176389	2020-03-29 16:05:19	5	7	22.0	25.2155	79.5163
1585469153.1165254	2020-03-29 16:05:53	5	7	22.0	25.2155	79.5163
1585469186.8053381	2020-03-29 16:06:26	5	7	22.0	25.2155	79.5163
1585469221.9296687	2020-03-29 16:07:01	5	7	22.0	25.2155	79.5163
1585469257.0543911	2020-03-29 16:07:37	5	7	22.0	25.2155	79.5163
1585469290.9543521	2020-03-29 16:08:10	5	7	22.0	25.2155	79.5163
1585469324.9479978	2020-03-29 16:08:44	5	7	22.0	25.2155	79.5163
1585469359.1471977	2020-03-29 16:09:19	5	7	22.0	25.2155	79.5163
1585469393.2472789	2020-03-29 16:09:53	5	7	22.0	25.3297	79.5163
1585469427.1419601	2020-03-29 16:10:27	5	7	22.0	25.3297	79.5163
1585469461.8556340	2020-03-29 16:11:01	5	7	22.0	25.3297	79.5163
1585469494.6275122	2020-03-29 16:11:34	5	7	22.0	25.3297	79.5163
1585469528.3149590	2020-03-29 16:12:08	5	7	22.0	25.3297	79.5163
1585469560.5513296	2020-03-29 16:12:40	5	7	22.0	25.3297	79.5163
1585469594.0895696	2020-03-29 16:13:14	5	7	22.0	25.3297	79.5163
1585469625.3877585	2020-03-29 16:13:45	5	7	22.0	25.41	79.5163
1585469676.0060682	2020-03-29 16:14:36	5	7	22.0	25.41	79.5163
1585469709.9982181	2020-03-29 16:15:09	5	7	22.0	25.41	79.5163
1585469743.4569461	2020-03-29 16:15:43	5	7	22.0	25.41	79.5163
1585469780.1614165	2020-03-29 16:16:20	5	7	22.0	25.41	79.5163
1585469814.5227828	2020-03-29 16:16:54	5	7	22.0	25.41	79.5163
1585469849.1347115	2020-03-29 16:17:29	5	7	22.0	25.41	79.5163
1585469884.3894436	2020-03-29 16:18:04	5	7	22.0	25.41	79.5163
1585469918.3579710	2020-03-29 16:18:38	5	7	22.0	25.41	79.5163
1585469955.5289495	2020-03-29 16:19:15	5	7	22.0	25.41	79.5163
1585469988.2712445	2020-03-29 16:19:48	5	7	22.0	25.5301	79.5163
1585470021.8856847	2020-03-29 16:20:21	5	7	22.0	25.5301	79.5163
1585470054.9153082	2020-03-29 16:20:54	5	7	22.0	25.5301	79.5163
1585470088.0356076	2020-03-29 16:21:28	5	7	22.0	25.5301	79.5163
1585470121.4190004	2020-03-29 16:22:01	5	7	22.0	25.5301	79.5163
1585470155.8249087	2020-03-29 16:22:35	5	7	22.0	25.5301	79.5163
1585470189.5146024	2020-03-29 16:23:09	5	7	22.0	25.5301	79.5163
1585470223.4111435	2020-03-29 16:23:43	5	7	22.0	25.6046	79.5163
1585470258.5342946	2020-03-29 16:24:18	5	7	22.0	25.6046	79.5163
1585470293.5543232	2020-03-29 16:24:53	5	7	22.0	25.6046	79.5163
1585470332.8763654	2020-03-29 16:25:32	5	7	22.0	25.6046	79.5163
1585470367.9326015	2020-03-29 16:26:07	5	7	22.0	25.6046	79.5163
1585470400.8396695	2020-03-29 16:26:40	5	7	22.0	25.6046	79.5163
1585477688.2283394	2020-03-29 18:28:08	5	7	22.0	27.7087	79.5163
1585477721.8085713	2020-03-29 18:28:41	5	7	22.0	27.7087	79.5163
1585477755.3960514	2020-03-29 18:29:15	5	7	22.0	27.7087	79.5163
1585477790.3152480	2020-03-29 18:29:50	5	7	22.0	27.7087	79.5163
1585477825.5420659	2020-03-29 18:30:25	5	7	22.0	27.7087	79.5163
1585477859.2304661	2020-03-29 18:30:59	5	7	22.0	27.7087	79.5163
1585477895.5826347	2020-03-29 18:31:35	5	7	22.0	27.7087	79.5163
1585477929.8888896	2020-03-29 18:32:09	5	7	22.0	27.7087	79.5163
1585477965.3195376	2020-03-29 18:32:45	5	7	22.0	27.7087	79.5163
1585477999.3166602	2020-03-29 18:33:19	5	7	22.0	27.7087	79.5163
1585478033.4146264	2020-03-29 18:33:53	5	7	22.0	27.7087	79.5163
1585478067.2078810	2020-03-29 18:34:27	5	7	22.0	27.7087	79.5163
1585478101.2032030	2020-03-29 18:35:01	5	7	22.0	27.7087	79.5163
1585478135.3032720	2020-03-29 18:35:35	5	7	22.0	27.7087	79.5163
1585478169.6075077	2020-03-29 18:36:09	5	7	22.0	27.7087	79.5163
1585478203.0966947	2020-03-29 18:36:43	5	7	22.0	27.7087	79.5163
1585478237.7092023	2020-03-29 18:37:17	5	7	22.0	27.7087	79.5163
1585478271.8035538	2020-03-29 18:37:51	5	7	22.0	27.7087	79.5163
1585478307.0344448	2020-03-29 18:38:27	5	7	22.0	27.7087	79.5163
1585478342.6674135	2020-03-29 18:39:02	5	7	22.0	27.7087	79.5163
1585478376.7644975	2020-03-29 18:39:36	5	7	22.0	27.7087	79.5163
1585478412.2006531	2020-03-29 18:40:12	5	7	22.0	27.7087	79.5163
1585478458.9477184	2020-03-29 18:40:58	5	7	22.0	27.7087	79.5163
1585478497.2050579	2020-03-29 18:41:37	5	7	22.0	27.7087	79.5163
1585478531.2893803	2020-03-29 18:42:11	5	7	22.0	27.7087	79.5163
1585478565.2870548	2020-03-29 18:42:45	5	7	22.0	27.7087	79.5163
1585478598.9806540	2020-03-29 18:43:18	5	7	22.0	27.7087	79.5163
1585478632.9728570	2020-03-29 18:43:52	5	7	22.0	27.7087	79.5163
1585478668.8138003	2020-03-29 18:44:28	5	7	22.0	27.7087	79.5163
1585478703.5293419	2020-03-29 18:45:03	5	7	22.0	27.7087	79.5163
1585478737.9340222	2020-03-29 18:45:37	5	7	22.0	27.7087	79.5163
1585478772.4448564	2020-03-29 18:46:12	5	7	22.0	27.7087	79.5163
1585478808.5926197	2020-03-29 18:46:48	5	7	22.0	27.7087	79.5163
1585478842.9970710	2020-03-29 18:47:22	5	7	22.0	27.7087	79.5163
1585478877.0969474	2020-03-29 18:47:57	5	7	22.0	27.7087	79.5163
1585478911.6056700	2020-03-29 18:48:31	5	7	22.0	27.7087	79.5163
1585478947.1398914	2020-03-29 18:49:07	5	7	22.0	27.7087	79.5163
1585478984.5176780	2020-03-29 18:49:44	5	7	22.0	27.7087	79.5163
1585479019.4347596	2020-03-29 18:50:19	5	7	22.0	27.7087	79.5163
1585479054.1508543	2020-03-29 18:50:54	5	7	22.0	27.7087	79.5163
1585479090.6574011	2020-03-29 18:51:30	5	7	22.0	27.7087	79.5163
1585479129.5155034	2020-03-29 18:52:09	5	7	22.0	27.7087	79.5163
1585479164.4350016	2020-03-29 18:52:44	5	7	22.0	27.7087	79.5163
1585479199.1589701	2020-03-29 18:53:19	5	7	22.0	27.7087	79.5163
1585479233.3499424	2020-03-29 18:53:53	5	7	22.0	27.7087	79.5163
1585479267.5499566	2020-03-29 18:54:27	5	7	22.0	27.7087	79.5163
1585479301.3441441	2020-03-29 18:55:01	5	7	22.0	27.7087	79.5163
1585479336.7281001	2020-03-29 18:55:36	5	7	22.0	27.7087	79.5163
1585479370.4258032	2020-03-29 18:56:10	5	7	22.0	27.7087	79.5163
1585479403.3305123	2020-03-29 18:56:43	5	7	22.0	27.7087	79.5163
1585479436.4708526	2020-03-29 18:57:16	5	7	22.0	27.7087	79.5163
1585479472.3492053	2020-03-29 18:57:52	5	7	22.0	27.7087	79.5163
1585479506.4819210	2020-03-29 18:58:26	5	7	22.0	27.7087	79.5163
1585479539.2515554	2020-03-29 18:58:59	5	7	22.0	27.7087	79.5163
1585479585.5045841	2020-03-29 18:59:45	5	7	22.0	27.7087	79.5163
1585479619.5003321	2020-03-29 19:00:19	5	7	22.0	27.7087	79.5163
1585479653.4961386	2020-03-29 19:00:53	5	7	22.0	27.7087	79.5163
1585479687.1998131	2020-03-29 19:01:27	5	7	22.0	27.7087	79.5163
1585479721.3872237	2020-03-29 19:02:01	5	7	22.0	27.7087	79.5163
1585479753.3439693	2020-03-29 19:02:33	5	7	22.0	27.7087	79.5163
1585479795.6321943	2020-03-29 19:03:15	5	7	22.0	27.7087	79.5163
1585479833.0058482	2020-03-29 19:03:53	5	7	22.0	27.7087	79.5163
1585479869.0512924	2020-03-29 19:04:29	5	7	22.0	27.7087	79.5163
1585479905.2037988	2020-03-29 19:05:05	5	7	22.0	27.7087	79.5163
1585479940.1159942	2020-03-29 19:05:40	5	7	22.0	27.7087	79.5163
1585479999.2056596	2020-03-29 19:06:39	5	7	22.0	27.7087	79.5163
1585480039.5606887	2020-03-29 19:07:19	5	7	22.0	27.7087	79.5163
1585480082.6844063	2020-03-29 19:08:02	5	7	22.0	27.7087	79.5163
1585480199.9405472	2020-03-29 19:09:59	5	7	22.0	27.7087	79.5163
1585480237.2841902	2020-03-29 19:10:37	5	7	22.0	27.7087	79.5163
1585480274.5562637	2020-03-29 19:11:14	5	7	22.0	27.7087	79.5163
1585480308.8609116	2020-03-29 19:11:48	5	7	22.0	27.7087	79.5163
1585480344.7023118	2020-03-29 19:12:24	5	7	22.0	27.7087	79.5163
1585480378.9173098	2020-03-29 19:12:58	5	7	22.0	27.7087	79.5163
1585480413.0046971	2020-03-29 19:13:33	5	7	22.0	27.7087	79.5163
1585480447.8191812	2020-03-29 19:14:07	5	7	22.0	27.7087	79.5163
1585480485.5026231	2020-03-29 19:14:45	5	7	22.0	27.7087	79.5163
1585480519.9092567	2020-03-29 19:15:19	5	7	22.0	27.7087	79.5163
1585480553.9159553	2020-03-29 19:15:53	5	7	22.0	27.7087	79.5163
1585480587.4936509	2020-03-29 19:16:27	5	7	22.0	27.7087	79.5163
1585480621.6955492	2020-03-29 19:17:01	5	7	22.0	27.7087	79.5163
1585480655.7957547	2020-03-29 19:17:35	5	7	22.0	27.7087	79.5163
1585480690.1139994	2020-03-29 19:18:10	5	7	22.0	27.7087	79.5163
1585480727.5525670	2020-03-29 19:18:47	5	7	22.0	27.7087	79.5163
1585480762.3941407	2020-03-29 19:19:22	5	7	22.0	27.7087	79.5163
1585480798.1321001	2020-03-29 19:19:58	5	7	22.0	27.7087	79.5163
1585480832.1290209	2020-03-29 19:20:32	5	7	22.0	27.7087	79.5163
1585480865.9214387	2020-03-29 19:21:05	5	7	22.0	27.7087	79.5163
1585480899.9207251	2020-03-29 19:21:39	5	7	22.0	27.7087	79.5163
1585480934.3248870	2020-03-29 19:22:14	5	7	22.0	27.7087	79.5163
1585480966.9840686	2020-03-29 19:22:46	5	7	22.0	27.7087	79.5163
1585481001.0904059	2020-03-29 19:23:21	5	7	22.0	27.7087	79.5163
1585481038.6726072	2020-03-29 19:23:58	5	7	22.0	27.7087	79.5163
1585481117.2899401	2020-03-29 19:25:17	5	7	22.0	27.7087	79.5163
1585481151.7218544	2020-03-29 19:25:51	5	7	22.0	27.7087	79.5163
1585481185.1029134	2020-03-29 19:26:25	5	7	22.0	27.7087	79.5163
1585481218.6914961	2020-03-29 19:26:58	5	7	22.0	27.7087	79.5163
1585481257.0928092	2020-03-29 19:27:37	5	7	22.0	27.7087	79.5163
1585481291.4983523	2020-03-29 19:28:11	5	7	22.0	27.7087	79.5163
1585481332.1699712	2020-03-29 19:28:52	5	7	22.0	27.7087	79.5163
1585481366.7671170	2020-03-29 19:29:26	5	7	22.0	27.7087	79.5163
1585481400.6631441	2020-03-29 19:30:00	5	7	22.0	27.7087	79.5163
1585481448.8921578	2020-03-29 19:30:48	5	7	22.0	27.7087	79.5163
1585481482.9894435	2020-03-29 19:31:22	5	7	22.0	27.7087	79.5163
1585481531.8500071	2020-03-29 19:32:11	5	7	22.0	27.7087	79.5163
1585481566.2396851	2020-03-29 19:32:46	5	7	22.0	27.7087	79.5163
1585481599.2063959	2020-03-29 19:33:19	5	7	22.0	27.7087	79.5163
1585481632.4927335	2020-03-29 19:33:52	5	7	22.0	27.7087	79.5163
1585481667.0028660	2020-03-29 19:34:27	5	7	22.0	27.7087	79.5163
1585481701.5116091	2020-03-29 19:35:01	5	7	22.0	27.7087	79.5163
