8:34:50	5	1	22.0	18.2705	99.5172	60
8:35:50	5	1	22.0	18.1789	61.0183	60
8:36:50	5	1	22.0	18.2797	60.4893	60
8:37:50	5	1	22.0	18.3773	60.4893	60
8:38:50	5	1	22.0	18.4699	60.4893	60
8:39:50	5	1	22.0	18.5538	60.4893	60
8:40:50	5	1	22.0	18.6334	60.4893	60
8:41:50	5	1	22.0	18.7089	60.4893	60
8:42:50	5	1	22.0	18.7089	60.4893	60
8:43:50	5	1	22.0	18.844	60.4893	60
8:44:50	5	1	22.0	18.9039	60.4893	60
8:45:50	5	1	22.0	18.9039	60.4893	60
8:46:50	5	1	22.0	19.0059	60.4893	60
8:47:55	5	1	22.0	19.0059	60.4893	60
8:48:55	5	1	22.0	19.1404	60.4893	60
8:49:55	5	1	22.0	19.1404	60.4893	60
8:50:55	5	1	22.0	19.2128	60.4893	60
8:51:55	5	1	22.0	19.2128	60.4893	60
8:52:55	5	1	22.0	19.2128	60.4893	60
8:53:55	5	1	22.0	19.3089	60.4893	60
8:54:55	5	1	22.0	19.3089	60.4893	60.01100000000001
8:55:55	5	1	22.0	19.3089	60.4893	60
8:56:55	5	1	22.0	19.3089	60.4893	60
8:57:55	5	1	22.0	19.4173	60.4893	60
8:59:0	5	1	22.0	19.4173	61.0497	61.341
9:0:0	5	1	22.0	19.4173	60.9829	60.51400000000001
9:1:0	5	1	22.0	19.4173	60.48	60
9:2:0	5	1	22.0	19.5028	60.48	60
9:3:0	5	1	22.0	19.5028	61.2381	61.738
9:4:0	5	1	22.0	19.5028	61.2381	61.766000000000005
9:5:0	5	1	22.0	19.5028	61.2381	61.79400000000001
9:6:0	5	1	22.0	19.5028	61.4887	61.82200000000002
9:7:0	5	1	22.0	19.5028	61.4887	61.85000000000002
9:8:0	5	1	22.0	19.5028	61.4887	61.87800000000003
9:9:5	5	1	22.0	19.6006	61.4887	61.906000000000034
9:10:0	5	1	22.0	19.594	64.4731	64.86800000000002
9:11:0	5	1	22.0	19.594	65.2044	65.67600000000006
9:12:0	5	1	22.0	19.594	66.2863	66.61600000000007
9:13:0	5	1	22.0	19.594	67.2785	67.55600000000008
9:14:0	5	1	22.0	19.594	68.0169	68.4960000000001
9:15:0	5	1	22.0	19.4917	69.1036	69.4360000000001
9:16:0	5	1	22.0	19.4917	67.7521	67.30700000000013
9:17:0	5	1	22.0	19.4917	67.6875	67.22400000000015
9:18:5	5	1	22.0	19.4917	67.6875	67.14100000000016
9:19:5	5	1	22.0	19.4917	67.544	67.05800000000018
9:20:5	5	1	22.0	19.4917	67.4678	66.9750000000002
9:21:5	5	1	22.0	19.4917	67.3896	66.89200000000021
9:22:5	5	1	22.0	19.4917	67.3896	66.80900000000022
9:23:5	5	1	22.0	19.4917	67.2865	66.72600000000024
9:24:5	5	1	22.0	19.396	67.1362	66.64300000000026
9:25:5	5	1	22.0	19.4098	64.1457	63.68900000000025
9:26:5	5	1	22.0	19.4098	63.5693	63.06300000000025
9:27:5	5	1	22.0	19.4098	62.6593	62.16100000000026
9:28:5	5	1	22.0	19.4098	61.7668	61.25900000000026
9:29:10	5	1	22.0	19.5054	60.8555	60.35700000000027
9:30:10	5	1	22.0	19.5054	61.9728	62.323000000000306
9:31:10	5	1	22.0	19.5054	61.9728	62.37700000000032
9:32:10	5	1	22.0	19.5054	61.9728	62.43100000000034
9:33:10	5	1	22.0	19.5054	61.9728	62.485000000000355
9:34:10	5	1	22.0	19.6049	62.2183	62.53900000000037
9:35:10	5	1	22.0	19.6049	65.1868	65.57800000000036
9:36:10	5	1	22.0	19.5937	66.2868	66.62700000000036
9:37:10	5	1	22.0	19.5937	66.9452	67.3400000000003
9:38:10	5	1	22.0	19.5937	67.9767	68.27700000000029
9:39:10	5	1	22.0	19.5937	68.7247	69.21400000000027
9:40:15	5	1	22.0	19.5937	69.8159	70.15100000000025
9:41:15	5	1	22.0	19.4831	70.8097	71.08800000000024
9:42:15	5	1	22.0	19.4831	69.1818	68.70700000000028
9:43:15	5	1	22.0	19.4831	69.0844	68.53800000000028
9:44:15	5	1	22.0	19.4831	68.8464	68.36900000000028
9:45:15	5	1	22.0	19.4831	68.6778	68.20000000000029
9:46:15	5	1	22.0	19.4831	68.5795	68.03100000000029
9:47:15	5	1	22.0	19.4831	68.3402	67.8620000000003
9:48:15	5	1	22.0	19.4831	68.1713	67.6930000000003
9:49:15	5	1	22.0	19.4831	68.0728	67.5240000000003
9:50:20	5	1	22.0	19.4831	67.8333	67.3550000000003
9:51:20	5	1	22.0	19.4831	67.6643	67.1860000000003
9:52:20	5	1	22.0	19.4831	67.4953	67.01700000000031
9:53:20	5	1	22.0	19.4831	67.3969	66.84800000000031
9:54:25	5	1	22.0	19.4831	67.1573	66.67900000000031
9:55:25	5	1	22.0	19.4831	66.9883	66.51000000000032
9:56:25	5	1	22.0	19.4831	66.8899	66.34100000000032
9:57:25	5	1	22.0	19.4831	66.6503	66.17200000000032
9:58:25	5	1	22.0	19.4831	66.4813	66.00300000000033
9:59:30	5	1	22.0	19.4831	66.3829	65.83400000000033
10:0:30	5	1	22.0	19.4831	66.1433	65.66500000000033
10:1:30	5	1	22.0	19.4831	65.9743	65.49600000000034
10:2:25	5	1	22.0	19.4831	65.8759	65.32700000000034
10:3:25	5	1	22.0	19.5094	65.6363	65.15800000000034
10:4:25	5	1	22.0	19.5094	65.6363	65.77800000000032
10:5:25	5	1	22.0	19.5094	65.6363	65.87200000000031
10:6:25	5	1	22.0	19.5094	65.6363	65.9660000000003
10:7:25	5	1	22.0	19.5094	65.6363	66.0600000000003
10:8:25	5	1	22.0	19.5094	65.8681	66.1540000000003
10:9:25	5	1	22.0	19.5094	65.8681	66.24800000000029
10:10:30	5	1	22.0	19.5094	65.8681	66.34200000000028
10:11:30	5	1	22.0	19.5094	66.1141	66.43600000000028
10:12:30	5	1	22.0	19.5094	66.1141	66.53000000000027
10:13:30	5	1	22.0	19.5094	66.3437	66.62400000000027
10:14:30	5	1	22.0	19.5094	66.3437	66.71800000000026
10:15:30	5	1	22.0	19.6026	66.3437	66.81200000000025
10:16:30	5	1	22.0	19.6026	69.311	69.70200000000023
10:17:30	5	1	22.0	19.5812	70.3964	70.72800000000021
10:18:35	5	1	22.0	19.5812	70.6843	71.1120000000002
10:19:35	5	1	22.0	19.5812	71.4335	71.92400000000018
10:20:35	5	1	22.0	19.5812	72.4465	72.73600000000016
10:21:35	5	1	22.0	19.4826	73.1284	73.54800000000014
10:22:35	5	1	22.0	19.4826	71.8951	71.40200000000021
10:23:35	5	1	22.0	19.4826	71.791	71.22800000000024
10:24:35	5	1	22.0	19.4826	71.5401	71.05400000000026
10:25:35	5	1	22.0	19.4826	71.3649	70.88000000000028
10:26:35	5	1	22.0	19.4826	71.1903	70.7060000000003
10:27:35	5	1	22.0	19.3992	71.0887	70.53200000000032
10:28:35	5	1	22.0	19.3992	68.3547	67.85600000000031
10:29:35	5	1	22.0	19.4135	67.3759	66.84800000000031
10:30:40	5	1	22.0	19.4135	66.7647	66.26900000000028
10:31:40	5	1	22.0	19.4135	65.8475	65.40400000000027
10:32:40	5	1	22.0	19.4135	65.0295	64.53900000000026
10:33:40	5	1	22.0	19.5178	64.1734	63.67400000000025
10:34:40	5	1	22.0	19.5178	65.4785	65.9380000000003
10:35:40	5	1	22.0	19.5178	65.7442	66.11600000000031
10:36:40	5	1	22.0	19.5178	65.9851	66.29400000000032
10:37:40	5	1	22.0	19.6169	65.9851	66.47200000000034
10:38:45	5	1	22.0	19.6169	69.1792	69.62300000000035
10:39:45	5	1	22.0	19.6169	70.3883	70.79200000000036
10:40:45	5	1	22.0	19.5981	71.5721	71.96100000000037
10:41:45	5	1	22.0	19.5981	72.2017	72.56600000000032
10:42:45	5	1	22.0	19.5981	73.2417	73.54700000000031
10:43:45	5	1	22.0	19.5981	74.2444	74.5280000000003
10:44:45	5	1	22.0	19.4795	75.2334	75.5090000000003
10:45:45	5	1	22.0	19.4795	73.4261	72.93200000000037
10:46:45	5	1	22.0	19.4795	73.1738	72.72700000000039
10:47:45	5	1	22.0	19.4795	73.0741	72.5220000000004
10:48:45	5	1	22.0	19.4795	72.8933	72.31700000000042
10:49:50	5	1	22.0	19.4795	72.5602	72.11200000000044
10:50:50	5	1	22.0	19.4795	72.3884	71.90700000000045
10:51:50	5	1	22.0	19.4795	72.2788	71.70200000000047
10:52:50	5	1	22.0	19.4795	71.9454	71.49700000000048
10:53:50	5	1	22.0	19.4795	71.7734	71.2920000000005
10:54:50	5	1	22.0	19.4795	71.5854	71.08700000000051
10:55:50	5	1	22.0	19.4795	71.3891	70.88200000000053
10:56:55	5	1	22.0	19.4795	71.1584	70.67700000000055
10:57:55	5	1	22.0	19.4795	70.9704	70.47200000000056
10:58:55	5	1	22.0	19.4795	70.7741	70.26700000000058
10:59:55	5	1	22.0	19.4795	70.5434	70.0620000000006
11:0:55	5	1	22.0	19.4795	70.3554	69.85700000000061
11:1:55	5	1	22.0	19.4795	70.1591	69.65200000000063
11:2:55	5	1	22.0	19.4795	69.9284	69.44700000000064
11:3:55	5	1	22.0	19.4795	69.7404	69.24200000000066
11:4:55	5	1	22.0	19.4795	69.4854	69.03700000000067
11:6:0	5	1	22.0	19.4795	69.3852	68.83200000000069
11:7:0	5	1	22.0	19.5131	69.1254	68.6270000000007
11:7:55	5	1	22.0	19.5131	69.1254	69.43000000000072
11:8:55	5	1	22.0	19.5131	69.1254	69.56100000000073
11:9:55	5	1	22.0	19.5131	69.3711	69.69200000000075
11:10:55	5	1	22.0	19.5131	69.3711	69.82300000000076
11:11:55	5	1	22.0	19.5131	69.6213	69.95400000000078
11:12:55	5	1	22.0	19.5131	69.6213	70.08500000000079
11:13:55	5	1	22.0	19.6038	69.875	70.2160000000008
11:15:0	5	1	22.0	19.5934	72.7083	73.06800000000077
11:16:0	5	1	22.0	19.5934	73.3825	73.79400000000075
11:17:0	5	1	22.0	19.5934	74.4227	74.72800000000075
11:18:0	5	1	22.0	19.5934	75.1717	75.66200000000075
11:19:0	5	1	22.0	19.5934	76.2617	76.59600000000074
11:20:0	5	1	22.0	19.4731	77.253	77.53000000000074
11:21:0	5	1	22.0	19.4731	75.3585	74.85500000000073
11:22:0	5	1	22.0	19.4731	75.099	74.58600000000072
11:23:0	5	1	22.0	19.4731	74.7721	74.31700000000072
11:24:0	5	1	22.0	19.4731	74.5657	74.04800000000071
11:25:5	5	1	22.0	19.4731	74.2972	73.7790000000007
11:26:5	5	1	22.0	19.4731	73.9665	73.5100000000007
11:27:5	5	1	22.0	19.4731	73.6975	73.2410000000007
11:28:5	5	1	22.0	19.4731	73.4905	72.97200000000069
22:58:20	5	1	16.5	15.0966	73.1595	73.1595
22:59:20	5	1	16.5	15.0966	66.6821	66.1425
23:0:20	5	1	16.5	15.1041	59.6819	59.1255
23:1:20	5	1	16.5	15.1041	53.1716	52.633500000000026
23:2:25	5	1	16.5	15.216	46.0271	45.54150000000003
23:3:25	5	1	16.5	15.216	46.0271	46.39499999999993
23:4:25	5	1	16.5	15.3487	38.7864	38.29649999999995
23:5:25	5	1	16.5	15.4162	40.7593	41.16549999999994
23:6:30	5	1	16.5	15.4162	38.6681	38.143499999999996
23:7:30	5	1	16.5	15.5628	32.1805	31.711999999999982
23:8:30	5	1	16.5	15.6316	36.2224	36.55499999999994
23:9:30	5	1	16.5	15.7004	34.9804	34.48600000000003
23:10:35	5	1	16.5	15.7004	34.4263	33.92799999999998
23:11:35	5	1	16.5	15.8425	29.3845	28.897999999999993
23:12:35	5	1	16.5	15.9086	34.3671	34.846999999999944
23:13:35	5	1	16.5	15.9086	34.3671	34.05499999999999
23:14:40	5	1	16.5	16.0381	30.6817	30.106499999999983
23:15:40	5	1	16.5	16.0381	35.7146	36.214499999999994
23:16:40	5	1	16.5	16.1564	32.4344	31.96249999999999
23:17:40	5	1	16.5	16.2071	37.4491	37.93400000000008
23:18:45	5	1	16.5	16.2071	37.4491	37.9905
23:19:45	5	1	16.5	16.2071	36.2528	35.76550000000001
23:20:45	5	1	16.5	16.3472	34.7612	34.301000000000016
23:21:50	5	1	16.5	16.3472	34.7612	42.643500000000046
23:22:50	5	1	16.5	16.4397	39.3584	39.77800000000005
23:23:50	5	1	16.5	16.4397	45.1654	45.488999999999876
23:24:50	5	1	16.5	16.4397	44.2442	43.79999999999991
23:25:55	5	1	16.5	16.4397	43.9625	43.49849999999991
23:26:55	5	1	16.5	16.5047	43.6682	43.1969999999999
23:27:55	5	1	16.5	16.5047	46.9754	47.44549999999998
23:28:55	5	1	16.5	16.5047	46.9754	46.49399999999996
23:30:0	5	1	16.5	16.5047	46.9754	46.517499999999956
23:31:0	5	1	16.5	16.5047	46.9754	46.540999999999954
23:32:0	5	1	16.5	16.5047	46.9754	46.56449999999995
23:33:0	5	1	16.5	16.5047	46.9754	46.58799999999995
23:34:5	5	1	16.5	16.5047	46.9754	46.61149999999995
23:35:5	5	1	16.5	16.4972	46.9754	46.63499999999995
23:36:5	5	1	16.5	16.4972	46.6329	46.13349999999993
23:37:5	5	1	16.5	16.4972	46.6329	46.23199999999993
23:38:10	5	1	16.5	16.4972	46.6329	46.217999999999925
23:39:10	5	1	16.5	16.4972	46.6329	46.20399999999992
23:40:10	5	1	16.5	16.4972	46.6329	46.18999999999992
23:41:10	5	1	16.5	16.4972	46.6329	46.17599999999992
23:42:15	5	1	16.5	16.4972	46.6329	46.161999999999914
23:43:15	5	1	16.5	16.4972	46.6329	46.14799999999991
23:44:15	5	1	16.5	16.4972	46.6329	46.13399999999991
23:45:15	5	1	16.5	16.4972	46.6329	46.119999999999905
23:46:20	5	1	16.5	16.4972	46.6329	46.1059999999999
23:47:20	5	1	16.5	16.4972	46.5646	46.0919999999999
23:48:20	5	1	16.5	16.4972	46.5646	46.077999999999896
23:49:25	5	1	16.5	16.4972	46.5646	46.06399999999989
23:50:25	5	1	16.5	16.4972	46.5646	46.04999999999989
23:51:25	5	1	16.5	16.4972	46.5646	46.03599999999989
23:52:25	5	1	16.5	16.4972	46.5646	46.021999999999885
23:53:30	5	1	16.5	16.4972	46.5646	46.00799999999988
23:54:30	5	1	16.5	16.4972	46.4879	45.99399999999988
23:55:30	5	1	16.5	16.4972	46.4879	45.979999999999876
23:56:30	5	1	16.5	16.4972	46.4879	45.96599999999987
23:57:35	5	1	16.5	16.4972	46.4879	45.95199999999987
23:58:35	5	1	16.5	16.3973	46.4879	45.93799999999987
23:59:35	5	1	16.5	16.413	39.4899	38.931
0:0:35	5	1	16.5	16.413	40.6166	41.0149999999999
0:1:40	5	1	16.5	16.413	40.6166	40.34449999999991
0:2:40	5	1	16.5	16.413	40.3593	39.90949999999991
0:3:40	5	1	16.5	16.413	39.9896	39.47449999999991
0:4:40	5	1	16.5	16.5007	39.4948	39.039499999999904
0:5:45	5	1	16.5	16.5007	44.2926	44.74349999999977
0:6:45	5	1	16.5	16.5007	43.8794	43.43149999999979
0:7:45	5	1	16.5	16.5007	43.8794	43.434999999999775
0:8:50	5	1	16.5	16.5007	43.8794	43.43849999999976
0:9:50	5	1	16.5	16.4982	43.8794	43.44199999999975
0:10:50	5	1	16.5	16.4982	43.7918	43.2704999999999
0:11:50	5	1	16.5	16.4982	43.7918	43.298999999999864
0:12:55	5	1	16.5	16.4982	43.7918	43.289999999999864
0:13:55	5	1	16.5	16.4982	43.7918	43.280999999999864
0:14:55	5	1	16.5	16.4982	43.7918	43.27199999999986
0:15:55	5	1	16.5	16.4982	43.7918	43.26299999999986
0:17:0	5	1	16.5	16.4982	43.7918	43.25399999999986
0:18:0	5	1	16.5	16.4982	43.7918	43.24499999999986
0:19:0	5	1	16.5	16.4982	43.7918	43.23599999999986
0:20:0	5	1	16.5	16.4982	43.7918	43.22699999999986
0:21:5	5	1	16.5	16.4982	43.7918	43.21799999999986
0:22:5	5	1	16.5	16.4982	43.7918	43.20899999999986
0:23:5	5	1	16.5	16.4982	43.7918	43.19999999999986
0:24:5	5	1	16.5	16.4982	43.6616	43.19099999999986
0:25:5	5	1	16.5	16.4982	43.6616	43.18199999999986
0:26:10	5	1	16.5	16.4982	43.6616	43.17299999999986
0:27:10	5	1	16.5	16.4982	43.6616	43.16399999999986
0:28:10	5	1	16.5	16.4982	43.6616	43.15499999999986
0:29:10	5	1	16.5	16.4982	43.6616	43.14599999999986
0:30:10	5	1	16.5	16.4982	43.6616	43.13699999999986
0:31:15	5	1	16.5	16.4982	43.6616	43.12799999999986
0:32:15	5	1	16.5	16.4982	43.6616	43.11899999999986
0:33:15	5	1	16.5	16.3953	43.6616	43.10999999999986
0:34:15	5	1	16.5	16.4183	36.3888	35.89799999999974
0:35:15	5	1	16.5	16.4183	38.185	38.527999999999736
0:36:20	5	1	16.5	16.4183	38.185	37.77449999999973
0:37:20	5	1	16.5	16.4183	37.8569	37.36599999999973
0:38:20	5	1	16.5	16.4183	37.478	36.957499999999726
0:39:20	5	1	16.5	16.4183	36.9983	36.54899999999972
0:40:25	5	1	16.5	16.5172	36.5875	36.14049999999972
0:41:25	5	1	16.5	16.5172	42.3375	42.654999999999745
0:42:25	5	1	16.5	16.5172	41.7631	41.25749999999974
0:43:25	5	1	16.5	16.5172	41.7631	41.343499999999736
0:44:30	5	1	16.5	16.4997	41.7631	41.429499999999734
0:45:30	5	1	16.5	16.4997	40.7413	40.29049999999985
0:46:30	5	1	16.5	16.5007	40.7413	40.551499999999834
0:47:30	5	1	16.5	16.5007	40.7413	40.61999999999967
0:48:35	5	1	16.5	16.5007	40.7413	40.6084999999997
0:49:35	5	1	16.5	16.5007	40.7413	40.611999999999696
0:50:35	5	1	16.5	16.5007	40.7413	40.615499999999685
0:51:40	5	1	16.5	16.5007	40.7413	40.61899999999967
0:52:40	5	1	16.5	16.4984	40.7413	40.62249999999966
0:53:40	5	1	16.5	16.4984	40.7413	40.46499999999978
0:54:40	5	1	16.5	16.4984	40.7413	40.49149999999975
0:55:45	5	1	16.5	16.4984	40.7413	40.48349999999975
0:56:45	5	1	16.5	16.4984	40.7413	40.475499999999755
0:57:45	5	1	16.5	16.4984	40.7413	40.46749999999976
0:58:45	5	1	16.5	16.4984	40.7413	40.459499999999764
0:59:50	5	1	16.5	16.4984	40.7413	40.45149999999977
1:0:50	5	1	16.5	16.4984	40.7413	40.44349999999977
1:1:50	5	1	16.5	16.4984	40.7413	40.43549999999978
1:2:50	5	1	16.5	16.4984	40.7413	40.42749999999978
1:3:55	5	1	16.5	16.4984	40.7413	40.419499999999786
1:4:55	5	1	16.5	16.4984	40.7413	40.41149999999979
1:5:55	5	1	16.5	16.4984	40.7413	40.403499999999795
1:7:0	5	1	16.5	16.4984	40.7413	40.3954999999998
1:8:0	5	1	16.5	16.4984	40.7413	40.387499999999804
1:9:0	5	1	16.5	16.4984	40.7413	40.37949999999981
1:10:0	5	1	16.5	16.4984	40.7413	40.37149999999981
1:11:0	5	1	16.5	16.4984	40.7413	40.36349999999982
1:12:5	5	1	16.5	16.4984	40.7413	40.35549999999982
1:13:5	5	1	16.5	16.4984	40.7413	40.347499999999826
1:14:5	5	1	16.5	16.4984	40.7413	40.33949999999983
1:15:5	5	1	16.5	16.4984	40.7413	40.331499999999835
1:16:10	5	1	16.5	16.4984	40.7413	40.32349999999984
1:17:10	5	1	16.5	16.3938	40.7413	40.315499999999844
1:18:10	5	1	16.5	16.4167	33.4761	32.985499999999746
1:19:10	5	1	16.5	16.4167	35.2806	35.62649999999975
1:20:15	5	1	16.5	16.4167	35.2806	34.866499999999746
1:21:15	5	1	16.5	16.4167	34.9452	34.44999999999974
1:22:15	5	1	16.5	16.4167	34.4947	34.033499999999734
1:23:15	5	1	16.5	16.5005	34.0693	33.61699999999973
1:24:15	5	1	16.5	16.4991	38.6496	39.066499999999735
1:25:20	5	1	16.5	16.4991	38.1815	37.71399999999971
1:26:20	5	1	16.5	16.5002	38.1815	37.73049999999971
1:27:20	5	1	16.5	16.5002	38.1815	37.80299999999977
1:28:20	5	1	16.5	16.5002	38.1815	37.78749999999975
1:29:25	5	1	16.5	16.4997	38.1815	37.78849999999975
1:30:25	5	1	16.5	16.4997	38.1815	37.75449999999984
1:31:25	5	1	16.5	16.4997	38.1815	37.76049999999982
1:32:30	5	1	16.5	16.4997	38.1815	37.75899999999983
1:33:30	5	1	16.5	16.4997	38.1815	37.75749999999984
1:34:30	5	1	16.5	16.4997	38.1815	37.755999999999844
1:35:30	5	1	16.5	16.4997	38.1815	37.75449999999985
1:36:35	5	1	16.5	16.4997	38.1815	37.75299999999986
1:37:35	5	1	16.5	16.4997	38.1815	37.751499999999865
1:38:35	5	1	16.5	16.4997	38.1815	37.74999999999987
1:39:35	5	1	16.5	16.4997	38.1815	37.74849999999988
1:40:40	5	1	16.5	16.4997	38.1815	37.746999999999886
1:41:40	5	1	16.5	16.4997	38.1815	37.74549999999989
1:42:40	5	1	16.5	16.4997	38.1815	37.7439999999999
1:43:40	5	1	16.5	16.4997	38.1815	37.74249999999991
1:44:45	5	1	16.5	16.4997	38.1815	37.740999999999914
1:45:45	5	1	16.5	16.4997	38.1815	37.73949999999992
1:46:45	5	1	16.5	16.4997	38.1815	37.73799999999993
1:47:45	5	1	16.5	16.4997	38.1815	37.736499999999936
1:48:45	5	1	16.5	16.4997	38.1815	37.73499999999994
1:49:50	5	1	16.5	16.4997	38.1815	37.73349999999995
1:50:50	5	1	16.5	16.4997	38.1815	37.73199999999996
1:51:50	5	1	16.5	16.4997	38.1815	37.730499999999964
1:52:50	5	1	16.5	16.4997	38.1815	37.72899999999997
1:53:55	5	1	16.5	16.4997	38.1815	37.72749999999998
1:54:55	5	1	16.5	16.397	38.1815	37.725999999999985
1:55:55	5	1	16.5	16.397	31.0976	30.535499999999832
1:56:55	5	1	16.5	16.4134	31.2607	31.560999999999858
1:57:55	5	1	16.5	16.4134	31.2607	32.19399999999991
1:59:0	5	1	16.5	16.4134	31.2607	31.514999999999894
2:0:0	5	1	16.5	16.4134	31.2607	31.08199999999989
2:1:0	5	1	16.5	16.5147	31.1724	30.648999999999887
2:2:5	5	1	16.5	16.5147	36.9769	37.30700000000002
2:3:5	5	1	16.5	16.5147	36.3761	35.861
2:4:5	5	1	16.5	16.5147	36.3761	35.9345
2:5:10	5	1	16.5	16.4961	36.3761	36.00800000000001
2:6:10	5	1	16.5	16.4961	35.2467	34.779499999999814
2:7:10	5	1	16.5	16.4961	35.2467	35.038999999999845
2:8:10	5	1	16.5	16.4961	35.2467	35.01949999999984
2:9:15	5	1	16.5	16.4961	35.2467	34.99999999999983
2:10:15	5	1	16.5	16.5001	35.2467	34.98049999999982
2:11:15	5	1	16.5	16.5001	35.2467	35.2409999999999
2:12:15	5	1	16.5	16.5001	35.2467	35.181499999999886
2:13:15	5	1	16.5	16.5001	35.2467	35.18199999999989
2:14:15	5	1	16.5	16.5	35.2467	35.18249999999989
2:15:20	5	1	16.5	16.5	35.2467	35.1759999999999
2:16:20	5	1	16.5	16.5	35.2467	35.177499999999895
2:17:20	5	1	16.5	16.5	35.2467	35.177499999999895
2:18:20	5	1	16.5	16.5	35.2467	35.177499999999895
2:19:25	5	1	16.5	16.5	35.2467	35.177499999999895
2:20:25	5	1	16.5	16.5	35.2467	35.177499999999895
2:21:25	5	1	16.5	16.5	35.2467	35.177499999999895
2:22:25	5	1	16.5	16.5	35.2467	35.177499999999895
2:23:30	5	1	16.5	16.5	35.2467	35.177499999999895
2:24:30	5	1	16.5	16.5	35.2467	35.177499999999895
2:25:30	5	1	16.5	16.5	35.2467	35.177499999999895
2:26:30	5	1	16.5	16.5	35.2467	35.177499999999895
2:27:35	5	1	16.5	16.5	35.2467	35.177499999999895
2:28:35	5	1	16.5	16.5	35.2467	35.177499999999895
2:29:35	5	1	16.5	16.5	35.2467	35.177499999999895
2:30:35	5	1	16.5	16.5	35.2467	35.177499999999895
2:31:35	5	1	16.5	16.5	35.2467	35.177499999999895
2:32:35	5	1	16.5	16.5	35.2467	35.177499999999895
2:33:40	5	1	16.5	16.5	35.2467	35.177499999999895
2:34:40	5	1	16.5	16.5	35.2467	35.177499999999895
2:35:40	5	1	16.5	16.5	35.2467	35.177499999999895
2:36:40	5	1	16.5	16.5	35.2467	35.177499999999895
2:37:40	5	1	16.5	16.5	35.2467	35.177499999999895
2:38:40	5	1	16.5	16.5	35.2467	35.177499999999895
2:39:45	5	1	16.5	16.5	35.2467	35.177499999999895
2:40:45	5	1	16.5	16.3943	35.2467	35.177499999999895
2:41:45	5	1	16.5	16.4034	28.2617	27.77849999999998
2:42:45	5	1	16.5	16.4034	28.9968	29.472499999999975
2:43:50	5	1	16.5	16.4034	28.9968	28.85299999999998
2:44:50	5	1	16.5	16.4034	28.8378	28.369999999999987
2:45:50	5	1	16.5	16.4034	28.3585	27.886999999999993
2:46:50	5	1	16.5	16.4034	27.8765	27.404
2:47:50	5	1	16.5	16.5167	27.3938	26.921000000000006
2:48:50	5	1	16.5	16.5167	33.9635	34.36899999999993
2:49:55	5	1	16.5	16.5167	33.293	32.75299999999994
2:50:55	5	1	16.5	16.5167	33.293	32.836499999999944
2:51:55	5	1	16.5	16.5167	33.293	32.919999999999945
2:52:55	5	1	16.5	16.5167	33.293	33.003499999999946
2:54:0	5	1	16.5	16.5167	33.293	33.08699999999995
2:55:0	5	1	16.5	16.5167	33.293	33.17049999999995
2:56:0	5	1	16.5	16.5167	33.293	33.25399999999995
2:57:0	5	1	16.5	16.4956	33.293	33.33749999999995
2:58:5	5	1	16.5	16.4956	32.4293	31.943999999999914
2:59:5	5	1	16.5	16.4956	32.4293	32.23849999999992
3:0:5	5	1	16.5	16.4956	32.4293	32.21649999999991
3:1:5	5	1	16.5	16.4956	32.4293	32.194499999999906
3:2:5	5	1	16.5	16.4956	32.4293	32.1724999999999
3:3:10	5	1	16.5	16.4956	32.4293	32.150499999999894
3:4:10	5	1	16.5	16.4956	32.4293	32.12849999999989
3:5:10	5	1	16.5	16.4956	32.4293	32.10649999999988
3:6:10	5	1	16.5	16.4956	32.4293	32.08449999999988
3:7:15	5	1	16.5	16.4956	32.4293	32.06249999999987
3:8:15	5	1	16.5	16.4956	32.4293	32.04049999999987
3:9:15	5	1	16.5	16.4956	32.4293	32.01849999999986
3:10:15	5	1	16.5	16.4956	32.4293	31.99649999999986
3:11:20	5	1	16.5	16.4956	32.4293	31.974499999999857
3:12:20	5	1	16.5	16.4956	32.4293	31.952499999999855
3:13:20	5	1	16.5	16.4956	32.4293	31.930499999999853
3:14:25	5	1	16.5	16.4956	32.4293	31.90849999999985
3:15:25	5	1	16.5	16.4956	32.3605	31.88649999999985
3:16:25	5	1	16.5	16.4956	32.3605	31.864499999999847
3:17:30	5	1	16.5	16.4956	32.3605	31.842499999999845
3:18:30	5	1	16.5	16.4956	32.3605	31.820499999999843
3:19:30	5	1	16.5	16.4956	32.2862	31.79849999999984
3:20:30	5	1	16.5	16.4956	32.2862	31.77649999999984
3:21:35	5	1	16.5	16.4956	32.2862	31.754499999999837
3:22:35	5	1	16.5	16.4956	32.2862	31.732499999999835
3:23:35	5	1	16.5	16.4956	32.2862	31.710499999999833
3:24:35	5	1	16.5	16.4956	32.1413	31.68849999999983
3:25:35	5	1	16.5	16.4956	32.1413	31.66649999999983
3:26:35	5	1	16.5	16.4956	32.1413	31.644499999999827
3:27:40	5	1	16.5	16.4956	32.1413	31.622499999999825
3:28:40	5	1	16.5	16.3985	32.1413	31.600499999999823
3:29:40	5	1	16.5	16.4123	25.262	24.781499999999745
3:30:40	5	1	16.5	16.4123	26.3584	26.69649999999974
3:31:40	5	1	16.5	16.4123	26.3584	26.050999999999735
3:32:45	5	1	16.5	16.4123	26.0765	25.612499999999727
3:33:45	5	1	16.5	16.4123	25.6957	25.17399999999972
3:34:45	5	1	16.5	16.5046	25.193	24.73549999999971
3:35:45	5	1	16.5	16.5046	30.2643	30.757999999999814
3:36:50	5	1	16.5	16.5046	29.8462	29.39649999999979
3:37:50	5	1	16.5	16.5046	29.8462	29.41949999999979
3:38:50	5	1	16.5	16.5046	29.8462	29.44249999999979
3:39:55	5	1	16.5	16.5046	29.8462	29.46549999999979
3:40:55	5	1	16.5	16.5046	29.8462	29.48849999999979
3:41:55	5	1	16.5	16.5046	29.8462	29.51149999999979
3:42:55	5	1	16.5	16.5046	29.8462	29.534499999999788
3:44:0	5	1	16.5	16.5046	29.8462	29.557499999999788
3:45:0	5	1	16.5	16.5046	29.8462	29.580499999999788
3:46:0	5	1	16.5	16.5046	29.8462	29.603499999999787
3:47:0	5	1	16.5	16.5046	29.8462	29.626499999999787
3:48:5	5	1	16.5	16.5046	29.8462	29.649499999999787
3:49:5	5	1	16.5	16.5046	29.8462	29.672499999999786
3:50:5	5	1	16.5	16.5046	29.8462	29.695499999999786
3:51:5	5	1	16.5	16.5046	29.8462	29.718499999999786
3:52:10	5	1	16.5	16.5046	29.8462	29.741499999999785
3:53:10	5	1	16.5	16.5046	29.8462	29.764499999999785
3:54:10	5	1	16.5	16.5046	29.8462	29.787499999999785
3:55:10	5	1	16.5	16.5046	29.8462	29.810499999999784
3:56:15	5	1	16.5	16.5046	29.8462	29.833499999999784
3:57:15	5	1	16.5	16.5046	29.8462	29.856499999999784
3:58:15	5	1	16.5	16.5046	29.8462	29.879499999999783
3:59:15	5	1	16.5	16.5046	29.8462	29.902499999999783
4:0:20	5	1	16.5	16.5046	29.8462	29.925499999999783
4:1:20	5	1	16.5	16.5046	29.8462	29.948499999999783
4:2:20	5	1	16.5	16.5046	29.8462	29.971499999999782
4:3:20	5	1	16.5	16.5046	29.8462	29.994499999999782
4:4:25	5	1	16.5	16.5046	29.8462	30.01749999999978
4:5:25	5	1	16.5	16.4988	29.8462	30.04049999999978
4:6:25	5	1	16.5	16.4988	29.8462	29.657499999999732
4:7:25	5	1	16.5	16.4988	29.8462	29.73849999999974
4:8:30	5	1	16.5	16.4988	29.8462	29.732499999999735
4:9:30	5	1	16.5	16.4988	29.8462	29.72649999999973
4:10:30	5	1	16.5	16.4988	29.8462	29.720499999999728
4:11:30	5	1	16.5	16.4988	29.8462	29.714499999999724
4:12:35	5	1	16.5	16.4988	29.8462	29.70849999999972
4:13:35	5	1	16.5	16.4988	29.8462	29.702499999999716
4:14:35	5	1	16.5	16.4988	29.8462	29.696499999999713
4:15:35	5	1	16.5	16.4988	29.8462	29.69049999999971
4:16:40	5	1	16.5	16.4988	29.8462	29.684499999999705
4:17:40	5	1	16.5	16.4988	29.8462	29.6784999999997
4:18:40	5	1	16.5	16.4988	29.8462	29.672499999999697
4:19:45	5	1	16.5	16.4988	29.8462	29.666499999999694
4:20:45	5	1	16.5	16.4988	29.8462	29.66049999999969
4:21:45	5	1	16.5	16.4988	29.8462	29.654499999999686
4:22:45	5	1	16.5	16.4988	29.8462	29.648499999999682
4:23:50	5	1	16.5	16.4988	29.8462	29.64249999999968
4:24:50	5	1	16.5	16.4988	29.8462	29.636499999999675
4:25:50	5	1	16.5	16.4988	29.8462	29.63049999999967
4:26:50	5	1	16.5	16.4988	29.8462	29.624499999999667
4:27:55	5	1	16.5	16.4988	29.8462	29.618499999999663
4:28:55	5	1	16.5	16.4988	29.8462	29.61249999999966
4:29:55	5	1	16.5	16.4988	29.8462	29.606499999999656
4:30:55	5	1	16.5	16.4988	29.8462	29.600499999999652
4:32:0	5	1	16.5	16.4988	29.8462	29.59449999999965
4:33:0	5	1	16.5	16.4988	29.8462	29.588499999999645
4:34:0	5	1	16.5	16.4988	29.8462	29.58249999999964
4:35:0	5	1	16.5	16.4988	29.8462	29.576499999999637
4:36:5	5	1	16.5	16.4988	29.8462	29.570499999999633
4:37:5	5	1	16.5	16.4988	29.8462	29.56449999999963
4:38:5	5	1	16.5	16.4988	29.8462	29.558499999999626
4:39:10	5	1	16.5	16.4988	29.8462	29.552499999999622
4:40:10	5	1	16.5	16.4988	29.8462	29.546499999999618
4:41:10	5	1	16.5	16.4988	29.8462	29.540499999999614
4:42:10	5	1	16.5	16.4988	29.8462	29.53449999999961
4:43:10	5	1	16.5	16.4988	29.8462	29.528499999999607
4:44:15	5	1	16.5	16.4988	29.8462	29.522499999999603
4:45:15	5	1	16.5	16.4988	29.8462	29.5164999999996
4:46:15	5	1	16.5	16.3989	29.8462	29.510499999999595
4:47:15	5	1	16.5	16.42	22.9913	22.511499999999725
4:48:20	5	1	16.5	16.42	24.6778	24.98149999999974
4:49:20	5	1	16.5	16.42	24.6778	24.26499999999974
4:50:20	5	1	16.5	16.42	24.3537	23.86499999999975
4:51:20	5	1	16.5	16.42	23.9816	23.46499999999976
4:52:25	5	1	16.5	16.5085	23.5692	23.064999999999767
4:53:25	5	1	16.5	16.5085	28.3955	28.85999999999976
4:54:25	5	1	16.5	16.5085	28.0665	27.574999999999772
4:55:25	5	1	16.5	16.5085	28.0665	27.61749999999978
4:56:30	5	1	16.5	16.5085	28.0665	27.659999999999787
4:57:30	5	1	16.5	16.5085	28.0665	27.702499999999795
4:58:30	5	1	16.5	16.5085	28.0665	27.744999999999802
4:59:35	5	1	16.5	16.5085	28.0665	27.78749999999981
5:0:35	5	1	16.5	16.5085	28.0665	27.829999999999817
5:1:35	5	1	16.5	16.5085	28.0665	27.872499999999825
5:2:35	5	1	16.5	16.5085	28.0665	27.914999999999832
5:3:40	5	1	16.5	16.5085	28.0665	27.95749999999984
5:4:40	5	1	16.5	16.5085	28.0665	27.999999999999847
5:5:40	5	1	16.5	16.5085	28.0665	28.042499999999855
5:6:40	5	1	16.5	16.5085	28.0665	28.084999999999862
5:7:45	5	1	16.5	16.5085	28.0665	28.12749999999987
5:8:45	5	1	16.5	16.5085	28.0665	28.169999999999877
5:9:45	5	1	16.5	16.5085	28.0665	28.212499999999885
5:10:50	5	1	16.5	16.5085	28.0665	28.254999999999892
5:11:50	5	1	16.5	16.5085	28.0665	28.2974999999999
5:12:50	5	1	16.5	16.5085	28.0665	28.339999999999907
5:13:50	5	1	16.5	16.5085	28.0665	28.382499999999915
5:14:55	5	1	16.5	16.5085	28.0665	28.424999999999923
5:15:55	5	1	16.5	16.5085	28.0665	28.46749999999993
5:16:55	5	1	16.5	16.5085	28.0665	28.509999999999938
5:17:55	5	1	16.5	16.5085	28.0665	28.552499999999945
5:19:0	5	1	16.5	16.5085	28.0665	28.594999999999953
5:20:0	5	1	16.5	16.5085	28.3134	28.63749999999996
5:21:0	5	1	16.5	16.5085	28.3134	28.679999999999968
5:22:0	5	1	16.5	16.5085	28.3134	28.722499999999975
5:23:5	5	1	16.5	16.5085	28.3134	28.764999999999983
5:24:5	5	1	16.5	16.6004	28.3134	28.80749999999999
5:25:5	5	1	16.5	16.5727	34.8781	35.28299999999993
5:26:10	5	1	16.5	16.5727	32.9722	32.467499999999994
5:27:10	5	1	16.5	16.5727	32.9722	33.2465
5:28:10	5	1	16.5	16.5727	33.1964	33.61
5:29:10	5	1	16.5	16.5727	33.5018	33.9735
5:30:15	5	1	16.5	16.4842	34.0541	34.337
5:31:15	5	1	16.5	16.4842	28.9927	28.505500000000023
5:32:15	5	1	16.5	16.4842	29.2936	29.754000000000026
5:33:15	5	1	16.5	16.4842	29.2936	29.675000000000033
5:34:20	5	1	16.5	16.4842	29.2936	29.59600000000004
5:35:20	5	1	16.5	16.4842	29.2936	29.517000000000046
5:36:20	5	1	16.5	16.5023	29.2936	29.438000000000052
5:37:20	5	1	16.5	16.5023	30.3255	30.62600000000009
5:38:25	5	1	16.5	16.5023	30.3255	30.366000000000092
5:39:25	5	1	16.5	16.4993	30.3255	30.3775000000001
5:40:25	5	1	16.5	16.4993	30.3255	30.1790000000001
5:41:25	5	1	16.5	16.4993	30.3255	30.22050000000011
5:42:30	5	1	16.5	16.4993	30.3255	30.21700000000012
5:43:30	5	1	16.5	16.4993	30.3255	30.213500000000128
5:44:30	5	1	16.5	16.4993	30.3255	30.210000000000136
5:45:35	5	1	16.5	16.4993	30.3255	30.206500000000144
5:46:35	5	1	16.5	16.4993	30.3255	30.203000000000152
5:47:35	5	1	16.5	16.4993	30.3255	30.19950000000016
5:48:35	5	1	16.5	16.4993	30.3255	30.19600000000017
5:49:40	5	1	16.5	16.4993	30.3255	30.192500000000177
5:50:40	5	1	16.5	16.5008	30.3255	30.189000000000185
5:51:40	5	1	16.5	16.5008	30.3255	30.290500000000197
5:52:40	5	1	16.5	16.5008	30.3255	30.272000000000205
5:53:45	5	1	16.5	16.5008	30.3255	30.276000000000213
5:54:45	5	1	16.5	16.5008	30.3255	30.28000000000022
5:55:45	5	1	16.5	16.5008	30.3255	30.28400000000023
5:56:45	5	1	16.5	16.5008	30.3255	30.28800000000024
5:57:50	5	1	16.5	16.5008	30.3255	30.292000000000247
5:58:50	5	1	16.5	16.5008	30.3255	30.296000000000255
5:59:50	5	1	16.5	16.5008	30.3255	30.300000000000264
6:0:55	5	1	16.5	16.5008	30.3255	30.304000000000272
6:1:55	5	1	16.5	16.5008	30.3255	30.30800000000028
6:2:55	5	1	16.5	16.5008	30.3255	30.31200000000029
6:3:55	5	1	16.5	16.5008	30.3255	30.316000000000297
6:5:0	5	1	16.5	16.5008	30.3255	30.320000000000306
6:6:0	5	1	16.5	16.5008	30.3255	30.324000000000314
6:7:0	5	1	16.5	16.5008	30.3255	30.328000000000323
6:8:0	5	1	16.5	16.5008	30.3255	30.33200000000033
6:9:5	5	1	16.5	16.5008	30.3255	30.33600000000034
6:10:5	5	1	16.5	16.5008	30.3255	30.340000000000348
6:11:5	5	1	16.5	16.5008	30.3255	30.344000000000356
6:12:5	5	1	16.5	16.5008	30.3255	30.348000000000365
6:13:10	5	1	16.5	16.5008	30.3255	30.352000000000373
6:14:10	5	1	16.5	16.5008	30.3255	30.356000000000382
6:15:10	5	1	16.5	16.6089	30.3255	30.36000000000039
6:16:10	5	1	16.5	16.5815	37.4644	37.93100000000017
6:17:15	5	1	16.5	16.5815	35.3908	34.936000000000206
6:18:15	5	1	16.5	16.5815	35.3908	35.7545000000002
6:19:15	5	1	16.5	16.5815	35.6945	36.16200000000019
6:20:15	5	1	16.5	16.5815	36.2662	36.56950000000018
6:21:20	5	1	16.5	16.5815	36.5527	36.977000000000174
6:22:20	5	1	16.5	16.4883	37.1034	37.384500000000166
6:23:20	5	1	16.5	16.4883	31.7655	31.26800000000019
6:24:25	5	1	16.5	16.506	32.3212	32.60750000000017
6:25:25	5	1	16.5	16.506	33.438	33.78800000000027
6:26:25	5	1	16.5	16.506	33.438	33.55250000000025
6:27:25	5	1	16.5	16.506	33.438	33.58250000000025
6:28:30	5	1	16.5	16.506	33.438	33.61250000000025
6:29:30	5	1	16.5	16.506	33.438	33.642500000000254
6:30:30	5	1	16.5	16.506	33.438	33.672500000000255
6:31:30	5	1	16.5	16.506	33.438	33.702500000000256
6:32:35	5	1	16.5	16.506	33.438	33.73250000000026
6:33:35	5	1	16.5	16.506	33.438	33.76250000000026
6:34:35	5	1	16.5	16.506	33.438	33.79250000000026
6:35:35	5	1	16.5	16.506	33.438	33.82250000000026
6:36:40	5	1	16.5	16.506	33.438	33.85250000000026
6:37:40	5	1	16.5	16.506	33.438	33.88250000000026
6:38:40	5	1	16.5	16.506	33.438	33.912500000000264
6:39:40	5	1	16.5	16.6071	33.438	33.942500000000265
6:40:45	5	1	16.5	16.5979	40.5823	41.04950000000018
6:41:45	5	1	16.5	16.5979	39.8865	39.424500000000194
6:42:45	5	1	16.5	16.5979	39.8865	40.052000000000184
6:43:45	5	1	16.5	16.5979	40.1572	40.541500000000184
6:44:50	5	1	16.5	16.5979	40.7284	41.031000000000176
6:45:50	5	1	16.5	16.4779	41.0379	41.52050000000017
6:46:50	5	1	16.5	16.4779	34.0922	33.61000000000035
6:47:55	5	1	16.5	16.4779	34.8256	35.299500000000315
6:48:55	5	1	16.5	16.4779	34.8256	35.18900000000032
6:49:55	5	1	16.5	16.5051	34.8256	35.07850000000033
6:50:55	5	1	16.5	16.5051	36.5535	36.87200000000013
6:52:0	5	1	16.5	16.5051	36.5535	36.48950000000016
6:53:0	5	1	16.5	16.5051	36.5535	36.51500000000016
6:54:0	5	1	16.5	16.5051	36.5535	36.54050000000015
6:55:0	5	1	16.5	16.5051	36.5535	36.566000000000145
6:56:5	5	1	16.5	16.5051	36.5535	36.59150000000014
6:57:5	5	1	16.5	16.5051	36.5535	36.61700000000013
6:58:5	5	1	16.5	16.5051	36.5535	36.642500000000126
6:59:5	5	1	16.5	16.5051	36.5535	36.66800000000012
7:0:10	5	1	16.5	16.5051	36.5535	36.693500000000114
7:1:10	5	1	16.5	16.5051	36.5535	36.71900000000011
7:2:10	5	1	16.5	16.6039	36.5535	36.7445000000001
7:3:10	5	1	16.5	16.5747	43.2653	43.68600000000015
7:4:15	5	1	16.5	16.5747	41.1383	40.679500000000175
7:5:15	5	1	16.5	16.5747	41.1383	41.49100000000017
7:6:15	5	1	16.5	16.5747	41.4292	41.86450000000017
7:7:15	5	1	16.5	16.5747	41.7435	42.23800000000017
7:8:20	5	1	16.5	16.5747	42.3118	42.61150000000017
7:9:20	5	1	16.5	16.4894	42.5877	42.98500000000017
7:10:20	5	1	16.5	16.5003	37.8623	37.38750000000016
7:11:20	5	1	16.5	16.5003	39.0094	39.37700000000012
7:12:25	5	1	16.5	16.5003	39.0094	39.215000000000124
7:13:25	5	1	16.5	16.5003	39.0094	39.216500000000124
7:14:25	5	1	16.5	16.5003	39.0094	39.21800000000012
7:15:25	5	1	16.5	16.5003	39.0094	39.21950000000011
7:16:30	5	1	16.5	16.5003	39.0094	39.2210000000001
7:17:30	5	1	16.5	16.5003	39.0094	39.222500000000096
7:18:30	5	1	16.5	16.5003	39.0094	39.22400000000009
7:19:30	5	1	16.5	16.5003	39.0094	39.22550000000008
7:20:35	5	1	16.5	16.5003	39.0094	39.227000000000075
7:21:35	5	1	16.5	16.5003	39.0094	39.22850000000007
7:22:35	5	1	16.5	16.6082	39.0094	39.23000000000006
7:23:40	5	1	16.5	16.6082	39.0094	46.78450000000011
7:24:40	5	1	16.5	16.6082	45.3284	45.70700000000009
7:25:40	5	1	16.5	16.575	45.9219	46.24800000000009
7:26:40	5	1	16.5	16.575	44.9835	44.46500000000004
7:27:45	5	1	16.5	16.575	44.9835	45.338000000000044
7:28:45	5	1	16.5	16.575	45.2309	45.71300000000004
7:29:45	5	1	16.5	16.4847	45.7939	46.08800000000004
7:30:45	5	1	16.5	16.4847	40.6329	40.142000000000095
7:31:50	5	1	16.5	16.4847	40.9411	41.42000000000009
7:32:50	5	1	16.5	16.4847	40.9411	41.34350000000009
7:33:50	5	1	16.5	16.5082	40.9411	41.267000000000095
7:34:50	5	1	16.5	16.5082	42.5571	42.835499999999996
7:35:55	5	1	16.5	16.5082	42.5571	42.524000000000015
7:36:55	5	1	16.5	16.5082	42.5571	42.56500000000001
7:37:55	5	1	16.5	16.5082	42.5571	42.60600000000001
7:38:55	5	1	16.5	16.5082	42.5571	42.647000000000006
7:40:0	5	1	16.5	16.5082	42.5571	42.688
7:41:0	5	1	16.5	16.5082	42.5571	42.729
7:42:0	5	1	16.5	16.5082	42.5571	42.769999999999996
7:43:5	5	1	16.5	16.5082	42.5571	42.81099999999999
7:44:5	5	1	16.5	16.5082	42.5571	42.85199999999999
7:45:5	5	1	16.5	16.5082	42.5571	42.89299999999999
7:46:5	5	1	16.5	16.5082	42.5571	42.93399999999998
7:47:10	5	1	16.5	16.5082	42.5571	42.97499999999998
7:48:10	5	1	16.5	16.5082	42.5571	43.01599999999998
7:49:10	5	1	16.5	16.6005	42.5571	43.056999999999974
7:50:10	5	1	16.5	16.5636	49.1509	49.559000000000076
7:51:15	5	1	16.5	16.5636	46.5856	46.09400000000011
7:52:15	5	1	16.5	16.5636	46.5856	46.965500000000105
7:53:15	5	1	16.5	16.5636	46.8684	47.28350000000011
7:54:15	5	1	16.5	16.5636	47.1613	47.601500000000115
7:55:20	5	1	16.5	16.4916	47.4613	47.91950000000012
7:56:20	5	1	16.5	16.5006	43.6948	43.197499999999934
7:57:20	5	1	16.5	16.5006	44.4104	44.86549999999999
7:58:25	5	1	16.5	16.5006	44.4104	44.73349999999998
7:59:25	5	1	16.5	16.5006	44.4104	44.73649999999997
8:0:25	5	1	16.5	16.5006	44.4104	44.739499999999964
8:1:25	5	1	16.5	16.5006	44.4104	44.74249999999996
8:2:30	5	1	16.5	16.5006	44.4104	44.74549999999995
8:3:30	5	1	16.5	16.5006	44.4104	44.74849999999994
8:4:30	5	1	16.5	16.5006	44.4104	44.751499999999936
8:5:30	5	1	16.5	16.5006	44.4104	44.75449999999993
8:6:35	5	1	16.5	16.5006	44.4104	44.75749999999992
8:7:35	5	1	16.5	16.5006	44.4104	44.760499999999915
8:8:35	5	1	16.5	16.6062	44.4104	44.76349999999991
8:9:35	5	1	16.5	16.575	51.6781	52.15850000000008
8:10:40	5	1	16.5	16.575	49.3922	48.921499999999924
8:11:40	5	1	16.5	16.575	49.3922	49.764499999999956
8:12:40	5	1	16.5	16.575	49.6891	50.139499999999956
8:13:40	5	1	16.5	16.4813	50.2367	50.514499999999956
8:14:45	5	1	16.5	16.4813	44.8305	44.33050000000007
8:15:45	5	1	16.5	16.4813	45.1457	45.642500000000055
8:16:45	5	1	16.5	16.5095	45.1457	45.54900000000006
8:17:45	5	1	16.5	16.5095	47.0484	47.42949999999995
8:18:50	5	1	16.5	16.5095	47.0484	47.053999999999974
8:19:50	5	1	16.5	16.5095	47.0484	47.10149999999997
8:20:50	5	1	16.5	16.5095	47.0484	47.14899999999997
8:21:50	5	1	16.5	16.5095	47.0484	47.19649999999997
8:22:55	5	1	16.5	16.5095	47.0484	47.24399999999997
8:23:55	5	1	16.5	16.5095	47.0484	47.29149999999997
8:24:55	5	1	16.5	16.5095	47.0484	47.33899999999997
8:26:0	5	1	16.5	16.5095	47.0484	47.38649999999997
8:27:0	5	1	16.5	16.5095	47.0484	47.43399999999997
8:28:0	5	1	16.5	16.5095	47.0484	47.48149999999997
8:29:0	5	1	16.5	16.5095	47.0484	47.52899999999997
8:30:5	5	1	16.5	16.5095	47.0484	47.57649999999997
8:31:5	5	1	16.5	16.6007	47.2966	47.62399999999997
8:32:5	5	1	16.5	16.5611	53.671	54.05550000000001
8:33:5	5	1	16.5	16.5611	50.866	50.41899999999999
8:34:10	5	1	16.5	16.5611	50.866	51.31849999999999
8:35:10	5	1	16.5	16.5611	51.1659	51.623999999999995
8:36:10	5	1	16.5	16.4987	51.4674	51.92949999999999
8:37:10	5	1	16.5	16.5052	48.3963	47.866999999999976
8:38:15	5	1	16.5	16.5052	48.925	49.25149999999991
8:39:15	5	1	16.5	16.5052	48.925	49.17999999999992
8:40:15	5	1	16.5	16.5052	48.925	49.20599999999992
8:41:15	5	1	16.5	16.5052	48.925	49.231999999999914
8:42:20	5	1	16.5	16.5052	48.925	49.25799999999991
8:43:20	5	1	16.5	16.5052	48.925	49.28399999999991
8:44:20	5	1	16.5	16.5052	48.925	49.3099999999999
8:45:20	5	1	16.5	16.5052	48.925	49.3359999999999
8:46:25	5	1	16.5	16.5052	48.925	49.361999999999895
8:47:25	5	1	16.5	16.5052	48.925	49.38799999999989
8:48:25	5	1	16.5	16.5052	48.925	49.41399999999989
8:49:25	5	1	16.5	16.5052	48.925	49.439999999999884
8:50:30	5	1	16.5	16.5052	48.925	49.46599999999988
8:51:30	5	1	16.5	16.5052	48.925	49.49199999999988
8:52:30	5	1	16.5	16.5052	49.1782	49.51799999999987
8:53:35	5	1	16.5	16.5052	49.1782	49.54399999999987
8:54:35	5	1	16.5	16.6056	49.1782	49.569999999999865
8:55:35	5	1	16.5	16.5698	56.1729	56.62399999999989
8:56:35	5	1	16.5	16.5698	53.6299	53.14
8:57:40	5	1	16.5	16.5698	53.6299	54.02599999999998
8:58:40	5	1	16.5	16.4978	53.9261	54.374999999999986
8:59:40	5	1	16.5	16.4978	50.1803	49.684000000000054
9:0:40	5	1	16.5	16.5011	50.4277	50.75300000000004
9:1:45	5	1	16.5	16.5011	50.6673	50.97300000000001
9:2:45	5	1	16.5	16.5011	50.6673	50.92900000000003
9:3:45	5	1	16.5	16.5011	50.6673	50.934500000000035
9:4:45	5	1	16.5	16.5011	50.6673	50.94000000000004
9:5:50	5	1	16.5	16.5011	50.6673	50.945500000000045
9:6:50	5	1	16.5	16.5011	50.6673	50.95100000000005
9:7:50	5	1	16.5	16.5011	50.6673	50.956500000000055
9:8:50	5	1	16.5	16.5011	50.6673	50.96200000000006
9:9:55	5	1	16.5	16.5011	50.6673	50.967500000000065
9:10:55	5	1	16.5	16.5011	50.6673	50.97300000000007
9:11:55	5	1	16.5	16.5011	50.6673	50.978500000000075
9:13:0	5	1	16.5	16.5011	50.6673	50.98400000000008
9:14:0	5	1	16.5	16.5011	50.6673	50.989500000000085
9:15:0	5	1	16.5	16.5011	50.6673	50.99500000000009
9:16:0	5	1	16.5	16.5011	50.6673	51.000500000000095
9:17:5	5	1	16.5	16.5011	50.6673	51.0060000000001
9:18:5	5	1	16.5	16.5011	50.6673	51.011500000000105
9:19:5	5	1	16.5	16.6032	50.6673	51.01700000000011
9:20:5	5	1	16.5	16.5529	57.7129	58.16950000000012
9:21:10	5	1	16.5	16.5529	54.1956	53.63300000000012
9:22:10	5	1	16.5	16.5529	54.3567	54.65200000000013
9:23:10	5	1	16.5	16.5529	54.6004	54.916500000000134
9:24:10	5	1	16.5	16.4871	54.85	55.18100000000014
9:25:15	5	1	16.5	16.4871	51.3973	50.839500000000186
9:26:15	5	1	16.5	16.5099	51.3973	51.762000000000185
9:27:15	5	1	16.5	16.5099	52.9953	53.29349999999996
9:28:15	5	1	16.5	16.5099	52.9953	53.001
9:29:20	5	1	16.5	16.5099	52.9953	53.050499999999985
9:30:20	5	1	16.5	16.5099	52.9953	53.09999999999998
9:31:20	5	1	16.5	16.5099	52.9953	53.149499999999975
9:32:20	5	1	16.5	16.5099	52.9953	53.19899999999997
9:33:25	5	1	16.5	16.5099	52.9953	53.248499999999964
9:34:25	5	1	16.5	16.5099	52.9953	53.29799999999996
9:35:25	5	1	16.5	16.5099	52.9953	53.347499999999954
9:36:25	5	1	16.5	16.5099	52.9953	53.39699999999995
9:37:30	5	1	16.5	16.5099	52.9953	53.44649999999994
9:38:30	5	1	16.5	16.5099	52.9953	53.49599999999994
9:39:30	5	1	16.5	16.5099	53.2363	53.54549999999993
9:40:35	5	1	16.5	16.5099	53.2363	53.59499999999993
9:41:35	5	1	16.5	16.5099	53.2363	53.64449999999992
9:42:35	5	1	16.5	16.5099	53.2363	53.69399999999992
9:43:35	5	1	16.5	16.5099	53.4651	53.74349999999991
9:44:40	5	1	16.5	16.5099	53.4651	53.79299999999991
9:45:40	5	1	16.5	16.5099	53.4651	53.8424999999999
9:46:40	5	1	16.5	16.5099	53.4651	53.891999999999896
9:47:40	5	1	16.5	16.5099	53.4651	53.94149999999989
9:48:45	5	1	16.5	16.5099	53.4651	53.990999999999886
9:49:45	5	1	16.5	16.5099	53.7133	54.04049999999988
9:50:45	5	1	16.5	16.5099	53.7133	54.089999999999876
9:51:50	5	1	16.5	16.5099	53.7133	54.13949999999987
9:52:50	5	1	16.5	16.5099	53.7133	54.188999999999865
9:53:50	5	1	16.5	16.5099	53.9472	54.23849999999986
9:54:50	5	1	16.5	16.5099	53.9472	54.287999999999855
9:55:55	5	1	16.5	16.5099	53.9472	54.33749999999985
9:56:55	5	1	16.5	16.5099	53.9472	54.386999999999844
9:57:55	5	1	16.5	16.5099	53.9472	54.43649999999984
9:58:55	5	1	16.5	16.5099	53.9472	54.485999999999834
10:0:0	5	1	16.5	16.5099	54.199	54.53549999999983
10:1:0	5	1	16.5	16.5099	54.199	54.58499999999982
10:2:0	5	1	16.5	16.5099	54.199	54.63449999999982
10:3:0	5	1	16.5	16.5099	54.199	54.68399999999981
10:4:5	5	1	16.5	16.5099	54.4356	54.73349999999981
10:5:5	5	1	16.5	16.5099	54.4356	54.7829999999998
10:6:10	5	1	16.5	16.5099	54.4356	54.8324999999998
10:7:10	5	1	16.5	16.5099	54.4356	54.88199999999979
10:8:10	5	1	16.5	16.5099	54.4356	54.93149999999979
10:9:10	5	1	16.5	16.5099	54.4356	54.98099999999978
10:10:15	5	1	16.5	16.5099	54.6892	55.030499999999776
10:11:15	5	1	16.5	16.5099	54.6892	55.07999999999977
10:12:15	5	1	16.5	16.5099	54.6892	55.129499999999766
10:13:15	5	1	16.5	16.6005	54.6892	55.17899999999976
10:14:15	5	1	16.5	16.5463	61.1741	61.57049999999989
10:15:20	5	1	16.5	16.5463	57.4947	56.919999999999746
10:16:20	5	1	16.5	16.5463	57.6571	57.96449999999977
10:17:20	5	1	16.5	16.499	57.8949	58.195999999999756
10:18:20	5	1	16.5	16.499	57.8949	55.11649999999975
10:19:25	5	1	16.5	16.499	56.293	55.82099999999975
10:20:25	5	1	16.5	16.499	56.293	55.81599999999975
10:21:25	5	1	16.5	16.499	56.293	55.81099999999974
10:22:30	5	1	16.5	16.499	56.293	55.80599999999973
10:23:30	5	1	16.5	16.499	56.293	55.80099999999972
10:24:30	5	1	16.5	16.499	56.293	55.79599999999971
10:25:30	5	1	16.5	16.499	56.293	55.7909999999997
10:26:35	5	1	16.5	16.499	56.293	55.78599999999969
10:27:35	5	1	16.5	16.499	56.293	55.78099999999968
10:28:35	5	1	16.5	16.499	56.293	55.77599999999967
10:29:35	5	1	16.5	16.499	56.293	55.77099999999966
10:30:40	5	1	16.5	16.499	56.293	55.76599999999965
10:31:40	5	1	16.5	16.499	56.293	55.76099999999964
10:32:40	5	1	16.5	16.499	56.293	55.75599999999963
10:33:40	5	1	16.5	16.499	56.293	55.75099999999962
10:34:45	5	1	16.5	16.499	56.293	55.74599999999961
10:35:45	5	1	16.5	16.499	56.293	55.7409999999996
10:36:45	5	1	16.5	16.499	56.293	55.73599999999959
10:37:50	5	1	16.5	16.5016	56.293	55.73099999999958
10:38:50	5	1	16.5	16.5016	56.293	55.907999999999646
10:39:50	5	1	16.5	16.5016	56.293	55.876999999999626
10:40:50	5	1	16.5	16.5016	56.293	55.88499999999962
10:41:55	5	1	16.5	16.5016	56.293	55.89299999999962
10:42:55	5	1	16.5	16.5016	56.293	55.90099999999961
10:44:0	5	1	16.5	16.5016	56.293	55.90899999999961
10:45:0	5	1	16.5	16.5016	56.293	55.916999999999604
10:46:0	5	1	16.5	16.5016	56.293	55.9249999999996
10:47:0	5	1	16.5	16.5016	56.293	55.932999999999595
10:48:5	5	1	16.5	16.5016	56.293	55.94099999999959
10:49:5	5	1	16.5	16.5016	56.293	55.948999999999586
10:50:5	5	1	16.5	16.5016	56.293	55.95699999999958
10:51:5	5	1	16.5	16.5016	56.293	55.96499999999958
10:52:10	5	1	16.5	16.5016	56.293	55.97299999999957
