1585454362.2510493	2020-03-29 11:59:22	5	9	22.0	20.5631	96.9044
1585454396.4446597	2020-03-29 11:59:56	5	9	22.0	20.3378	91.1938
1585454430.2498662	2020-03-29 12:00:30	5	9	22.0	20.3378	90.4688
1585454465.4594698	2020-03-29 12:01:05	5	9	22.0	20.3378	90.4688
1585454497.9170160	2020-03-29 12:01:37	5	9	22.0	20.1771	90.4688
1585454531.7152379	2020-03-29 12:02:11	5	9	22.0	20.1771	90.4688
1585454569.0860171	2020-03-29 12:02:49	5	9	22.0	20.1771	90.4688
1585454604.7591598	2020-03-29 12:03:24	5	9	22.0	20.1771	90.4688
1585454639.1286981	2020-03-29 12:03:59	5	9	22.0	20.0519	90.4688
1585454673.2111964	2020-03-29 12:04:33	5	9	22.0	20.0519	90.4688
1585454707.5308073	2020-03-29 12:05:07	5	9	22.0	20.0519	90.4688
1585454739.6648796	2020-03-29 12:05:39	5	9	22.0	19.9615	90.4688
1585454772.2806113	2020-03-29 12:06:12	5	9	22.0	19.9615	90.4688
1585454808.9874806	2020-03-29 12:06:48	5	9	22.0	19.9615	90.4688
1585454843.1145387	2020-03-29 12:07:23	5	9	22.0	19.9615	90.4688
1585454875.7238042	2020-03-29 12:07:55	5	9	22.0	19.8862	90.4688
1585454909.5173433	2020-03-29 12:08:29	5	9	22.0	19.8862	90.4688
1585454943.1584911	2020-03-29 12:09:03	5	9	22.0	19.8862	90.4688
1585454982.8398645	2020-03-29 12:09:42	5	9	22.0	19.8862	90.4688
1585455019.8551340	2020-03-29 12:10:19	5	9	22.0	19.8862	90.4688
1585455053.9554102	2020-03-29 12:10:53	5	9	22.0	19.8862	90.4688
1585455088.1564128	2020-03-29 12:11:28	5	9	22.0	19.8862	90.4688
1585455127.7905650	2020-03-29 12:12:07	5	9	22.0	19.7686	90.4688
1585455163.1137390	2020-03-29 12:12:43	5	9	22.0	19.7686	90.4688
1585455197.1143394	2020-03-29 12:13:17	5	9	22.0	19.7686	90.4688
1585455231.5245974	2020-03-29 12:13:51	5	9	22.0	19.7686	90.4688
1585455265.3110006	2020-03-29 12:14:25	5	9	22.0	19.7686	90.4688
1585455299.0808284	2020-03-29 12:14:59	5	9	22.0	19.7686	90.4688
1585455332.8954561	2020-03-29 12:15:32	5	9	22.0	19.7686	90.4688
1585455366.6903691	2020-03-29 12:16:06	5	9	22.0	19.7686	90.4688
1585455400.8898153	2020-03-29 12:16:40	5	9	22.0	19.7686	90.4688
1585455434.7840178	2020-03-29 12:17:14	5	9	22.0	19.7686	90.4688
1585455468.8832560	2020-03-29 12:17:48	5	9	22.0	19.6865	90.4688
1585455502.6739995	2020-03-29 12:18:22	5	9	22.0	19.6865	90.4688
1585455536.7090626	2020-03-29 12:18:56	5	9	22.0	19.6865	90.4688
1585455571.5775421	2020-03-29 12:19:31	5	9	22.0	19.6865	90.4688
1585455605.3852158	2020-03-29 12:20:05	5	9	22.0	19.6865	90.4688
1585455638.8679552	2020-03-29 12:20:38	5	9	22.0	19.6865	90.4688
1585455674.5071883	2020-03-29 12:21:14	5	9	22.0	19.6865	90.4688
1585455709.1169095	2020-03-29 12:21:49	5	9	22.0	19.6865	90.4688
1585455743.3179693	2020-03-29 12:22:23	5	9	22.0	19.6865	90.4688
1585455777.5431302	2020-03-29 12:22:57	5	9	22.0	19.6865	90.4688
1585455812.6420162	2020-03-29 12:23:32	5	9	22.0	19.6865	90.4688
1585455847.1509235	2020-03-29 12:24:07	5	9	22.0	19.6865	90.4688
1585455881.4562142	2020-03-29 12:24:41	5	9	22.0	19.6865	90.4688
1585455921.8410525	2020-03-29 12:25:21	5	9	22.0	19.6865	90.4688
1585455957.7204857	2020-03-29 12:25:57	5	9	22.0	19.6865	90.4688
1585455991.1309588	2020-03-29 12:26:31	5	9	22.0	19.6865	90.4688
1585456025.5134444	2020-03-29 12:27:05	5	9	22.0	19.6865	90.4688
1585456059.9269023	2020-03-29 12:27:39	5	9	22.0	19.6865	90.4688
1585456106.5979445	2020-03-29 12:28:26	5	9	22.0	19.6865	90.4688
1585456151.1915479	2020-03-29 12:29:11	5	9	22.0	19.6865	90.4688
1585456208.2295814	2020-03-29 12:30:08	5	9	22.0	19.6865	90.4688
1585456245.6031590	2020-03-29 12:30:45	5	9	22.0	19.6865	90.4688
1585456279.9977441	2020-03-29 12:31:19	5	9	22.0	19.6865	90.4688
1585456313.2854745	2020-03-29 12:31:53	5	9	22.0	19.6865	90.4688
1585456346.9678562	2020-03-29 12:32:26	5	9	22.0	19.6865	90.4688
1585456380.4533226	2020-03-29 12:33:00	5	9	22.0	19.6865	90.4688
1585456414.8605485	2020-03-29 12:33:34	5	9	22.0	19.6865	90.4688
1585456448.9137056	2020-03-29 12:34:08	5	9	22.0	19.6865	90.4688
1585456483.4715660	2020-03-29 12:34:43	5	9	22.0	19.6865	90.4688
1585456517.1149719	2020-03-29 12:35:17	5	9	22.0	19.6865	90.4688
1585456550.9510794	2020-03-29 12:35:50	5	9	22.0	19.6865	90.4688
1585456584.8045707	2020-03-29 12:36:24	5	9	22.0	19.6865	90.4688
1585456622.8386545	2020-03-29 12:37:02	5	9	22.0	19.6865	90.4688
1585456654.7881300	2020-03-29 12:37:34	5	9	22.0	19.6865	90.4688
1585456688.7803035	2020-03-29 12:38:08	5	9	22.0	19.6865	90.4688
1585456725.8779664	2020-03-29 12:38:45	5	9	22.0	19.6865	90.4688
1585456759.7116265	2020-03-29 12:39:19	5	9	22.0	19.6865	90.4688
1585456794.9780922	2020-03-29 12:39:54	5	9	22.0	19.6865	90.4688
1585456826.6800563	2020-03-29 12:40:26	5	9	22.0	19.6865	90.4688
1585456860.6104009	2020-03-29 12:41:00	5	9	22.0	19.6865	90.4688
1585456892.5900958	2020-03-29 12:41:32	5	9	22.0	19.6865	90.4688
1585456927.2732739	2020-03-29 12:42:07	5	9	22.0	19.6865	90.4688
1585456961.1690681	2020-03-29 12:42:41	5	9	22.0	19.6865	90.4688
1585456995.3865628	2020-03-29 12:43:15	5	9	22.0	19.6865	90.4688
1585457029.3665226	2020-03-29 12:43:49	5	9	22.0	19.6865	90.4688
1585457063.5698683	2020-03-29 12:44:23	5	9	22.0	19.6865	90.4688
1585457097.8723705	2020-03-29 12:44:57	5	9	22.0	19.6865	90.4688
1585457134.3282723	2020-03-29 12:45:34	5	9	22.0	19.6865	90.4688
1585457167.8206637	2020-03-29 12:46:07	5	9	22.0	19.6865	90.4688
1585457201.5029340	2020-03-29 12:46:41	5	9	22.0	19.6865	90.4688
1585457236.8310907	2020-03-29 12:47:16	5	9	22.0	19.6865	90.4688
1585457271.9448025	2020-03-29 12:47:51	5	9	22.0	19.6865	90.4688
1585457305.4392958	2020-03-29 12:48:25	5	9	22.0	19.6865	90.4688
1585457339.8662572	2020-03-29 12:48:59	5	9	22.0	19.6865	90.4688
1585457373.6385069	2020-03-29 12:49:33	5	9	22.0	19.6865	90.4688
1585457407.6938641	2020-03-29 12:50:07	5	9	22.0	19.6865	90.4688
1585457446.7560217	2020-03-29 12:50:46	5	9	22.0	19.6865	90.4688
1585457481.1579001	2020-03-29 12:51:21	5	9	22.0	19.6865	90.4688
1585457515.3618469	2020-03-29 12:51:55	5	9	22.0	19.6865	90.4688
1585457549.8636086	2020-03-29 12:52:29	5	9	22.0	19.6865	90.4688
1585457583.8157079	2020-03-29 12:53:03	5	9	22.0	19.6865	90.4688
1585457621.6530681	2020-03-29 12:53:41	5	9	22.0	19.6865	90.4688
1585457655.8848503	2020-03-29 12:54:15	5	9	22.0	19.6865	90.4688
1585457692.6181715	2020-03-29 12:54:52	5	9	22.0	19.6865	90.4688
1585457727.5346043	2020-03-29 12:55:27	5	9	22.0	19.6865	90.4688
1585457765.3218591	2020-03-29 12:56:05	5	9	22.0	19.6865	90.4688
1585457797.1741834	2020-03-29 12:56:37	5	9	22.0	19.6865	90.4688
1585457829.4238877	2020-03-29 12:57:09	5	9	22.0	19.6865	90.4688
1585457863.9269121	2020-03-29 12:57:43	5	9	22.0	19.6865	90.4688
1585457896.4710431	2020-03-29 12:58:16	5	9	22.0	19.6865	90.4688
1585457933.1556978	2020-03-29 12:58:53	5	9	22.0	19.6865	90.4688
1585457966.9965098	2020-03-29 12:59:26	5	9	22.0	19.6865	90.4688
1585458001.9017179	2020-03-29 13:00:01	5	9	22.0	19.6865	90.4688
1585458038.9366891	2020-03-29 13:00:38	5	9	22.0	19.6865	90.4688
1585458071.0342739	2020-03-29 13:01:11	5	9	22.0	19.6865	90.4688
1585458102.3096998	2020-03-29 13:01:42	5	9	22.0	19.6865	90.4688
1585458134.5941637	2020-03-29 13:02:14	5	9	22.0	19.6865	90.4688
1585458165.9031186	2020-03-29 13:02:45	5	9	22.0	19.6865	90.4688
1585458199.9116848	2020-03-29 13:03:19	5	9	22.0	19.6865	90.4688
1585458245.7863183	2020-03-29 13:04:05	5	9	22.0	19.6865	90.4688
1585458279.6791272	2020-03-29 13:04:39	5	9	22.0	19.6865	90.4688
1585458313.1678107	2020-03-29 13:05:13	5	9	22.0	19.6865	90.4688
1585458348.2165906	2020-03-29 13:05:48	5	9	22.0	19.6865	90.4688
1585458386.2244439	2020-03-29 13:06:26	5	9	22.0	19.6865	90.4688
1585458420.3399897	2020-03-29 13:07:00	5	9	22.0	19.6865	90.4688
1585458456.2813196	2020-03-29 13:07:36	5	9	22.0	19.6865	90.4688
1585458490.2890699	2020-03-29 13:08:10	5	9	22.0	19.6865	90.4688
1585458523.8025131	2020-03-29 13:08:43	5	9	22.0	19.6865	90.4688
1585458558.9271467	2020-03-29 13:09:18	5	9	22.0	19.6865	90.4688
1585458593.1284165	2020-03-29 13:09:53	5	9	22.0	19.6865	90.4688
1585458631.1191008	2020-03-29 13:10:31	5	9	22.0	19.6865	90.4688
1585458667.7095425	2020-03-29 13:11:07	5	9	22.0	19.6865	90.4688
1585458700.8000007	2020-03-29 13:11:40	5	9	22.0	19.7085	90.4688
1585458732.1356070	2020-03-29 13:12:12	5	9	22.0	19.7085	90.4688
1585458763.4363346	2020-03-29 13:12:43	5	9	22.0	19.7085	90.4688
1585458794.7776923	2020-03-29 13:13:14	5	9	22.0	19.7085	90.4688
1585458828.5082006	2020-03-29 13:13:48	5	9	22.0	19.7085	90.4688
1585458863.0584049	2020-03-29 13:14:23	5	9	22.0	19.7085	90.4688
1585458898.1830184	2020-03-29 13:14:58	5	9	22.0	19.7085	90.4688
1585458932.0756652	2020-03-29 13:15:32	5	9	22.0	19.7085	90.4688
1585458968.8434396	2020-03-29 13:16:08	5	9	22.0	19.7085	90.4688
1585459003.0383110	2020-03-29 13:16:43	5	9	22.0	19.7085	90.4688
1585459036.7425635	2020-03-29 13:17:16	5	9	22.0	19.7085	90.4688
1585459071.5442858	2020-03-29 13:17:51	5	9	22.0	19.7085	90.4688
1585459103.3076758	2020-03-29 13:18:23	5	9	22.0	19.7085	90.4688
1585459136.8762949	2020-03-29 13:18:56	5	9	22.0	19.7085	90.4688
1585459170.7170975	2020-03-29 13:19:30	5	9	22.0	19.7085	90.4688
1585459204.6661088	2020-03-29 13:20:04	5	9	22.0	19.7085	90.4688
1585459239.2262125	2020-03-29 13:20:39	5	9	22.0	19.7085	90.4688
1585459275.2938507	2020-03-29 13:21:15	5	9	22.0	19.7085	90.4688
1585459309.0022490	2020-03-29 13:21:49	5	9	22.0	19.7085	90.4688
1585459342.9086583	2020-03-29 13:22:22	5	9	22.0	19.7085	90.4688
1585459377.1086686	2020-03-29 13:22:57	5	9	22.0	19.7085	90.4688
1585459411.5149467	2020-03-29 13:23:31	5	9	22.0	19.7085	90.4688
1585459445.3092914	2020-03-29 13:24:05	5	9	22.0	19.7085	90.4688
1585459477.1637497	2020-03-29 13:24:37	5	9	22.0	19.7085	90.4688
1585459510.4612710	2020-03-29 13:25:10	5	9	22.0	19.7085	90.4688
1585459552.6460207	2020-03-29 13:25:52	5	9	22.0	19.7085	90.4688
1585459587.5323446	2020-03-29 13:26:27	5	9	22.0	19.7085	90.4688
1585459637.3091495	2020-03-29 13:27:17	5	9	22.0	19.7085	90.4688
1585459672.5352471	2020-03-29 13:27:52	5	9	22.0	19.7085	90.4688
1585459706.4870775	2020-03-29 13:28:26	5	9	22.0	19.7085	90.4688
1585459740.3265593	2020-03-29 13:29:00	5	9	22.0	19.7085	90.4688
1585459777.3931265	2020-03-29 13:29:37	5	9	22.0	19.7085	90.4688
1585459827.2625387	2020-03-29 13:30:27	5	9	22.0	19.7085	90.4688
1585459867.2353730	2020-03-29 13:31:07	5	9	22.0	19.7085	90.4688
1585459911.0653598	2020-03-29 13:31:51	5	9	22.0	19.7085	90.4688
1585459949.5290921	2020-03-29 13:32:29	5	9	22.0	19.7085	90.4688
1585459984.5735095	2020-03-29 13:33:04	5	9	22.0	19.7085	90.4688
1585460018.4516213	2020-03-29 13:33:38	5	9	22.0	19.7085	90.4688
1585460052.6175673	2020-03-29 13:34:12	5	9	22.0	19.7085	90.4688
1585460086.5401826	2020-03-29 13:34:46	5	9	22.0	19.7085	90.4688
1585460118.9148552	2020-03-29 13:35:18	5	9	22.0	19.7085	90.4688
1585460153.1500664	2020-03-29 13:35:53	5	9	22.0	19.7085	90.4688
1585460187.3054821	2020-03-29 13:36:27	5	9	22.0	19.7085	90.4688
1585460218.9866443	2020-03-29 13:36:58	5	9	22.0	19.7085	90.4688
1585460252.2055683	2020-03-29 13:37:32	5	9	22.0	19.7085	90.4688
1585460285.8124912	2020-03-29 13:38:05	5	9	22.0	19.8009	90.4688
1585460328.9121816	2020-03-29 13:38:48	5	9	22.0	19.8009	90.4688
1585460363.1802850	2020-03-29 13:39:23	5	9	22.0	19.8009	90.4688
1585460394.6793449	2020-03-29 13:39:54	5	9	22.0	19.8009	90.4688
1585460426.1746788	2020-03-29 13:40:26	5	9	22.0	19.8009	90.4688
1585460458.7240074	2020-03-29 13:40:58	5	9	22.0	19.8009	90.4688
1585460489.9574044	2020-03-29 13:41:29	5	9	22.0	19.8009	90.4688
1585460522.1579530	2020-03-29 13:42:02	5	9	22.0	19.8009	90.4688
1585460554.9575934	2020-03-29 13:42:34	5	9	22.0	19.8009	90.4688
1585460587.0636764	2020-03-29 13:43:07	5	9	22.0	19.8009	90.4688
1585460618.4237316	2020-03-29 13:43:38	5	9	22.0	19.8009	90.4688
1585460650.4625559	2020-03-29 13:44:10	5	9	22.0	19.8009	90.4688
1585460681.8073223	2020-03-29 13:44:41	5	9	22.0	19.8009	90.4688
1585460713.2697365	2020-03-29 13:45:13	5	9	22.0	19.8009	90.4688
1585460745.0828383	2020-03-29 13:45:45	5	9	22.0	19.8009	90.4688
1585460777.0684214	2020-03-29 13:46:17	5	9	22.0	19.8009	90.4688
1585460808.3342319	2020-03-29 13:46:48	5	9	22.0	19.8009	90.4688
1585460839.6021574	2020-03-29 13:47:19	5	9	22.0	19.8009	90.4688
1585460871.5770655	2020-03-29 13:47:51	5	9	22.0	19.8009	90.4688
1585460902.9422517	2020-03-29 13:48:22	5	9	22.0	19.8009	90.4688
1585460934.3992119	2020-03-29 13:48:54	5	9	22.0	19.8009	90.4688
1585460966.6521690	2020-03-29 13:49:26	5	9	22.0	19.8009	90.4688
1585460998.1974981	2020-03-29 13:49:58	5	9	22.0	19.8009	90.4688
1585461029.6504142	2020-03-29 13:50:29	5	9	22.0	19.8009	90.4688
1585461061.6471760	2020-03-29 13:51:01	5	9	22.0	19.8009	90.4688
1585461093.0522013	2020-03-29 13:51:33	5	9	22.0	19.8009	90.4688
1585461124.9993029	2020-03-29 13:52:04	5	9	22.0	19.8009	90.4688
1585461156.3336430	2020-03-29 13:52:36	5	9	22.0	19.8009	90.4688
1585461188.5015564	2020-03-29 13:53:08	5	9	22.0	19.8009	90.4688
1585461220.5533786	2020-03-29 13:53:40	5	9	22.0	19.8009	90.4688
1585461254.8351104	2020-03-29 13:54:14	5	9	22.0	19.8009	90.4688
1585461290.1616714	2020-03-29 13:54:50	5	9	22.0	19.8009	90.4688
1585461321.6787381	2020-03-29 13:55:21	5	9	22.0	19.8009	90.4688
1585461352.9676108	2020-03-29 13:55:52	5	9	22.0	19.8009	90.4688
1585461384.2578359	2020-03-29 13:56:24	5	9	22.0	19.8009	90.4688
1585461415.7143536	2020-03-29 13:56:55	5	9	22.0	19.8009	90.4688
1585461447.0040200	2020-03-29 13:57:27	5	9	22.0	19.8009	90.4688
1585461478.7811356	2020-03-29 13:57:58	5	9	22.0	19.8009	90.4688
1585461510.1576693	2020-03-29 13:58:30	5	9	22.0	19.8009	90.4688
1585461552.4068124	2020-03-29 13:59:12	5	9	22.0	19.8009	90.4688
1585461592.4213357	2020-03-29 13:59:52	5	9	22.0	19.8009	90.4688
1585461624.3348074	2020-03-29 14:00:24	5	9	22.0	19.8009	90.4688
1585461656.4564235	2020-03-29 14:00:56	5	9	22.0	19.8009	90.4688
1585461687.8856940	2020-03-29 14:01:27	5	9	22.0	19.8009	90.4688
1585461719.8563128	2020-03-29 14:01:59	5	9	22.0	19.9082	90.4688
1585461751.7759216	2020-03-29 14:02:31	5	9	22.0	19.9082	90.4688
1585461783.4808958	2020-03-29 14:03:03	5	9	22.0	19.9082	90.4688
1585461815.4733076	2020-03-29 14:03:35	5	9	22.0	19.9082	90.4688
1585461846.7167726	2020-03-29 14:04:06	5	9	22.0	19.9082	90.4688
1585461877.9303858	2020-03-29 14:04:37	5	9	22.0	19.9082	90.4688
1585461909.2456212	2020-03-29 14:05:09	5	9	22.0	19.9082	90.4688
1585461940.5103159	2020-03-29 14:05:40	5	9	22.0	19.9082	90.4688
1585461972.4390624	2020-03-29 14:06:12	5	9	22.0	19.9082	90.4688
1585462006.7586374	2020-03-29 14:06:46	5	9	22.0	19.9082	90.4688
1585462040.3467753	2020-03-29 14:07:20	5	9	22.0	19.9082	90.4688
1585462074.3456697	2020-03-29 14:07:54	5	9	22.0	19.9082	90.4688
1585462105.8944447	2020-03-29 14:08:25	5	9	22.0	19.9082	90.4688
1585462137.1790771	2020-03-29 14:08:57	5	9	22.0	19.9082	90.4688
1585462169.5373526	2020-03-29 14:09:29	5	9	22.0	19.9082	90.4688
1585462200.7366004	2020-03-29 14:10:00	5	9	22.0	19.9082	90.4688
1585462233.2464020	2020-03-29 14:10:33	5	9	22.0	19.9082	90.4688
1585462265.2358305	2020-03-29 14:11:05	5	9	22.0	19.9082	90.4688
1585462296.6837137	2020-03-29 14:11:36	5	9	22.0	19.9082	90.4688
1585462328.0903640	2020-03-29 14:12:08	5	9	22.0	19.9082	90.4688
1585462359.8065581	2020-03-29 14:12:39	5	9	22.0	19.9082	90.4688
1585462391.7609961	2020-03-29 14:13:11	5	9	22.0	19.9082	90.4688
1585462423.0454292	2020-03-29 14:13:43	5	9	22.0	19.9082	90.4688
1585462454.3588772	2020-03-29 14:14:14	5	9	22.0	19.9082	90.4688
1585462485.5182896	2020-03-29 14:14:45	5	9	22.0	19.9082	90.4688
1585462517.3266416	2020-03-29 14:15:17	5	9	22.0	19.9082	90.4688
1585462549.6119246	2020-03-29 14:15:49	5	9	22.0	19.9082	90.4688
1585462581.4993558	2020-03-29 14:16:21	5	9	22.0	19.9082	90.4688
1585462612.7082608	2020-03-29 14:16:52	5	9	22.0	19.9082	90.4688
1585462644.7178693	2020-03-29 14:17:24	5	9	22.0	19.9082	90.4688
1585462675.9932194	2020-03-29 14:17:55	5	9	22.0	19.9082	90.4688
1585462707.2413411	2020-03-29 14:18:27	5	9	22.0	19.9082	90.4688
1585462739.2568316	2020-03-29 14:18:59	5	9	22.0	19.9082	90.4688
1585462771.2805848	2020-03-29 14:19:31	5	9	22.0	19.9082	90.4688
1585462805.5748949	2020-03-29 14:20:05	5	9	22.0	20.0027	90.4688
1585462838.3780260	2020-03-29 14:20:38	5	9	22.0	20.0027	90.4688
1585462870.9467838	2020-03-29 14:21:10	5	9	22.0	20.0027	90.4688
1585462905.5017941	2020-03-29 14:21:45	5	9	22.0	20.0027	90.4688
1585462939.6220179	2020-03-29 14:22:19	5	9	22.0	20.0027	90.4688
1585462973.4668145	2020-03-29 14:22:53	5	9	22.0	20.0027	90.4688
1585463007.7580495	2020-03-29 14:23:27	5	9	22.0	20.0027	90.4688
1585463042.7584491	2020-03-29 14:24:02	5	9	22.0	20.0027	90.4688
1585463075.5361111	2020-03-29 14:24:35	5	9	22.0	20.0027	90.4688
1585463109.4115667	2020-03-29 14:25:09	5	9	22.0	20.0027	90.4688
1585463145.4545786	2020-03-29 14:25:45	5	9	22.0	20.0027	90.4688
1585463183.2397513	2020-03-29 14:26:23	5	9	22.0	20.0027	90.4688
1585463217.2757397	2020-03-29 14:26:57	5	9	22.0	20.0027	90.4688
1585463249.9075425	2020-03-29 14:27:29	5	9	22.0	20.0027	90.4688
1585463276.5632968	2020-03-29 14:27:56	5	9	22.0	20.0027	90.4688
1585463310.4857125	2020-03-29 14:28:30	5	9	22.0	20.0027	90.4688
1585463344.3416419	2020-03-29 14:29:04	5	9	22.0	20.0027	90.4688
1585463386.1106579	2020-03-29 14:29:46	5	9	22.0	20.0027	90.4688
1585463423.6921747	2020-03-29 14:30:23	5	9	22.0	20.0027	90.4688
1585463457.6889527	2020-03-29 14:30:57	5	9	22.0	20.0027	90.4688
1585463493.7343280	2020-03-29 14:31:33	5	9	22.0	20.0027	90.4688
1585463528.0405893	2020-03-29 14:32:08	5	9	22.0	20.0027	90.4688
1585463562.4467788	2020-03-29 14:32:42	5	9	22.0	20.0027	90.4688
1585463596.7380028	2020-03-29 14:33:16	5	9	22.0	20.0027	90.4688
1585463630.5412867	2020-03-29 14:33:50	5	9	22.0	20.0027	90.4688
1585463664.3329225	2020-03-29 14:34:24	5	9	22.0	20.0027	90.4688
1585463698.3298533	2020-03-29 14:34:58	5	9	22.0	20.0027	90.4688
1585463732.7373655	2020-03-29 14:35:32	5	9	22.0	20.0027	90.4688
1585463766.9497414	2020-03-29 14:36:06	5	9	22.0	20.0027	90.4688
1585463807.9000354	2020-03-29 14:36:47	5	9	22.0	20.0027	90.4688
1585463842.1004887	2020-03-29 14:37:22	5	9	22.0	20.0027	90.4688
1585463875.8961020	2020-03-29 14:37:55	5	9	22.0	20.0027	90.4688
1585463911.2221701	2020-03-29 14:38:31	5	9	22.0	20.0027	90.4688
1585463945.5259659	2020-03-29 14:39:05	5	9	22.0	20.0027	90.4688
1585463979.7287481	2020-03-29 14:39:39	5	9	22.0	20.1049	90.4688
1585464014.1340969	2020-03-29 14:40:14	5	9	22.0	20.1049	90.4688
1585464048.5416071	2020-03-29 14:40:48	5	9	22.0	20.1049	90.4688
1585464082.7747519	2020-03-29 14:41:22	5	9	22.0	20.1049	90.4688
1585464117.6734400	2020-03-29 14:41:57	5	9	22.0	20.1049	90.4688
1585464151.9661150	2020-03-29 14:42:31	5	9	22.0	20.1049	90.4688
1585464186.6859915	2020-03-29 14:43:06	5	9	22.0	20.1049	90.4688
1585464230.2090547	2020-03-29 14:43:50	5	9	22.0	20.1049	90.4688
1585464268.0002506	2020-03-29 14:44:28	5	9	22.0	20.1049	90.4688
1585464303.1107326	2020-03-29 14:45:03	5	9	22.0	20.1049	90.4688
1585464343.2507861	2020-03-29 14:45:43	5	9	22.0	20.1049	90.4688
1585464378.0673041	2020-03-29 14:46:18	5	9	22.0	20.1049	90.4688
1585464412.8832307	2020-03-29 14:46:52	5	9	22.0	20.1049	90.4688
1585464447.3983557	2020-03-29 14:47:27	5	9	22.0	20.1049	90.4688
1585464481.7012820	2020-03-29 14:48:01	5	9	22.0	20.1049	90.4688
1585464515.9331594	2020-03-29 14:48:35	5	9	22.0	20.1049	90.4688
1585464550.4095790	2020-03-29 14:49:10	5	9	22.0	20.1049	90.4688
1585464585.2509305	2020-03-29 14:49:45	5	9	22.0	20.1049	90.4688
1585464618.9271977	2020-03-29 14:50:18	5	9	22.0	20.1049	90.4688
1585464653.7309120	2020-03-29 14:50:53	5	9	22.0	20.1049	90.4688
1585464687.5228703	2020-03-29 14:51:27	5	9	22.0	20.1049	90.4688
1585464722.2360101	2020-03-29 14:52:02	5	9	22.0	20.2025	90.4688
1585464756.4375663	2020-03-29 14:52:36	5	9	22.0	20.2025	90.4688
1585464790.9654293	2020-03-29 14:53:10	5	9	22.0	20.2025	90.4688
1585464824.8441856	2020-03-29 14:53:44	5	9	22.0	20.2025	90.4688
1585464858.7357197	2020-03-29 14:54:18	5	9	22.0	20.2025	90.4688
1585464892.7339137	2020-03-29 14:54:52	5	9	22.0	20.2025	90.4688
1585464927.4471855	2020-03-29 14:55:27	5	9	22.0	20.2025	90.4688
1585464965.8481815	2020-03-29 14:56:05	5	9	22.0	20.2025	90.4688
1585465000.2584338	2020-03-29 14:56:40	5	9	22.0	20.2025	90.4688
1585465037.3023391	2020-03-29 14:57:17	5	9	22.0	20.2025	90.4688
1585465071.8326404	2020-03-29 14:57:51	5	9	22.0	20.2025	90.4688
1585465106.1365221	2020-03-29 14:58:26	5	9	22.0	20.2025	90.4688
1585465140.2383254	2020-03-29 14:59:00	5	9	22.0	20.2025	90.4688
1585465174.4401176	2020-03-29 14:59:34	5	9	22.0	20.2025	90.4688
1585465208.5427945	2020-03-29 15:00:08	5	9	22.0	20.2025	90.4688
1585465242.6365914	2020-03-29 15:00:42	5	9	22.0	20.2025	90.4688
1585465276.9406185	2020-03-29 15:01:16	5	9	22.0	20.2025	90.4688
1585465310.8354490	2020-03-29 15:01:50	5	9	22.0	20.2025	90.4688
1585465345.0387897	2020-03-29 15:02:25	5	9	22.0	20.2025	90.4688
1585465378.9322052	2020-03-29 15:02:58	5	9	22.0	20.2025	90.4688
1585465416.2076626	2020-03-29 15:03:36	5	9	22.0	20.311	90.4688
1585465450.4386284	2020-03-29 15:04:10	5	9	22.0	20.311	90.4688
1585465489.4243939	2020-03-29 15:04:49	5	9	22.0	20.311	90.4688
1585465523.8584523	2020-03-29 15:05:23	5	9	22.0	20.311	90.4688
1585465558.8501847	2020-03-29 15:05:58	5	9	22.0	20.311	90.4688
1585465592.9496288	2020-03-29 15:06:32	5	9	22.0	20.311	90.4688
1585465627.0496962	2020-03-29 15:07:07	5	9	22.0	20.311	90.4688
1585465660.8427448	2020-03-29 15:07:40	5	9	22.0	20.311	90.4688
1585465695.2404547	2020-03-29 15:08:15	5	9	22.0	20.311	90.4688
1585465728.9401095	2020-03-29 15:08:48	5	9	22.0	20.311	90.4688
1585465767.4432869	2020-03-29 15:09:27	5	9	22.0	20.311	90.4688
1585465802.3602176	2020-03-29 15:10:02	5	9	22.0	20.311	90.4688
1585465837.1756253	2020-03-29 15:10:37	5	9	22.0	20.311	90.4688
1585465870.8659723	2020-03-29 15:11:10	5	9	22.0	20.311	90.4688
1585465908.1402657	2020-03-29 15:11:48	5	9	22.0	20.4101	90.4688
1585465942.5463593	2020-03-29 15:12:22	5	9	22.0	20.4101	90.4688
1585465976.4409735	2020-03-29 15:12:56	5	9	22.0	20.4101	90.4688
1585466012.1792481	2020-03-29 15:13:32	5	9	22.0	20.4101	90.4688
1585466047.6093917	2020-03-29 15:14:07	5	9	22.0	20.4101	90.4688
1585466082.0151780	2020-03-29 15:14:42	5	9	22.0	20.4101	90.4688
1585466116.9350078	2020-03-29 15:15:16	5	9	22.0	20.4101	90.4688
1585466151.3324265	2020-03-29 15:15:51	5	9	22.0	20.4101	90.4688
1585466185.1846032	2020-03-29 15:16:25	5	9	22.0	20.4101	90.4688
1585466219.1293633	2020-03-29 15:16:59	5	9	22.0	20.4101	90.4688
1585466253.1265626	2020-03-29 15:17:33	5	9	22.0	20.4101	90.4688
1585466287.3372657	2020-03-29 15:18:07	5	9	22.0	20.4101	90.4688
1585466321.8399861	2020-03-29 15:18:41	5	9	22.0	20.4101	90.4688
1585466357.2681820	2020-03-29 15:19:17	5	9	22.0	20.4101	90.4688
1585466391.5742640	2020-03-29 15:19:51	5	9	22.0	20.5008	90.4688
1585466426.3904955	2020-03-29 15:20:26	5	9	22.0	20.5008	90.4688
1585466461.0005550	2020-03-29 15:21:01	5	9	22.0	20.5008	90.4688
1585466494.8974314	2020-03-29 15:21:34	5	9	22.0	20.5008	90.4688
1585466529.0972857	2020-03-29 15:22:09	5	9	22.0	20.5008	90.4688
1585466562.8920054	2020-03-29 15:22:42	5	9	22.0	20.5008	90.4688
1585466600.0615346	2020-03-29 15:23:20	5	9	22.0	20.5008	90.4688
1585466637.6463785	2020-03-29 15:23:57	5	9	22.0	20.5008	90.4688
1585466673.8923616	2020-03-29 15:24:33	5	9	22.0	20.5008	90.4688
1585466708.0166624	2020-03-29 15:25:08	5	9	22.0	20.5008	90.4688
1585466744.0366488	2020-03-29 15:25:44	5	9	22.0	20.5008	90.4688
1585466778.1669869	2020-03-29 15:26:18	5	9	22.0	20.5008	90.4688
1585466813.6711018	2020-03-29 15:26:53	5	9	22.0	20.5008	90.4688
1585466847.4344215	2020-03-29 15:27:27	5	9	22.0	20.5008	90.4688
1585466884.6355386	2020-03-29 15:28:04	5	9	22.0	20.5008	90.4688
1585466918.3717325	2020-03-29 15:28:38	5	9	22.0	20.5008	90.4688
1585466960.6159728	2020-03-29 15:29:20	5	9	22.0	20.5008	90.4688
1585466994.7134786	2020-03-29 15:29:54	5	9	22.0	20.6118	90.4688
1585467029.5303319	2020-03-29 15:30:29	5	9	22.0	20.6118	90.4688
1585467064.3458664	2020-03-29 15:31:04	5	9	22.0	20.6118	90.4688
1585467098.6688199	2020-03-29 15:31:38	5	9	22.0	20.6118	90.4688
1585467137.6648619	2020-03-29 15:32:17	5	9	22.0	20.6118	90.4688
1585467180.9807334	2020-03-29 15:33:00	5	9	22.0	20.6118	90.4688
1585467215.6035511	2020-03-29 15:33:35	5	9	22.0	20.6118	90.4688
1585467249.4875255	2020-03-29 15:34:09	5	9	22.0	20.6118	90.4688
1585467286.8632395	2020-03-29 15:34:46	5	9	22.0	20.6118	90.4688
1585467336.7324803	2020-03-29 15:35:36	5	9	22.0	20.6118	90.4688
1585467371.5484416	2020-03-29 15:36:11	5	9	22.0	20.6118	90.4688
1585467408.8402951	2020-03-29 15:36:48	5	9	22.0	20.6118	90.4688
1585467444.5604582	2020-03-29 15:37:24	5	9	22.0	20.6118	90.4688
1585467481.1189973	2020-03-29 15:38:01	5	9	22.0	20.6118	90.4688
1585467515.5291781	2020-03-29 15:38:35	5	9	22.0	20.6118	90.4688
1585467550.0336077	2020-03-29 15:39:10	5	9	22.0	20.6118	90.4688
1585467584.4431772	2020-03-29 15:39:44	5	9	22.0	20.7189	90.4688
1585467618.6429267	2020-03-29 15:40:18	5	9	22.0	20.7189	90.4688
1585467652.9456244	2020-03-29 15:40:52	5	9	22.0	20.7189	90.4688
1585467687.5597167	2020-03-29 15:41:27	5	9	22.0	20.7189	90.4688
1585467734.7638018	2020-03-29 15:42:14	5	9	22.0	20.7189	90.4688
1585467769.3761249	2020-03-29 15:42:49	5	9	22.0	20.7189	90.4688
1585467803.2698281	2020-03-29 15:43:23	5	9	22.0	20.7189	90.4688
1585467838.0859897	2020-03-29 15:43:58	5	9	22.0	20.7189	90.4688
1585467872.6976268	2020-03-29 15:44:32	5	9	22.0	20.7189	90.4688
1585467904.6234155	2020-03-29 15:45:04	5	9	22.0	20.7189	90.4688
1585467939.0531566	2020-03-29 15:45:39	5	9	22.0	20.8019	90.4688
1585467974.9977763	2020-03-29 15:46:14	5	9	22.0	20.8019	90.4688
1585468009.8133137	2020-03-29 15:46:49	5	9	22.0	20.8019	90.4688
1585468043.7920036	2020-03-29 15:47:23	5	9	22.0	20.8019	90.4688
1585468078.9481974	2020-03-29 15:47:58	5	9	22.0	20.8019	90.4688
1585468113.6466162	2020-03-29 15:48:33	5	9	22.0	20.8019	90.4688
1585468147.6440487	2020-03-29 15:49:07	5	9	22.0	20.8019	90.4688
1585468181.5397284	2020-03-29 15:49:41	5	9	22.0	20.8019	90.4688
1585468217.4811914	2020-03-29 15:50:17	5	9	22.0	20.8019	90.4688
1585468251.5834877	2020-03-29 15:50:51	5	9	22.0	20.8019	90.4688
1585468285.6822083	2020-03-29 15:51:25	5	9	22.0	20.8019	90.4688
1585468319.6769140	2020-03-29 15:51:59	5	9	22.0	20.8019	90.4688
1585468353.5709882	2020-03-29 15:52:33	5	9	22.0	20.8019	90.4688
1585468387.4668393	2020-03-29 15:53:07	5	9	22.0	20.8019	90.4688
1585468421.5685494	2020-03-29 15:53:41	5	9	22.0	20.8019	90.4688
1585468455.5637598	2020-03-29 15:54:15	5	9	22.0	20.8019	90.4688
1585468489.5607364	2020-03-29 15:54:49	5	9	22.0	20.8019	90.4688
1585468526.1174586	2020-03-29 15:55:26	5	9	22.0	20.8019	90.4688
1585468565.8486755	2020-03-29 15:56:05	5	9	22.0	20.9231	90.4688
1585468600.6800723	2020-03-29 15:56:40	5	9	22.0	20.9231	90.4688
1585468635.0718324	2020-03-29 15:57:15	5	9	22.0	20.9231	90.4688
1585468669.3785553	2020-03-29 15:57:49	5	9	22.0	20.9231	90.4688
1585468703.4751139	2020-03-29 15:58:23	5	9	22.0	20.9231	90.4688
1585468737.5740433	2020-03-29 15:58:57	5	9	22.0	20.9231	90.4688
1585468771.7121365	2020-03-29 15:59:31	5	9	22.0	20.9231	90.4688
1585468805.8799319	2020-03-29 16:00:05	5	9	22.0	20.9231	90.4688
1585468839.8595996	2020-03-29 16:00:39	5	9	22.0	20.9231	90.4688
1585468877.8753746	2020-03-29 16:01:17	5	9	22.0	20.9231	90.4688
1585468933.1952350	2020-03-29 16:02:13	5	9	22.0	21.018	90.4688
1585468969.8278196	2020-03-29 16:02:49	5	9	22.0	21.018	90.4688
1585469015.0230694	2020-03-29 16:03:35	5	9	22.0	21.018	90.4688
1585469050.5219762	2020-03-29 16:04:10	5	9	22.0	21.018	90.4688
1585469084.9884732	2020-03-29 16:04:44	5	9	22.0	21.018	90.4688
1585469119.6321468	2020-03-29 16:05:19	5	9	22.0	21.018	90.4688
1585469153.7305532	2020-03-29 16:05:53	5	9	22.0	21.018	90.4688
1585469187.4218082	2020-03-29 16:06:27	5	9	22.0	21.018	90.4688
1585469222.5450509	2020-03-29 16:07:02	5	9	22.0	21.018	90.4688
1585469257.6689017	2020-03-29 16:07:37	5	9	22.0	21.1065	90.4688
1585469291.5655401	2020-03-29 16:08:11	5	9	22.0	21.1065	90.4688
1585469325.5608060	2020-03-29 16:08:45	5	9	22.0	21.1065	90.4688
1585469359.7624686	2020-03-29 16:09:19	5	9	22.0	21.1065	90.4688
1585469393.8633151	2020-03-29 16:09:53	5	9	22.0	21.1065	90.4688
1585469427.7565672	2020-03-29 16:10:27	5	9	22.0	21.1065	90.4688
1585469462.4695010	2020-03-29 16:11:02	5	9	22.0	21.1065	90.4688
1585469494.8077707	2020-03-29 16:11:34	5	9	22.0	21.1065	90.4688
1585469529.0348978	2020-03-29 16:12:09	5	9	22.0	21.1065	90.4688
1585469561.2324674	2020-03-29 16:12:41	5	9	22.0	21.1065	90.4688
1585469594.2596872	2020-03-29 16:13:14	5	9	22.0	21.1065	90.4688
1585469625.6013436	2020-03-29 16:13:45	5	9	22.0	21.2102	90.4688
1585469676.6951714	2020-03-29 16:14:36	5	9	22.0	21.2102	90.4688
1585469710.2235405	2020-03-29 16:15:10	5	9	22.0	21.2102	90.4688
1585469746.5299599	2020-03-29 16:15:46	5	9	22.0	21.2102	90.4688
1585469780.7310708	2020-03-29 16:16:20	5	9	22.0	21.2102	90.4688
1585469815.1377783	2020-03-29 16:16:55	5	9	22.0	21.2102	90.4688
1585469849.7487903	2020-03-29 16:17:29	5	9	22.0	21.2102	90.4688
1585469884.5805688	2020-03-29 16:18:04	5	9	22.0	21.2102	90.4688
1585469918.9716072	2020-03-29 16:18:38	5	9	22.0	21.2102	90.4688
1585469956.1369944	2020-03-29 16:19:16	5	9	22.0	21.2102	90.4688
1585469988.4517589	2020-03-29 16:19:48	5	9	22.0	21.3057	90.4688
1585470022.2464492	2020-03-29 16:20:22	5	9	22.0	21.3057	90.4688
1585470055.1184506	2020-03-29 16:20:55	5	9	22.0	21.3057	90.4688
1585470088.2826369	2020-03-29 16:21:28	5	9	22.0	21.3057	90.4688
1585470122.0331602	2020-03-29 16:22:02	5	9	22.0	21.3057	90.4688
1585470156.2687566	2020-03-29 16:22:36	5	9	22.0	21.3057	90.4688
1585470190.2588208	2020-03-29 16:23:10	5	9	22.0	21.3057	90.4688
1585470224.0258019	2020-03-29 16:23:44	5	9	22.0	21.3057	90.4688
1585470259.2505865	2020-03-29 16:24:19	5	9	22.0	21.3057	90.4688
1585470294.1687465	2020-03-29 16:24:54	5	9	22.0	21.3057	90.4688
1585470333.4910109	2020-03-29 16:25:33	5	9	22.0	21.405	90.4688
1585470368.3118980	2020-03-29 16:26:08	5	9	22.0	21.405	90.4688
1585470401.0082927	2020-03-29 16:26:41	5	9	22.0	21.405	90.4688
1585477688.9417458	2020-03-29 18:28:08	5	9	22.0	22.8011	90.4688
1585477722.1337571	2020-03-29 18:28:42	5	9	22.0	22.8011	90.4688
1585477756.0094092	2020-03-29 18:29:16	5	9	22.0	22.8011	90.4688
1585477790.7242799	2020-03-29 18:29:50	5	9	22.0	22.8011	90.4688
1585477825.8478391	2020-03-29 18:30:25	5	9	22.0	22.8011	90.4688
1585477859.8458593	2020-03-29 18:30:59	5	9	22.0	22.8011	90.4688
1585477896.1086206	2020-03-29 18:31:36	5	9	22.0	22.8011	90.4688
1585477930.6055825	2020-03-29 18:32:10	5	9	22.0	22.8011	90.4688
1585477965.9375641	2020-03-29 18:32:45	5	9	22.0	22.8011	90.4688
1585477999.9305041	2020-03-29 18:33:19	5	9	22.0	22.8011	90.4688
1585478034.0288360	2020-03-29 18:33:54	5	9	22.0	22.8011	90.4688
1585478067.8261967	2020-03-29 18:34:27	5	9	22.0	22.8011	90.4688
1585478101.8203137	2020-03-29 18:35:01	5	9	22.0	22.8011	90.4688
1585478135.9165089	2020-03-29 18:35:35	5	9	22.0	22.8011	90.4688
1585478170.1486170	2020-03-29 18:36:10	5	9	22.0	22.8011	90.4688
1585478203.4464138	2020-03-29 18:36:43	5	9	22.0	22.8011	90.4688
1585478238.5314302	2020-03-29 18:37:18	5	9	22.0	22.8011	90.4688
1585478272.4176400	2020-03-29 18:37:52	5	9	22.0	22.8011	90.4688
1585478307.6492405	2020-03-29 18:38:27	5	9	22.0	22.8011	90.4688
1585478343.2803357	2020-03-29 18:39:03	5	9	22.0	22.8011	90.4688
1585478377.3805134	2020-03-29 18:39:37	5	9	22.0	22.8011	90.4688
1585478412.9117353	2020-03-29 18:40:12	5	9	22.0	22.8011	90.4688
1585478462.5822346	2020-03-29 18:41:02	5	9	22.0	22.8011	90.4688
1585478497.8133471	2020-03-29 18:41:37	5	9	22.0	22.8011	90.4688
1585478531.7990489	2020-03-29 18:42:11	5	9	22.0	22.8011	90.4688
1585478565.8911848	2020-03-29 18:42:45	5	9	22.0	22.8011	90.4688
1585478599.3867283	2020-03-29 18:43:19	5	9	22.0	22.8011	90.4688
1585478633.6897502	2020-03-29 18:43:53	5	9	22.0	22.8011	90.4688
1585478669.4276795	2020-03-29 18:44:29	5	9	22.0	22.8011	90.4688
1585478704.1440022	2020-03-29 18:45:04	5	9	22.0	22.8011	90.4688
1585478738.7521987	2020-03-29 18:45:38	5	9	22.0	22.8011	90.4688
1585478773.2604921	2020-03-29 18:46:13	5	9	22.0	22.8011	90.4688
1585478809.2050350	2020-03-29 18:46:49	5	9	22.0	22.8011	90.4688
1585478843.5098858	2020-03-29 18:47:23	5	9	22.0	22.8011	90.4688
1585478877.7108631	2020-03-29 18:47:57	5	9	22.0	22.8011	90.4688
1585478912.0151579	2020-03-29 18:48:32	5	9	22.0	22.8011	90.4688
1585478947.8562670	2020-03-29 18:49:07	5	9	22.0	22.8011	90.4688
1585478985.0291579	2020-03-29 18:49:45	5	9	22.0	22.8011	90.4688
1585479020.4195395	2020-03-29 18:50:20	5	9	22.0	22.8011	90.4688
1585479055.5064819	2020-03-29 18:50:55	5	9	22.0	22.8011	90.4688
1585479092.3729985	2020-03-29 18:51:32	5	9	22.0	22.8011	90.4688
1585479130.1274350	2020-03-29 18:52:10	5	9	22.0	22.8011	90.4688
1585479164.9518533	2020-03-29 18:52:44	5	9	22.0	22.8011	90.4688
1585479200.0674589	2020-03-29 18:53:20	5	9	22.0	22.8011	90.4688
1585479233.9648256	2020-03-29 18:53:53	5	9	22.0	22.8011	90.4688
1585479268.1648862	2020-03-29 18:54:28	5	9	22.0	22.8011	90.4688
1585479302.0597017	2020-03-29 18:55:02	5	9	22.0	22.8011	90.4688
1585479337.1826162	2020-03-29 18:55:37	5	9	22.0	22.8011	90.4688
1585479370.6145980	2020-03-29 18:56:10	5	9	22.0	22.8011	90.4688
1585479403.7409930	2020-03-29 18:56:43	5	9	22.0	22.8011	90.4688
1585479436.6447816	2020-03-29 18:57:16	5	9	22.0	22.8011	90.4688
1585479472.8623881	2020-03-29 18:57:52	5	9	22.0	22.8011	90.4688
1585479506.6775117	2020-03-29 18:58:26	5	9	22.0	22.8011	90.4688
1585479539.6937487	2020-03-29 18:58:59	5	9	22.0	22.8011	90.4688
1585479586.2222886	2020-03-29 18:59:46	5	9	22.0	22.8011	90.4688
1585479619.9088261	2020-03-29 19:00:19	5	9	22.0	22.8011	90.4688
1585479654.1107759	2020-03-29 19:00:54	5	9	22.0	22.8011	90.4688
1585479687.6987593	2020-03-29 19:01:27	5	9	22.0	22.8011	90.4688
1585479722.0356660	2020-03-29 19:02:02	5	9	22.0	22.8011	90.4688
1585479753.5005493	2020-03-29 19:02:33	5	9	22.0	22.8011	90.4688
1585479796.2430866	2020-03-29 19:03:16	5	9	22.0	22.8011	90.4688
1585479833.7400732	2020-03-29 19:03:53	5	9	22.0	22.8011	90.4688
1585479869.7603617	2020-03-29 19:04:29	5	9	22.0	22.8011	90.4688
1585479906.1199617	2020-03-29 19:05:06	5	9	22.0	22.8011	90.4688
1585479940.8160944	2020-03-29 19:05:40	5	9	22.0	22.8011	90.4688
1585480000.1213751	2020-03-29 19:06:40	5	9	22.0	22.8011	90.4688
1585480040.6749825	2020-03-29 19:07:20	5	9	22.0	22.8011	90.4688
1585480083.3972983	2020-03-29 19:08:03	5	9	22.0	22.8011	90.4688
1585480201.6489866	2020-03-29 19:10:01	5	9	22.0	22.8011	90.4688
1585480237.8984709	2020-03-29 19:10:37	5	9	22.0	22.8011	90.4688
1585480275.1715794	2020-03-29 19:11:15	5	9	22.0	22.8011	90.4688
1585480309.4760230	2020-03-29 19:11:49	5	9	22.0	22.8011	90.4688
1585480345.3156607	2020-03-29 19:12:25	5	9	22.0	22.8011	90.4688
1585480379.4152026	2020-03-29 19:12:59	5	9	22.0	22.8011	90.4688
1585480414.0282965	2020-03-29 19:13:34	5	9	22.0	22.8011	90.4688
1585480448.4339077	2020-03-29 19:14:08	5	9	22.0	22.8011	90.4688
1585480486.2194445	2020-03-29 19:14:46	5	9	22.0	22.8011	90.4688
1585480520.5233812	2020-03-29 19:15:20	5	9	22.0	22.8011	90.4688
1585480554.5207031	2020-03-29 19:15:54	5	9	22.0	22.8011	90.4688
1585480588.1085064	2020-03-29 19:16:28	5	9	22.0	22.8011	90.4688
1585480622.4127312	2020-03-29 19:17:02	5	9	22.0	22.8011	90.4688
1585480656.4096828	2020-03-29 19:17:36	5	9	22.0	22.8011	90.4688
1585480690.7283285	2020-03-29 19:18:10	5	9	22.0	22.8011	90.4688
1585480728.8350587	2020-03-29 19:18:48	5	9	22.0	22.8011	90.4688
1585480763.0087068	2020-03-29 19:19:23	5	9	22.0	22.8011	90.4688
1585480798.7488098	2020-03-29 19:19:58	5	9	22.0	22.8011	90.4688
1585480832.7432888	2020-03-29 19:20:32	5	9	22.0	22.8011	90.4688
1585480866.4333289	2020-03-29 19:21:06	5	9	22.0	22.8011	90.4688
1585480900.5350041	2020-03-29 19:21:40	5	9	22.0	22.8011	90.4688
1585480934.8142931	2020-03-29 19:22:14	5	9	22.0	22.8011	90.4688
1585480967.1496117	2020-03-29 19:22:47	5	9	22.0	22.8011	90.4688
1585481001.9509199	2020-03-29 19:23:21	5	9	22.0	22.8011	90.4688
1585481038.9182522	2020-03-29 19:23:58	5	9	22.0	22.7995	90.4688
1585481117.9299829	2020-03-29 19:25:17	5	9	22.0	22.7995	90.4688
1585481152.3366394	2020-03-29 19:25:52	5	9	22.0	22.7995	90.4688
1585481185.2766092	2020-03-29 19:26:25	5	9	22.0	22.7995	90.4688
1585481219.3060474	2020-03-29 19:26:59	5	9	22.0	22.7995	90.4688
1585481257.7068644	2020-03-29 19:27:37	5	9	22.0	22.7995	90.4688
1585481291.9335430	2020-03-29 19:28:11	5	9	22.0	22.7995	90.4688
1585481332.8682954	2020-03-29 19:28:52	5	9	22.0	22.7995	90.4688
1585481366.9997604	2020-03-29 19:29:27	5	9	22.0	22.7995	90.4688
1585481401.2766483	2020-03-29 19:30:01	5	9	22.0	22.7995	90.4688
1585481449.5034294	2020-03-29 19:30:49	5	9	22.0	22.7995	90.4688
1585481483.5017483	2020-03-29 19:31:23	5	9	22.0	22.7995	90.4688
1585481532.4491460	2020-03-29 19:32:12	5	9	22.0	22.7995	90.4688
1585481566.8543296	2020-03-29 19:32:46	5	9	22.0	22.7995	90.4688
1585481599.3807237	2020-03-29 19:33:19	5	9	22.0	22.7995	90.4688
1585481633.1079767	2020-03-29 19:33:53	5	9	22.0	22.7995	90.4688
1585481667.6211011	2020-03-29 19:34:27	5	9	22.0	22.7995	90.4688
1585481702.1264634	2020-03-29 19:35:02	5	9	22.0	22.7995	90.4688
1585493825.2076073	2020-03-29 22:57:05	5	9	22.0	22.9035	81.9169
1585493859.1549237	2020-03-29 22:57:39	5	9	22.0	23.0409	63.2255
1585493893.4611855	2020-03-29 22:58:13	5	9	22.0	23.0409	60.5837
1585493927.6473415	2020-03-29 22:58:47	5	9	22.0	23.0409	60.4457
1585493961.7485640	2020-03-29 22:59:21	5	9	22.0	23.0409	60.4457
1585493995.8478730	2020-03-29 22:59:55	5	9	22.0	23.1423	60.4457
1585524237.1999791	2020-03-30 07:23:57	5	9	22.0	21.2903	60.4457
1585524270.8301814	2020-03-30 07:24:30	5	9	22.0	21.2903	60.4457
1585524304.8890035	2020-03-30 07:25:04	5	9	22.0	21.2903	60.4457
1585524338.7817745	2020-03-30 07:25:38	5	9	22.0	21.2903	60.4457
1585524372.8674276	2020-03-30 07:26:12	5	9	22.0	21.2903	60.4457
1585524406.9824457	2020-03-30 07:26:46	5	9	22.0	21.2903	60.4457
1585524438.5891359	2020-03-30 07:27:18	5	9	22.0	21.2903	60.4457
1585524471.7007954	2020-03-30 07:27:51	5	9	22.0	21.2903	60.4457
1585524503.0251770	2020-03-30 07:28:23	5	9	22.0	21.2903	60.4457
1585524536.1257055	2020-03-30 07:28:56	5	9	22.0	21.2903	60.4457
1585524569.8995347	2020-03-30 07:29:29	5	9	22.0	21.2903	60.4457
1585524603.5913463	2020-03-30 07:30:03	5	9	22.0	21.2903	60.4457
1585524637.4835088	2020-03-30 07:30:37	5	9	22.0	21.2903	60.4457
1585524671.5861769	2020-03-30 07:31:11	5	9	22.0	21.2903	60.4457
1585524705.6860068	2020-03-30 07:31:45	5	9	22.0	21.2903	60.4457
1585524739.5789921	2020-03-30 07:32:19	5	9	22.0	21.2903	60.4457
1585524773.7797382	2020-03-30 07:32:53	5	9	22.0	21.2903	60.4457
1585524807.7784266	2020-03-30 07:33:27	5	9	22.0	21.2903	60.4457
1585524841.8785882	2020-03-30 07:34:01	5	9	22.0	21.2903	60.4457
1585524875.9237671	2020-03-30 07:34:35	5	9	22.0	21.2903	60.4457
1585524909.6687922	2020-03-30 07:35:09	5	9	22.0	21.2903	60.4457
1585524943.8672705	2020-03-30 07:35:43	5	9	22.0	21.2903	60.4457
1585524977.7646194	2020-03-30 07:36:17	5	9	22.0	21.2903	60.4457
1585525011.9667449	2020-03-30 07:36:51	5	9	22.0	21.2903	60.4457
1585525046.0632923	2020-03-30 07:37:26	5	9	22.0	21.2903	60.4457
1585525080.3708653	2020-03-30 07:38:00	5	9	22.0	21.2903	60.4457
1585525114.3680382	2020-03-30 07:38:34	5	9	22.0	21.2903	60.4457
1585525146.8721914	2020-03-30 07:39:06	5	9	22.0	21.2903	60.4457
1585525180.6205082	2020-03-30 07:39:40	5	9	22.0	21.2903	60.4457
1585525214.9255960	2020-03-30 07:40:14	5	9	22.0	21.2903	60.4457
