1585452125.6155987	2020-03-29 11:22:05	5	12	22.0	24.0079	99.5172
1585452160.4154081	2020-03-29 11:22:40	5	12	22.0	24.0079	99.5172
1585452192.2620718	2020-03-29 11:23:12	5	12	22.0	24.0079	99.5172
1585452224.1086891	2020-03-29 11:23:44	5	12	22.0	24.0079	99.5172
1585452255.7507620	2020-03-29 11:24:15	5	12	22.0	24.0079	99.5172
1585452287.9307942	2020-03-29 11:24:47	5	12	22.0	24.0079	99.5172
1585452319.8539593	2020-03-29 11:25:19	5	12	22.0	24.0079	99.5172
1585452351.5996997	2020-03-29 11:25:51	5	12	22.0	24.0079	99.5172
1585452383.5232942	2020-03-29 11:26:23	5	12	22.0	24.0079	99.5172
1585452415.5981100	2020-03-29 11:26:55	5	12	22.0	24.0079	99.5172
1585452447.8553975	2020-03-29 11:27:27	5	12	22.0	24.0079	99.5172
1585453130.3563149	2020-03-29 11:38:50	5	12	22.0	26.9901	99.5172
1585453162.3052137	2020-03-29 11:39:22	5	12	22.0	26.9901	99.5172
1585453194.0488412	2020-03-29 11:39:54	5	12	22.0	25.7052	99.5172
1585453225.9974422	2020-03-29 11:40:25	5	12	22.0	25.7052	99.5172
1585453257.7413056	2020-03-29 11:40:57	5	12	22.0	25.7052	99.5172
1585453289.4855790	2020-03-29 11:41:29	5	12	22.0	25.7052	99.5172
1585453321.5384614	2020-03-29 11:42:01	5	12	22.0	24.6627	99.5172
1585453353.6933634	2020-03-29 11:42:33	5	12	22.0	24.6627	99.5172
1585453386.4819992	2020-03-29 11:43:06	5	12	22.0	24.6627	99.5172
1585453418.5121796	2020-03-29 11:43:38	5	12	22.0	23.8501	99.5172
1585453450.1432540	2020-03-29 11:44:10	5	12	22.0	23.8501	99.5172
1585453482.2072887	2020-03-29 11:44:42	5	12	22.0	23.8501	99.5172
1585453514.1536391	2020-03-29 11:45:14	5	12	22.0	23.8501	99.5172
1585453546.1021991	2020-03-29 11:45:46	5	12	22.0	23.0668	99.5172
1585453578.1569645	2020-03-29 11:46:18	5	12	22.0	23.0668	99.5172
1585453613.4835443	2020-03-29 11:46:53	5	12	22.0	23.0668	99.5172
1585453645.9432282	2020-03-29 11:47:25	5	12	22.0	23.0668	99.5172
1585453678.0029454	2020-03-29 11:47:58	5	12	22.0	22.4053	99.5172
1585453710.2591805	2020-03-29 11:48:30	5	12	22.0	22.4053	99.5172
1585453742.4045966	2020-03-29 11:49:02	5	12	22.0	22.4053	99.5172
1585453774.6601539	2020-03-29 11:49:34	5	12	22.0	22.4053	99.5172
1585453807.2513039	2020-03-29 11:50:07	5	12	22.0	21.8592	99.5172
1585453839.4827368	2020-03-29 11:50:39	5	12	22.0	21.8592	99.5172
1585453871.1232944	2020-03-29 11:51:11	5	12	22.0	21.8592	99.5172
1585453902.9686184	2020-03-29 11:51:42	5	12	22.0	21.3669	99.5172
1585453935.1224318	2020-03-29 11:52:15	5	12	22.0	21.3669	99.5172
1585453966.9881740	2020-03-29 11:52:46	5	12	22.0	21.3669	99.5172
1585453999.7387562	2020-03-29 11:53:19	5	12	22.0	21.3669	99.5172
1585454031.6873507	2020-03-29 11:53:51	5	12	22.0	20.9346	99.5172
1585454063.9448664	2020-03-29 11:54:23	5	12	22.0	20.9346	99.5172
1585454095.5847485	2020-03-29 11:54:55	5	12	22.0	20.9346	99.5172
1585454127.7673919	2020-03-29 11:55:27	5	12	22.0	20.9346	99.5172
1585454159.5911295	2020-03-29 11:55:59	5	12	22.0	20.591	99.5172
1585454190.8193281	2020-03-29 11:56:30	5	12	22.0	20.591	99.5172
1585454222.3595724	2020-03-29 11:57:02	5	12	22.0	20.591	99.5172
1585454254.4086657	2020-03-29 11:57:34	5	12	22.0	20.591	99.5172
1585454286.2595861	2020-03-29 11:58:06	5	12	22.0	20.3192	99.5172
1585454317.8967218	2020-03-29 11:58:37	5	12	22.0	20.3192	99.5172
1585454349.8756156	2020-03-29 11:59:09	5	12	22.0	20.3192	99.5172
1585454362.8656917	2020-03-29 11:59:22	5	12	22.0	20.3192	99.5172
1585454396.9504752	2020-03-29 11:59:56	5	12	22.0	20.075	99.5172
1585454430.7708654	2020-03-29 12:00:30	5	12	22.0	20.075	99.5172
1585454466.1103637	2020-03-29 12:01:06	5	12	22.0	20.075	99.5172
1585454498.1226857	2020-03-29 12:01:38	5	12	22.0	19.8871	99.5172
1585454532.3305380	2020-03-29 12:02:12	5	12	22.0	19.8871	99.5172
1585454569.2840779	2020-03-29 12:02:49	5	12	22.0	19.8871	99.5172
1585454605.4504232	2020-03-29 12:03:25	5	12	22.0	19.8871	99.5172
1585454639.3479791	2020-03-29 12:03:59	5	12	22.0	19.7633	99.5172
1585454673.4990182	2020-03-29 12:04:33	5	12	22.0	19.7633	99.5172
1585454708.4571114	2020-03-29 12:05:08	5	12	22.0	19.7633	99.5172
1585454739.9053338	2020-03-29 12:05:39	5	12	22.0	19.6921	99.5172
1585454773.3605952	2020-03-29 12:06:13	5	12	22.0	19.6921	99.5172
1585454809.5036163	2020-03-29 12:06:49	5	12	22.0	19.6921	99.5172
1585454843.3232992	2020-03-29 12:07:23	5	12	22.0	19.6921	99.5172
1585454875.9214337	2020-03-29 12:07:55	5	12	22.0	19.6921	99.5172
1585454909.6729984	2020-03-29 12:08:29	5	12	22.0	19.6921	99.5172
1585454943.3995321	2020-03-29 12:09:03	5	12	22.0	19.6921	99.5172
1585454983.4027469	2020-03-29 12:09:43	5	12	22.0	19.5929	99.5172
1585455020.4718804	2020-03-29 12:10:20	5	12	22.0	19.5929	99.5172
1585455054.5711513	2020-03-29 12:10:54	5	12	22.0	19.5929	99.5172
1585455088.6707921	2020-03-29 12:11:28	5	12	22.0	19.5929	99.5172
1585455128.3000944	2020-03-29 12:12:08	5	12	22.0	19.5929	99.5172
1585455163.8307142	2020-03-29 12:12:43	5	12	22.0	19.5929	99.5172
1585455197.4474578	2020-03-29 12:13:17	5	12	22.0	19.5929	99.5172
1585455231.7711785	2020-03-29 12:13:51	5	12	22.0	19.5929	99.5172
1585455265.5047164	2020-03-29 12:14:25	5	12	22.0	19.5929	99.5172
1585455299.4632957	2020-03-29 12:14:59	5	12	22.0	19.5929	99.5172
1585455333.3694549	2020-03-29 12:15:33	5	12	22.0	19.5929	99.5172
1585455367.3037987	2020-03-29 12:16:07	5	12	22.0	19.5929	99.5172
1585455401.3787656	2020-03-29 12:16:41	5	12	22.0	19.5929	99.5172
1585455435.3853781	2020-03-29 12:17:15	5	12	22.0	19.5929	99.5172
1585455469.3946781	2020-03-29 12:17:49	5	12	22.0	19.5929	99.5172
1585455503.2901375	2020-03-29 12:18:23	5	12	22.0	19.5929	99.5172
1585455537.2874527	2020-03-29 12:18:57	5	12	22.0	19.5929	99.5172
1585455571.7801456	2020-03-29 12:19:31	5	12	22.0	19.5929	99.5172
1585455605.5528533	2020-03-29 12:20:05	5	12	22.0	19.5929	99.5172
1585455639.4084346	2020-03-29 12:20:39	5	12	22.0	19.5929	99.5172
1585455675.1192625	2020-03-29 12:21:15	5	12	22.0	19.5929	99.5172
1585455709.5066068	2020-03-29 12:21:49	5	12	22.0	19.5929	99.5172
1585455743.5575833	2020-03-29 12:22:23	5	12	22.0	19.5929	99.5172
1585455777.7154913	2020-03-29 12:22:57	5	12	22.0	19.5929	99.5172
1585455813.2572894	2020-03-29 12:23:33	5	12	22.0	19.5929	99.5172
1585455847.5242004	2020-03-29 12:24:07	5	12	22.0	19.5929	99.5172
1585455881.6340227	2020-03-29 12:24:41	5	12	22.0	19.5929	99.5172
1585455923.0303280	2020-03-29 12:25:23	5	12	22.0	19.5929	99.5172
1585455957.9300008	2020-03-29 12:25:57	5	12	22.0	19.5929	99.5172
1585455991.4825478	2020-03-29 12:26:31	5	12	22.0	19.5929	99.5172
1585456025.6759164	2020-03-29 12:27:05	5	12	22.0	19.5929	99.5172
1585456060.0980477	2020-03-29 12:27:40	5	12	22.0	19.5929	99.5172
1585456110.2198575	2020-03-29 12:28:30	5	12	22.0	19.5929	99.5172
1585456152.4085796	2020-03-29 12:29:12	5	12	22.0	19.5929	99.5172
1585456209.9613628	2020-03-29 12:30:09	5	12	22.0	19.5929	99.5172
1585456246.2505066	2020-03-29 12:30:46	5	12	22.0	19.5929	99.5172
1585456280.1610682	2020-03-29 12:31:20	5	12	22.0	19.5929	99.5172
1585456313.6364758	2020-03-29 12:31:53	5	12	22.0	19.5929	99.5172
1585456347.4797010	2020-03-29 12:32:27	5	12	22.0	19.5929	99.5172
1585456381.1693664	2020-03-29 12:33:01	5	12	22.0	19.5929	99.5172
1585456415.3775113	2020-03-29 12:33:35	5	12	22.0	19.5929	99.5172
1585456449.4178016	2020-03-29 12:34:09	5	12	22.0	19.5929	99.5172
1585456483.7081296	2020-03-29 12:34:43	5	12	22.0	19.5929	99.5172
1585456517.5173450	2020-03-29 12:35:17	5	12	22.0	19.5929	99.5172
1585456551.5645058	2020-03-29 12:35:51	5	12	22.0	19.5929	99.5172
1585456585.2567329	2020-03-29 12:36:25	5	12	22.0	19.5929	99.5172
1585456623.6399701	2020-03-29 12:37:03	5	12	22.0	19.5929	99.5172
1585456654.9776158	2020-03-29 12:37:34	5	12	22.0	19.5929	99.5172
1585456689.4102948	2020-03-29 12:38:09	5	12	22.0	19.5929	99.5172
1585456726.6702735	2020-03-29 12:38:46	5	12	22.0	19.5929	99.5172
1585456759.9172451	2020-03-29 12:39:19	5	12	22.0	19.5929	99.5172
1585456795.4840577	2020-03-29 12:39:55	5	12	22.0	19.5929	99.5172
1585456826.8453829	2020-03-29 12:40:26	5	12	22.0	19.5929	99.5172
1585456861.2246926	2020-03-29 12:41:01	5	12	22.0	19.5929	99.5172
1585456892.7863479	2020-03-29 12:41:32	5	12	22.0	19.5929	99.5172
1585456927.7917342	2020-03-29 12:42:07	5	12	22.0	19.6013	99.5172
1585456961.7194729	2020-03-29 12:42:41	5	12	22.0	19.6013	99.5172
1585456995.8883255	2020-03-29 12:43:15	5	12	22.0	19.6013	99.5172
1585457029.7931297	2020-03-29 12:43:49	5	12	22.0	19.6013	99.5172
1585457063.8688104	2020-03-29 12:44:23	5	12	22.0	19.6013	99.5172
1585457098.5925279	2020-03-29 12:44:58	5	12	22.0	19.6013	99.5172
1585457134.9425631	2020-03-29 12:45:34	5	12	22.0	19.6013	99.5172
1585457168.0047576	2020-03-29 12:46:08	5	12	22.0	19.6013	99.5172
1585457201.8823423	2020-03-29 12:46:41	5	12	22.0	19.6013	99.5172
1585457237.6509156	2020-03-29 12:47:17	5	12	22.0	19.6013	99.5172
1585457272.1674354	2020-03-29 12:47:52	5	12	22.0	19.6013	99.5172
1585457305.8635719	2020-03-29 12:48:25	5	12	22.0	19.6013	99.5172
1585457340.0719440	2020-03-29 12:49:00	5	12	22.0	19.6013	99.5172
1585457373.9465415	2020-03-29 12:49:33	5	12	22.0	19.6013	99.5172
1585457407.9707668	2020-03-29 12:50:07	5	12	22.0	19.6013	99.5172
1585457447.4728069	2020-03-29 12:50:47	5	12	22.0	19.6013	99.5172
1585457481.8257205	2020-03-29 12:51:21	5	12	22.0	19.6013	99.5172
1585457515.8526180	2020-03-29 12:51:55	5	12	22.0	19.6013	99.5172
1585457550.0301952	2020-03-29 12:52:30	5	12	22.0	19.6013	99.5172
1585457584.0058053	2020-03-29 12:53:04	5	12	22.0	19.6013	99.5172
1585457622.2685146	2020-03-29 12:53:42	5	12	22.0	19.6013	99.5172
1585457656.0519269	2020-03-29 12:54:16	5	12	22.0	19.6013	99.5172
1585457693.2329679	2020-03-29 12:54:53	5	12	22.0	19.6013	99.5172
1585457728.1526217	2020-03-29 12:55:28	5	12	22.0	19.6013	99.5172
1585457765.9365542	2020-03-29 12:56:05	5	12	22.0	19.6013	99.5172
1585457797.4166853	2020-03-29 12:56:37	5	12	22.0	19.6013	99.5172
1585457830.2197952	2020-03-29 12:57:10	5	12	22.0	19.6013	99.5172
1585457864.1035922	2020-03-29 12:57:44	5	12	22.0	19.6013	99.5172
1585457897.0613110	2020-03-29 12:58:17	5	12	22.0	19.6013	99.5172
1585457933.4664061	2020-03-29 12:58:53	5	12	22.0	19.6013	99.5172
1585457967.3511922	2020-03-29 12:59:27	5	12	22.0	19.6013	99.5172
1585458005.6586912	2020-03-29 13:00:05	5	12	22.0	19.6013	99.5172
1585458039.6099007	2020-03-29 13:00:39	5	12	22.0	19.6013	99.5172
1585458071.2464945	2020-03-29 13:01:11	5	12	22.0	19.6013	99.5172
1585458102.4617596	2020-03-29 13:01:42	5	12	22.0	19.6013	99.5172
1585458134.7936659	2020-03-29 13:02:14	5	12	22.0	19.6013	99.5172
1585458166.4251027	2020-03-29 13:02:46	5	12	22.0	19.6013	99.5172
1585458200.1736653	2020-03-29 13:03:20	5	12	22.0	19.6013	99.5172
1585458246.2968700	2020-03-29 13:04:06	5	12	22.0	19.6013	99.5172
1585458280.0692260	2020-03-29 13:04:40	5	12	22.0	19.6013	99.5172
1585458313.7817955	2020-03-29 13:05:13	5	12	22.0	19.6013	99.5172
1585458348.8330514	2020-03-29 13:05:48	5	12	22.0	19.6013	99.5172
1585458386.4109318	2020-03-29 13:06:26	5	12	22.0	19.6013	99.5172
1585458420.5207083	2020-03-29 13:07:00	5	12	22.0	19.6013	99.5172
1585458456.9357874	2020-03-29 13:07:36	5	12	22.0	19.6013	99.5172
1585458490.8336205	2020-03-29 13:08:10	5	12	22.0	19.6013	99.5172
1585458524.1251740	2020-03-29 13:08:44	5	12	22.0	19.6013	99.5172
1585458559.6479633	2020-03-29 13:09:19	5	12	22.0	19.6013	99.5172
1585458593.7428005	2020-03-29 13:09:53	5	12	22.0	19.7006	99.5172
1585458631.7495391	2020-03-29 13:10:31	5	12	22.0	19.7006	99.5172
1585458668.3171129	2020-03-29 13:11:08	5	12	22.0	19.7006	99.5172
1585458700.9810183	2020-03-29 13:11:40	5	12	22.0	19.7006	99.5172
1585458732.3160284	2020-03-29 13:12:12	5	12	22.0	19.7006	99.5172
1585458763.6104329	2020-03-29 13:12:43	5	12	22.0	19.7006	99.5172
1585458794.9700413	2020-03-29 13:13:14	5	12	22.0	19.7006	99.5172
1585458829.4445601	2020-03-29 13:13:49	5	12	22.0	19.7006	99.5172
1585458863.6706395	2020-03-29 13:14:23	5	12	22.0	19.7006	99.5172
1585458898.3695633	2020-03-29 13:14:58	5	12	22.0	19.7006	99.5172
1585458932.3579915	2020-03-29 13:15:32	5	12	22.0	19.7006	99.5172
1585458969.3275990	2020-03-29 13:16:09	5	12	22.0	19.7006	99.5172
1585459003.5510013	2020-03-29 13:16:43	5	12	22.0	19.7006	99.5172
1585459037.4461505	2020-03-29 13:17:17	5	12	22.0	19.7006	99.5172
1585459072.0836122	2020-03-29 13:17:52	5	12	22.0	19.7006	99.5172
1585459103.4646378	2020-03-29 13:18:23	5	12	22.0	19.7006	99.5172
1585459137.4908018	2020-03-29 13:18:57	5	12	22.0	19.7006	99.5172
1585459171.1825762	2020-03-29 13:19:31	5	12	22.0	19.7006	99.5172
1585459205.2803915	2020-03-29 13:20:05	5	12	22.0	19.7006	99.5172
1585459239.8399465	2020-03-29 13:20:39	5	12	22.0	19.7006	99.5172
1585459275.5155804	2020-03-29 13:21:15	5	12	22.0	19.7006	99.5172
1585459309.6269825	2020-03-29 13:21:49	5	12	22.0	19.7006	99.5172
1585459343.4183922	2020-03-29 13:22:23	5	12	22.0	19.7006	99.5172
1585459377.7499912	2020-03-29 13:22:57	5	12	22.0	19.7006	99.5172
1585459412.2328742	2020-03-29 13:23:32	5	12	22.0	19.7006	99.5172
1585459445.9271116	2020-03-29 13:24:05	5	12	22.0	19.7006	99.5172
1585459477.3508952	2020-03-29 13:24:37	5	12	22.0	19.7006	99.5172
1585459510.6436625	2020-03-29 13:25:10	5	12	22.0	19.7006	99.5172
1585459553.2389100	2020-03-29 13:25:53	5	12	22.0	19.7006	99.5172
1585459587.7148604	2020-03-29 13:26:27	5	12	22.0	19.7006	99.5172
1585459638.0259666	2020-03-29 13:27:18	5	12	22.0	19.7006	99.5172
1585459673.0769274	2020-03-29 13:27:53	5	12	22.0	19.7006	99.5172
1585459706.6501417	2020-03-29 13:28:26	5	12	22.0	19.7006	99.5172
1585459740.5156310	2020-03-29 13:29:00	5	12	22.0	19.7006	99.5172
1585459778.0076535	2020-03-29 13:29:38	5	12	22.0	19.7006	99.5172
1585459828.3888097	2020-03-29 13:30:28	5	12	22.0	19.7006	99.5172
1585459869.6558378	2020-03-29 13:31:09	5	12	22.0	19.7006	99.5172
1585459912.6567261	2020-03-29 13:31:52	5	12	22.0	19.8009	99.5172
1585459951.1780155	2020-03-29 13:32:31	5	12	22.0	19.8009	99.5172
1585459984.7348201	2020-03-29 13:33:04	5	12	22.0	19.8009	99.5172
1585460018.6379833	2020-03-29 13:33:38	5	12	22.0	19.8009	99.5172
1585460052.8220003	2020-03-29 13:34:12	5	12	22.0	19.8009	99.5172
1585460086.7431257	2020-03-29 13:34:46	5	12	22.0	19.8009	99.5172
1585460119.1111755	2020-03-29 13:35:19	5	12	22.0	19.8009	99.5172
1585460153.9209325	2020-03-29 13:35:53	5	12	22.0	19.8009	99.5172
1585460187.8185582	2020-03-29 13:36:27	5	12	22.0	19.8009	99.5172
1585460219.1512115	2020-03-29 13:36:59	5	12	22.0	19.8009	99.5172
1585460252.4467809	2020-03-29 13:37:32	5	12	22.0	19.8009	99.5172
1585460286.3247137	2020-03-29 13:38:06	5	12	22.0	19.8009	99.5172
1585460330.8857698	2020-03-29 13:38:50	5	12	22.0	19.8009	99.5172
1585460363.3657835	2020-03-29 13:39:23	5	12	22.0	19.8009	99.5172
1585460394.8997858	2020-03-29 13:39:54	5	12	22.0	19.8009	99.5172
1585460426.4205878	2020-03-29 13:40:26	5	12	22.0	19.8009	99.5172
1585460458.8920662	2020-03-29 13:40:58	5	12	22.0	19.8009	99.5172
1585460490.1345029	2020-03-29 13:41:30	5	12	22.0	19.8009	99.5172
1585460522.6526952	2020-03-29 13:42:02	5	12	22.0	19.8009	99.5172
1585460555.1549253	2020-03-29 13:42:35	5	12	22.0	19.8009	99.5172
1585460587.2512164	2020-03-29 13:43:07	5	12	22.0	19.8009	99.5172
1585460618.5910990	2020-03-29 13:43:38	5	12	22.0	19.8009	99.5172
1585460650.7188709	2020-03-29 13:44:10	5	12	22.0	19.8009	99.5172
1585460681.9698870	2020-03-29 13:44:41	5	12	22.0	19.8009	99.5172
1585460713.4432850	2020-03-29 13:45:13	5	12	22.0	19.8009	99.5172
1585460745.2768860	2020-03-29 13:45:45	5	12	22.0	19.8009	99.5172
1585460777.2602501	2020-03-29 13:46:17	5	12	22.0	19.8009	99.5172
1585460808.5102384	2020-03-29 13:46:48	5	12	22.0	19.8009	99.5172
1585460839.7805214	2020-03-29 13:47:19	5	12	22.0	19.8009	99.5172
1585460871.7925248	2020-03-29 13:47:51	5	12	22.0	19.8009	99.5172
1585460903.2264900	2020-03-29 13:48:23	5	12	22.0	19.8009	99.5172
1585460934.6106422	2020-03-29 13:48:54	5	12	22.0	19.8009	99.5172
1585460967.0628972	2020-03-29 13:49:27	5	12	22.0	19.8009	99.5172
1585460998.3794887	2020-03-29 13:49:58	5	12	22.0	19.8009	99.5172
1585461030.2958922	2020-03-29 13:50:30	5	12	22.0	19.8009	99.5172
1585461061.8436503	2020-03-29 13:51:01	5	12	22.0	19.8009	99.5172
1585461093.2257526	2020-03-29 13:51:33	5	12	22.0	19.8009	99.5172
1585461125.1728380	2020-03-29 13:52:05	5	12	22.0	19.8009	99.5172
1585461156.5061800	2020-03-29 13:52:36	5	12	22.0	19.8009	99.5172
1585461188.7937965	2020-03-29 13:53:08	5	12	22.0	19.8009	99.5172
1585461220.7403522	2020-03-29 13:53:40	5	12	22.0	19.8009	99.5172
1585461255.0145903	2020-03-29 13:54:15	5	12	22.0	19.8009	99.5172
1585461290.4513018	2020-03-29 13:54:50	5	12	22.0	19.8009	99.5172
1585461321.8828278	2020-03-29 13:55:21	5	12	22.0	19.8009	99.5172
1585461353.1672909	2020-03-29 13:55:53	5	12	22.0	19.8009	99.5172
1585461384.4363577	2020-03-29 13:56:24	5	12	22.0	19.8009	99.5172
1585461415.8878891	2020-03-29 13:56:55	5	12	22.0	19.8009	99.5172
1585461447.1705856	2020-03-29 13:57:27	5	12	22.0	19.8009	99.5172
1585461478.9711196	2020-03-29 13:57:58	5	12	22.0	19.9156	99.5172
1585461510.3751132	2020-03-29 13:58:30	5	12	22.0	19.9156	99.5172
1585461552.8613546	2020-03-29 13:59:12	5	12	22.0	19.9156	99.5172
1585461592.6442964	2020-03-29 13:59:52	5	12	22.0	19.9156	99.5172
1585461624.6044712	2020-03-29 14:00:24	5	12	22.0	19.9156	99.5172
1585461656.6987758	2020-03-29 14:00:56	5	12	22.0	19.9156	99.5172
1585461688.0475793	2020-03-29 14:01:28	5	12	22.0	19.9156	99.5172
1585461720.1174016	2020-03-29 14:02:00	5	12	22.0	19.9156	99.5172
1585461751.9710991	2020-03-29 14:02:31	5	12	22.0	19.9156	99.5172
1585461783.6610696	2020-03-29 14:03:03	5	12	22.0	19.9156	99.5172
1585461815.6614196	2020-03-29 14:03:35	5	12	22.0	19.9156	99.5172
1585461846.8680539	2020-03-29 14:04:06	5	12	22.0	19.9156	99.5172
1585461878.1079183	2020-03-29 14:04:38	5	12	22.0	19.9156	99.5172
1585461909.4111800	2020-03-29 14:05:09	5	12	22.0	19.9156	99.5172
1585461940.6848052	2020-03-29 14:05:40	5	12	22.0	19.9156	99.5172
1585461972.7346153	2020-03-29 14:06:12	5	12	22.0	19.9156	99.5172
1585462007.1204259	2020-03-29 14:06:47	5	12	22.0	19.9156	99.5172
1585462040.8657537	2020-03-29 14:07:20	5	12	22.0	19.9156	99.5172
1585462074.9588606	2020-03-29 14:07:54	5	12	22.0	19.9156	99.5172
1585462106.0697029	2020-03-29 14:08:26	5	12	22.0	19.9156	99.5172
1585462137.3485565	2020-03-29 14:08:57	5	12	22.0	19.9156	99.5172
1585462169.7102048	2020-03-29 14:09:29	5	12	22.0	19.9156	99.5172
1585462200.9089804	2020-03-29 14:10:00	5	12	22.0	19.9156	99.5172
1585462233.4223435	2020-03-29 14:10:33	5	12	22.0	19.9156	99.5172
1585462265.4140637	2020-03-29 14:11:05	5	12	22.0	19.9156	99.5172
1585462296.8618650	2020-03-29 14:11:36	5	12	22.0	19.9156	99.5172
1585462328.2549179	2020-03-29 14:12:08	5	12	22.0	19.9156	99.5172
1585462359.9847009	2020-03-29 14:12:39	5	12	22.0	19.9156	99.5172
1585462391.9664471	2020-03-29 14:13:11	5	12	22.0	19.9156	99.5172
1585462423.2219653	2020-03-29 14:13:43	5	12	22.0	19.9156	99.5172
1585462454.5104654	2020-03-29 14:14:14	5	12	22.0	19.9156	99.5172
1585462485.6808884	2020-03-29 14:14:45	5	12	22.0	19.9156	99.5172
1585462517.5211232	2020-03-29 14:15:17	5	12	22.0	19.9156	99.5172
1585462549.8103931	2020-03-29 14:15:49	5	12	22.0	19.9156	99.5172
1585462581.6738694	2020-03-29 14:16:21	5	12	22.0	19.9156	99.5172
1585462612.8878052	2020-03-29 14:16:52	5	12	22.0	19.9156	99.5172
1585462644.9230056	2020-03-29 14:17:24	5	12	22.0	19.9156	99.5172
1585462676.1538186	2020-03-29 14:17:56	5	12	22.0	20.0232	99.5172
1585462707.4218488	2020-03-29 14:18:27	5	12	22.0	20.0232	99.5172
1585462739.4360442	2020-03-29 14:18:59	5	12	22.0	20.0232	99.5172
1585462771.6495993	2020-03-29 14:19:31	5	12	22.0	20.0232	99.5172
1585462805.7454319	2020-03-29 14:20:05	5	12	22.0	20.0232	99.5172
1585462838.5774913	2020-03-29 14:20:38	5	12	22.0	20.0232	99.5172
1585462871.2898715	2020-03-29 14:21:11	5	12	22.0	20.0232	99.5172
1585462905.6743004	2020-03-29 14:21:45	5	12	22.0	20.0232	99.5172
1585462939.7905672	2020-03-29 14:22:19	5	12	22.0	20.0232	99.5172
1585462973.6283827	2020-03-29 14:22:53	5	12	22.0	20.0232	99.5172
1585463007.9405630	2020-03-29 14:23:27	5	12	22.0	20.0232	99.5172
1585463042.9218643	2020-03-29 14:24:02	5	12	22.0	20.0232	99.5172
1585463075.8347106	2020-03-29 14:24:35	5	12	22.0	20.0232	99.5172
1585463112.1146216	2020-03-29 14:25:12	5	12	22.0	20.0232	99.5172
1585463146.0684707	2020-03-29 14:25:46	5	12	22.0	20.0232	99.5172
1585463183.8560860	2020-03-29 14:26:23	5	12	22.0	20.0232	99.5172
1585463217.8521421	2020-03-29 14:26:57	5	12	22.0	20.0232	99.5172
1585463250.0746064	2020-03-29 14:27:30	5	12	22.0	20.0232	99.5172
1585463276.7589166	2020-03-29 14:27:56	5	12	22.0	20.0232	99.5172
1585463310.7358322	2020-03-29 14:28:30	5	12	22.0	20.0232	99.5172
1585463350.9889910	2020-03-29 14:29:10	5	12	22.0	20.0232	99.5172
1585463386.7261174	2020-03-29 14:29:46	5	12	22.0	20.1068	99.5172
1585463424.2052412	2020-03-29 14:30:24	5	12	22.0	20.1068	99.5172
1585463458.2015443	2020-03-29 14:30:58	5	12	22.0	20.1068	99.5172
1585463494.3550036	2020-03-29 14:31:34	5	12	22.0	20.1068	99.5172
1585463528.6468904	2020-03-29 14:32:08	5	12	22.0	20.1068	99.5172
1585463562.7794182	2020-03-29 14:32:42	5	12	22.0	20.1068	99.5172
1585463596.9031246	2020-03-29 14:33:16	5	12	22.0	20.1068	99.5172
1585463630.7990417	2020-03-29 14:33:50	5	12	22.0	20.1068	99.5172
1585463664.7432663	2020-03-29 14:34:24	5	12	22.0	20.1068	99.5172
1585463698.7736933	2020-03-29 14:34:58	5	12	22.0	20.1068	99.5172
1585463733.3516345	2020-03-29 14:35:33	5	12	22.0	20.1068	99.5172
1585463767.5527916	2020-03-29 14:36:07	5	12	22.0	20.1068	99.5172
1585463808.5167065	2020-03-29 14:36:48	5	12	22.0	20.1068	99.5172
1585463842.6673090	2020-03-29 14:37:22	5	12	22.0	20.1068	99.5172
1585463877.7046924	2020-03-29 14:37:57	5	12	22.0	20.1068	99.5172
1585463911.8381796	2020-03-29 14:38:31	5	12	22.0	20.1068	99.5172
1585463946.1406484	2020-03-29 14:39:06	5	12	22.0	20.1068	99.5172
1585463980.3424940	2020-03-29 14:39:40	5	12	22.0	20.1068	99.5172
1585464014.7484589	2020-03-29 14:40:14	5	12	22.0	20.1068	99.5172
1585464049.1376548	2020-03-29 14:40:49	5	12	22.0	20.1068	99.5172
1585464082.9376688	2020-03-29 14:41:22	5	12	22.0	20.1068	99.5172
1585464118.2773104	2020-03-29 14:41:58	5	12	22.0	20.1068	99.5172
1585464152.5819893	2020-03-29 14:42:32	5	12	22.0	20.1068	99.5172
1585464186.9401369	2020-03-29 14:43:06	5	12	22.0	20.1068	99.5172
1585464230.9196565	2020-03-29 14:43:50	5	12	22.0	20.1068	99.5172
1585464268.6100807	2020-03-29 14:44:28	5	12	22.0	20.1068	99.5172
1585464303.6218474	2020-03-29 14:45:03	5	12	22.0	20.1068	99.5172
1585464344.4810667	2020-03-29 14:45:44	5	12	22.0	20.2124	99.5172
1585464378.6827579	2020-03-29 14:46:18	5	12	22.0	20.2124	99.5172
1585464413.5118203	2020-03-29 14:46:53	5	12	22.0	20.2124	99.5172
1585464448.0068316	2020-03-29 14:47:28	5	12	22.0	20.2124	99.5172
1585464482.3193934	2020-03-29 14:48:02	5	12	22.0	20.2124	99.5172
1585464516.6159878	2020-03-29 14:48:36	5	12	22.0	20.2124	99.5172
1585464551.1614623	2020-03-29 14:49:11	5	12	22.0	20.2124	99.5172
1585464585.4352477	2020-03-29 14:49:45	5	12	22.0	20.2124	99.5172
1585464619.1342154	2020-03-29 14:50:19	5	12	22.0	20.2124	99.5172
1585464654.3449888	2020-03-29 14:50:54	5	12	22.0	20.2124	99.5172
1585464688.1367464	2020-03-29 14:51:28	5	12	22.0	20.2124	99.5172
1585464722.8511322	2020-03-29 14:52:02	5	12	22.0	20.2124	99.5172
1585464756.9574547	2020-03-29 14:52:36	5	12	22.0	20.2124	99.5172
1585464791.1217599	2020-03-29 14:53:11	5	12	22.0	20.2124	99.5172
1585464825.0721869	2020-03-29 14:53:45	5	12	22.0	20.2124	99.5172
1585464859.0734053	2020-03-29 14:54:19	5	12	22.0	20.2124	99.5172
1585464893.2492156	2020-03-29 14:54:53	5	12	22.0	20.2124	99.5172
1585464928.0620868	2020-03-29 14:55:28	5	12	22.0	20.2124	99.5172
1585464966.8713088	2020-03-29 14:56:06	5	12	22.0	20.2124	99.5172
1585465000.8687453	2020-03-29 14:56:40	5	12	22.0	20.2124	99.5172
1585465037.9377277	2020-03-29 14:57:17	5	12	22.0	20.2124	99.5172
1585465072.4451721	2020-03-29 14:57:52	5	12	22.0	20.3012	99.5172
1585465106.7506893	2020-03-29 14:58:26	5	12	22.0	20.3012	99.5172
1585465140.8503616	2020-03-29 14:59:00	5	12	22.0	20.3012	99.5172
1585465175.1327245	2020-03-29 14:59:35	5	12	22.0	20.3012	99.5172
1585465209.0636778	2020-03-29 15:00:09	5	12	22.0	20.3012	99.5172
1585465243.1136911	2020-03-29 15:00:43	5	12	22.0	20.3012	99.5172
1585465277.1997643	2020-03-29 15:01:17	5	12	22.0	20.3012	99.5172
1585465311.1738710	2020-03-29 15:01:51	5	12	22.0	20.3012	99.5172
1585465345.2414029	2020-03-29 15:02:25	5	12	22.0	20.3012	99.5172
1585465381.4953489	2020-03-29 15:03:01	5	12	22.0	20.3012	99.5172
1585465416.8229945	2020-03-29 15:03:36	5	12	22.0	20.3012	99.5172
1585465456.1424510	2020-03-29 15:04:16	5	12	22.0	20.3012	99.5172
1585465489.6467092	2020-03-29 15:04:49	5	12	22.0	20.3012	99.5172
1585465524.7687654	2020-03-29 15:05:24	5	12	22.0	20.3012	99.5172
1585465559.2042253	2020-03-29 15:05:59	5	12	22.0	20.4084	99.5172
1585465593.2501333	2020-03-29 15:06:33	5	12	22.0	20.4084	99.5172
1585465627.2744768	2020-03-29 15:07:07	5	12	22.0	20.4084	99.5172
1585465661.2249181	2020-03-29 15:07:41	5	12	22.0	20.4084	99.5172
1585465695.4226999	2020-03-29 15:08:15	5	12	22.0	20.4084	99.5172
1585465729.2594812	2020-03-29 15:08:49	5	12	22.0	20.4084	99.5172
1585465768.1578121	2020-03-29 15:09:28	5	12	22.0	20.4084	99.5172
1585465803.0763264	2020-03-29 15:10:03	5	12	22.0	20.4084	99.5172
1585465837.3667328	2020-03-29 15:10:37	5	12	22.0	20.4084	99.5172
1585465874.4496815	2020-03-29 15:11:14	5	12	22.0	20.4084	99.5172
1585465908.7532475	2020-03-29 15:11:48	5	12	22.0	20.4084	99.5172
1585465943.0591488	2020-03-29 15:12:23	5	12	22.0	20.4084	99.5172
1585465977.0552092	2020-03-29 15:12:57	5	12	22.0	20.4084	99.5172
1585466013.2069931	2020-03-29 15:13:33	5	12	22.0	20.5153	99.5172
1585466048.3260560	2020-03-29 15:14:08	5	12	22.0	20.5153	99.5172
1585466082.6298203	2020-03-29 15:14:42	5	12	22.0	20.5153	99.5172
1585466117.3307407	2020-03-29 15:15:17	5	12	22.0	20.5153	99.5172
1585466151.4965587	2020-03-29 15:15:51	5	12	22.0	20.5153	99.5172
1585466185.4089015	2020-03-29 15:16:25	5	12	22.0	20.5153	99.5172
1585466219.3849630	2020-03-29 15:16:59	5	12	22.0	20.5153	99.5172
1585466253.3858602	2020-03-29 15:17:33	5	12	22.0	20.5153	99.5172
1585466287.5096638	2020-03-29 15:18:07	5	12	22.0	20.5153	99.5172
1585466322.5567684	2020-03-29 15:18:42	5	12	22.0	20.5153	99.5172
1585466357.8833611	2020-03-29 15:19:17	5	12	22.0	20.5153	99.5172
1585466392.1876571	2020-03-29 15:19:52	5	12	22.0	20.5153	99.5172
1585466427.3119812	2020-03-29 15:20:27	5	12	22.0	20.5153	99.5172
1585466461.3991847	2020-03-29 15:21:01	5	12	22.0	20.5153	99.5172
1585466495.3340769	2020-03-29 15:21:35	5	12	22.0	20.5153	99.5172
1585466529.4265091	2020-03-29 15:22:09	5	12	22.0	20.5153	99.5172
1585466563.3729324	2020-03-29 15:22:43	5	12	22.0	20.5153	99.5172
1585466600.6786480	2020-03-29 15:23:20	5	12	22.0	20.5153	99.5172
1585466638.4662552	2020-03-29 15:23:58	5	12	22.0	20.5153	99.5172
1585466674.5061650	2020-03-29 15:24:34	5	12	22.0	20.5153	99.5172
1585466708.7084711	2020-03-29 15:25:08	5	12	22.0	20.5153	99.5172
1585466744.6526103	2020-03-29 15:25:44	5	12	22.0	20.6307	99.5172
1585466780.2914677	2020-03-29 15:26:20	5	12	22.0	20.6307	99.5172
1585466813.8475366	2020-03-29 15:26:53	5	12	22.0	20.6307	99.5172
1585466847.5945630	2020-03-29 15:27:27	5	12	22.0	20.6307	99.5172
1585466885.2496524	2020-03-29 15:28:05	5	12	22.0	20.6307	99.5172
1585466918.5409148	2020-03-29 15:28:38	5	12	22.0	20.6307	99.5172
1585466961.2296724	2020-03-29 15:29:21	5	12	22.0	20.6307	99.5172
1585466995.2259538	2020-03-29 15:29:55	5	12	22.0	20.6307	99.5172
1585467030.1461866	2020-03-29 15:30:30	5	12	22.0	20.6307	99.5172
1585467064.9609122	2020-03-29 15:31:04	5	12	22.0	20.6307	99.5172
1585467101.1542990	2020-03-29 15:31:41	5	12	22.0	20.6307	99.5172
1585467138.2799380	2020-03-29 15:32:18	5	12	22.0	20.6307	99.5172
1585467181.5130637	2020-03-29 15:33:01	5	12	22.0	20.6307	99.5172
1585467215.8250408	2020-03-29 15:33:35	5	12	22.0	20.7075	99.5172
1585467249.6525266	2020-03-29 15:34:09	5	12	22.0	20.7075	99.5172
1585467289.6290939	2020-03-29 15:34:49	5	12	22.0	20.7075	99.5172
1585467337.4494021	2020-03-29 15:35:37	5	12	22.0	20.7075	99.5172
1585467372.1634834	2020-03-29 15:36:12	5	12	22.0	20.7075	99.5172
1585467410.9735630	2020-03-29 15:36:50	5	12	22.0	20.7075	99.5172
1585467445.1745172	2020-03-29 15:37:25	5	12	22.0	20.7075	99.5172
1585467481.8361933	2020-03-29 15:38:01	5	12	22.0	20.7075	99.5172
1585467516.2467010	2020-03-29 15:38:36	5	12	22.0	20.7075	99.5172
1585467550.6508868	2020-03-29 15:39:10	5	12	22.0	20.7075	99.5172
1585467585.0573192	2020-03-29 15:39:45	5	12	22.0	20.7075	99.5172
1585467619.2606850	2020-03-29 15:40:19	5	12	22.0	20.7075	99.5172
1585467653.5596819	2020-03-29 15:40:53	5	12	22.0	20.7075	99.5172
1585467688.0736058	2020-03-29 15:41:28	5	12	22.0	20.7075	99.5172
1585467735.5836654	2020-03-29 15:42:15	5	12	22.0	20.8282	99.5172
1585467769.6977837	2020-03-29 15:42:49	5	12	22.0	20.8282	99.5172
1585467803.6879079	2020-03-29 15:43:23	5	12	22.0	20.8282	99.5172
1585467838.7009282	2020-03-29 15:43:58	5	12	22.0	20.8282	99.5172
1585467873.4143741	2020-03-29 15:44:33	5	12	22.0	20.8282	99.5172
1585467904.7767186	2020-03-29 15:45:04	5	12	22.0	20.8282	99.5172
1585467939.6825247	2020-03-29 15:45:39	5	12	22.0	20.8282	99.5172
1585467975.6122465	2020-03-29 15:46:15	5	12	22.0	20.8282	99.5172
1585468010.4268718	2020-03-29 15:46:50	5	12	22.0	20.8282	99.5172
1585468044.0150564	2020-03-29 15:47:24	5	12	22.0	20.8282	99.5172
1585468079.5477622	2020-03-29 15:47:59	5	12	22.0	20.8282	99.5172
1585468113.8574250	2020-03-29 15:48:33	5	12	22.0	20.8282	99.5172
1585468147.8834896	2020-03-29 15:49:07	5	12	22.0	20.8282	99.5172
1585468181.8365679	2020-03-29 15:49:41	5	12	22.0	20.9161	99.5172
1585468218.0952461	2020-03-29 15:50:18	5	12	22.0	20.9161	99.5172
1585468251.8480878	2020-03-29 15:50:51	5	12	22.0	20.9161	99.5172
1585468286.1093543	2020-03-29 15:51:26	5	12	22.0	20.9161	99.5172
1585468319.8749301	2020-03-29 15:51:59	5	12	22.0	20.9161	99.5172
1585468353.8995149	2020-03-29 15:52:33	5	12	22.0	20.9161	99.5172
1585468387.8547194	2020-03-29 15:53:07	5	12	22.0	20.9161	99.5172
1585468421.8777013	2020-03-29 15:53:41	5	12	22.0	20.9161	99.5172
1585468455.8902807	2020-03-29 15:54:15	5	12	22.0	20.9161	99.5172
1585468489.8960481	2020-03-29 15:54:49	5	12	22.0	20.9161	99.5172
1585468526.8341258	2020-03-29 15:55:26	5	12	22.0	20.9161	99.5172
1585468567.0781174	2020-03-29 15:56:07	5	12	22.0	21.0011	99.5172
1585468601.4355965	2020-03-29 15:56:41	5	12	22.0	21.0011	99.5172
1585468635.6856558	2020-03-29 15:57:15	5	12	22.0	21.0011	99.5172
1585468669.8469813	2020-03-29 15:57:49	5	12	22.0	21.0011	99.5172
1585468703.8833804	2020-03-29 15:58:23	5	12	22.0	21.0011	99.5172
1585468737.9284778	2020-03-29 15:58:57	5	12	22.0	21.0011	99.5172
1585468771.9348536	2020-03-29 15:59:31	5	12	22.0	21.0011	99.5172
1585468806.0861516	2020-03-29 16:00:06	5	12	22.0	21.0011	99.5172
1585468840.1047814	2020-03-29 16:00:40	5	12	22.0	21.0011	99.5172
1585468878.7898080	2020-03-29 16:01:18	5	12	22.0	21.0011	99.5172
1585468935.3172989	2020-03-29 16:02:15	5	12	22.0	21.1072	99.5172
1585468970.3477538	2020-03-29 16:02:50	5	12	22.0	21.1072	99.5172
1585469015.7149885	2020-03-29 16:03:35	5	12	22.0	21.1072	99.5172
1585469051.0296741	2020-03-29 16:04:11	5	12	22.0	21.1072	99.5172
1585469085.5399966	2020-03-29 16:04:45	5	12	22.0	21.1072	99.5172
1585469120.0281451	2020-03-29 16:05:20	5	12	22.0	21.1072	99.5172
1585469154.0516777	2020-03-29 16:05:54	5	12	22.0	21.1072	99.5172
1585469187.9320571	2020-03-29 16:06:27	5	12	22.0	21.1072	99.5172
1585469223.2617543	2020-03-29 16:07:03	5	12	22.0	21.1072	99.5172
1585469258.0426025	2020-03-29 16:07:38	5	12	22.0	21.1072	99.5172
1585469292.0348017	2020-03-29 16:08:12	5	12	22.0	21.1072	99.5172
1585469326.0297968	2020-03-29 16:08:46	5	12	22.0	21.1072	99.5172
1585469360.0858865	2020-03-29 16:09:20	5	12	22.0	21.1072	99.5172
1585469394.1053898	2020-03-29 16:09:54	5	12	22.0	21.2233	99.5172
1585469428.0835898	2020-03-29 16:10:28	5	12	22.0	21.2233	99.5172
1585469463.0842626	2020-03-29 16:11:03	5	12	22.0	21.2233	99.5172
1585469494.9562271	2020-03-29 16:11:34	5	12	22.0	21.2233	99.5172
1585469529.6492944	2020-03-29 16:12:09	5	12	22.0	21.2233	99.5172
1585469561.5714569	2020-03-29 16:12:41	5	12	22.0	21.2233	99.5172
1585469594.4372284	2020-03-29 16:13:14	5	12	22.0	21.2233	99.5172
1585469625.7789121	2020-03-29 16:13:45	5	12	22.0	21.2233	99.5172
1585469677.3084595	2020-03-29 16:14:37	5	12	22.0	21.2233	99.5172
1585469710.3753879	2020-03-29 16:15:10	5	12	22.0	21.2233	99.5172
1585469747.0410480	2020-03-29 16:15:47	5	12	22.0	21.3199	99.5172
1585469781.3450189	2020-03-29 16:16:21	5	12	22.0	21.3199	99.5172
1585469815.7518539	2020-03-29 16:16:55	5	12	22.0	21.3199	99.5172
1585469850.1597619	2020-03-29 16:17:30	5	12	22.0	21.3199	99.5172
1585469884.7447569	2020-03-29 16:18:04	5	12	22.0	21.3199	99.5172
1585469919.5864186	2020-03-29 16:18:39	5	12	22.0	21.3199	99.5172
1585469956.3135190	2020-03-29 16:19:16	5	12	22.0	21.3199	99.5172
1585469988.6305356	2020-03-29 16:19:48	5	12	22.0	21.3199	99.5172
1585470022.4266391	2020-03-29 16:20:22	5	12	22.0	21.3199	99.5172
1585470055.2936599	2020-03-29 16:20:55	5	12	22.0	21.3199	99.5172
1585470088.4491851	2020-03-29 16:21:28	5	12	22.0	21.3199	99.5172
1585470122.2901275	2020-03-29 16:22:02	5	12	22.0	21.4225	99.5172
1585470156.4337592	2020-03-29 16:22:36	5	12	22.0	21.4225	99.5172
1585470190.4214487	2020-03-29 16:23:10	5	12	22.0	21.4225	99.5172
1585470224.3091774	2020-03-29 16:23:44	5	12	22.0	21.4225	99.5172
1585470259.8645554	2020-03-29 16:24:19	5	12	22.0	21.4225	99.5172
1585470294.3724093	2020-03-29 16:24:54	5	12	22.0	21.4225	99.5172
1585470334.0012746	2020-03-29 16:25:34	5	12	22.0	21.4225	99.5172
1585470368.4833431	2020-03-29 16:26:08	5	12	22.0	21.4225	99.5172
1585470401.1948864	2020-03-29 16:26:41	5	12	22.0	21.4225	99.5172
1585477689.5549223	2020-03-29 18:28:09	5	12	22.0	22.9002	99.5172
1585477722.2997558	2020-03-29 18:28:42	5	12	22.0	22.9002	99.5172
1585477756.3284979	2020-03-29 18:29:16	5	12	22.0	22.9002	99.5172
1585477791.3387566	2020-03-29 18:29:51	5	12	22.0	22.9002	99.5172
1585477826.1598129	2020-03-29 18:30:26	5	12	22.0	22.9002	99.5172
1585477860.1653371	2020-03-29 18:31:00	5	12	22.0	22.9002	99.5172
1585477896.2782731	2020-03-29 18:31:36	5	12	22.0	22.9002	99.5172
1585477931.2525313	2020-03-29 18:32:11	5	12	22.0	22.9002	99.5172
1585477966.2038977	2020-03-29 18:32:46	5	12	22.0	22.9002	99.5172
1585478000.2244067	2020-03-29 18:33:20	5	12	22.0	22.9002	99.5172
1585478034.2739241	2020-03-29 18:33:54	5	12	22.0	22.9002	99.5172
1585478068.2141683	2020-03-29 18:34:28	5	12	22.0	22.9002	99.5172
1585478102.2069957	2020-03-29 18:35:02	5	12	22.0	22.9002	99.5172
1585478136.2232826	2020-03-29 18:35:36	5	12	22.0	22.9002	99.5172
1585478170.3149962	2020-03-29 18:36:10	5	12	22.0	22.9002	99.5172
1585478204.1192689	2020-03-29 18:36:44	5	12	22.0	22.9002	99.5172
1585478238.7048194	2020-03-29 18:37:18	5	12	22.0	22.9002	99.5172
1585478273.0319963	2020-03-29 18:37:53	5	12	22.0	22.9002	99.5172
1585478308.2579582	2020-03-29 18:38:28	5	12	22.0	22.9002	99.5172
1585478343.8027942	2020-03-29 18:39:03	5	12	22.0	22.9002	99.5172
1585478377.8934579	2020-03-29 18:39:37	5	12	22.0	22.8996	99.5172
1585478413.6278760	2020-03-29 18:40:13	5	12	22.0	22.8996	99.5172
1585478463.5018985	2020-03-29 18:41:03	5	12	22.0	22.8996	99.5172
1585478498.3256750	2020-03-29 18:41:38	5	12	22.0	22.8996	99.5172
1585478532.2672262	2020-03-29 18:42:12	5	12	22.0	22.8996	99.5172
1585478566.2419577	2020-03-29 18:42:46	5	12	22.0	22.8996	99.5172
1585478599.8987892	2020-03-29 18:43:19	5	12	22.0	22.8996	99.5172
1585478634.2497168	2020-03-29 18:43:54	5	12	22.0	22.8996	99.5172
1585478670.0421042	2020-03-29 18:44:30	5	12	22.0	22.8996	99.5172
1585478704.3821166	2020-03-29 18:45:04	5	12	22.0	22.8996	99.5172
1585478739.4867239	2020-03-29 18:45:39	5	12	22.0	22.8996	99.5172
1585478773.7775106	2020-03-29 18:46:13	5	12	22.0	22.8996	99.5172
1585478809.8185596	2020-03-29 18:46:49	5	12	22.0	22.8996	99.5172
1585478844.0276492	2020-03-29 18:47:24	5	12	22.0	22.8996	99.5172
1585478878.5307753	2020-03-29 18:47:58	5	12	22.0	22.8996	99.5172
1585478913.4893334	2020-03-29 18:48:33	5	12	22.0	22.8996	99.5172
1585478948.4706638	2020-03-29 18:49:08	5	12	22.0	22.8996	99.5172
1585478985.6437869	2020-03-29 18:49:45	5	12	22.0	22.8996	99.5172
1585479020.9700346	2020-03-29 18:50:20	5	12	22.0	22.8996	99.5172
1585479056.4094157	2020-03-29 18:50:56	5	12	22.0	22.8996	99.5172
1585479096.0288904	2020-03-29 18:51:36	5	12	22.0	22.8996	99.5172
1585479130.4623415	2020-03-29 18:52:10	5	12	22.0	22.8996	99.5172
1585479165.5607152	2020-03-29 18:52:45	5	12	22.0	22.8996	99.5172
1585479200.6830034	2020-03-29 18:53:20	5	12	22.0	22.8996	99.5172
1585479234.4336765	2020-03-29 18:53:54	5	12	22.0	22.8996	99.5172
1585479268.4780765	2020-03-29 18:54:28	5	12	22.0	22.8996	99.5172
1585479302.4610200	2020-03-29 18:55:02	5	12	22.0	22.8996	99.5172
1585479337.6928670	2020-03-29 18:55:37	5	12	22.0	22.8996	99.5172
1585479370.7870612	2020-03-29 18:56:10	5	12	22.0	22.8996	99.5172
1585479404.1520579	2020-03-29 18:56:44	5	12	22.0	22.8996	99.5172
1585479436.8004081	2020-03-29 18:57:16	5	12	22.0	22.8996	99.5172
1585479473.3764601	2020-03-29 18:57:53	5	12	22.0	22.8996	99.5172
1585479506.9205489	2020-03-29 18:58:26	5	12	22.0	22.8996	99.5172
1585479540.3440394	2020-03-29 18:59:00	5	12	22.0	22.8996	99.5172
1585479586.5824733	2020-03-29 18:59:46	5	12	22.0	22.8996	99.5172
1585479620.4819374	2020-03-29 19:00:20	5	12	22.0	22.8996	99.5172
1585479654.5444932	2020-03-29 19:00:54	5	12	22.0	22.8996	99.5172
1585479688.3125684	2020-03-29 19:01:28	5	12	22.0	22.8996	99.5172
1585479722.5341077	2020-03-29 19:02:02	5	12	22.0	22.8996	99.5172
1585479753.6990426	2020-03-29 19:02:33	5	12	22.0	22.8996	99.5172
1585479796.5999868	2020-03-29 19:03:16	5	12	22.0	22.8996	99.5172
1585479834.2345197	2020-03-29 19:03:54	5	12	22.0	22.8996	99.5172
1585479870.5431380	2020-03-29 19:04:30	5	12	22.0	22.8996	99.5172
1585479906.6594071	2020-03-29 19:05:06	5	12	22.0	22.8996	99.5172
1585479941.0211003	2020-03-29 19:05:41	5	12	22.0	22.8996	99.5172
1585480001.2661941	2020-03-29 19:06:41	5	12	22.0	22.8996	99.5172
1585480042.7241654	2020-03-29 19:07:22	5	12	22.0	22.8996	99.5172
1585480084.4261694	2020-03-29 19:08:04	5	12	22.0	22.8996	99.5172
1585480203.5954628	2020-03-29 19:10:03	5	12	22.0	22.8996	99.5172
1585480238.6295359	2020-03-29 19:10:38	5	12	22.0	22.8996	99.5172
1585480275.7852888	2020-03-29 19:11:15	5	12	22.0	22.8996	99.5172
1585480310.0904059	2020-03-29 19:11:50	5	12	22.0	22.8996	99.5172
1585480345.9300978	2020-03-29 19:12:25	5	12	22.0	22.8996	99.5172
1585480380.0289426	2020-03-29 19:13:00	5	12	22.0	22.8996	99.5172
1585480414.6420937	2020-03-29 19:13:34	5	12	22.0	22.8996	99.5172
1585480448.7503455	2020-03-29 19:14:08	5	12	22.0	22.8996	99.5172
1585480486.8340545	2020-03-29 19:14:46	5	12	22.0	22.8996	99.5172
1585480520.7932851	2020-03-29 19:15:20	5	12	22.0	22.8996	99.5172
1585480554.8061299	2020-03-29 19:15:54	5	12	22.0	22.8996	99.5172
1585480588.7129321	2020-03-29 19:16:28	5	12	22.0	22.8996	99.5172
1585480622.8044322	2020-03-29 19:17:02	5	12	22.0	22.8996	99.5172
1585480656.7976906	2020-03-29 19:17:36	5	12	22.0	22.8996	99.5172
1585480690.9063437	2020-03-29 19:18:10	5	12	22.0	22.8996	99.5172
1585480729.5238988	2020-03-29 19:18:49	5	12	22.0	22.8996	99.5172
1585480765.0567472	2020-03-29 19:19:25	5	12	22.0	22.8996	99.5172
1585480798.9360404	2020-03-29 19:19:58	5	12	22.0	22.8996	99.5172
1585480832.9012825	2020-03-29 19:20:32	5	12	22.0	22.8996	99.5172
1585480866.8275316	2020-03-29 19:21:06	5	12	22.0	22.8996	99.5172
1585480901.1192775	2020-03-29 19:21:41	5	12	22.0	22.8996	99.5172
1585480934.9665918	2020-03-29 19:22:14	5	12	22.0	22.8996	99.5172
1585480967.3218083	2020-03-29 19:22:47	5	12	22.0	22.8996	99.5172
1585481005.5965655	2020-03-29 19:23:25	5	12	22.0	22.8996	99.5172
1585481039.0872312	2020-03-29 19:23:59	5	12	22.0	22.8996	99.5172
1585481118.5432134	2020-03-29 19:25:18	5	12	22.0	22.8996	99.5172
1585481152.8679452	2020-03-29 19:25:52	5	12	22.0	22.8996	99.5172
1585481185.4780986	2020-03-29 19:26:25	5	12	22.0	22.8996	99.5172
1585481219.9296527	2020-03-29 19:26:59	5	12	22.0	22.8996	99.5172
1585481258.3205957	2020-03-29 19:27:38	5	12	22.0	22.8996	99.5172
1585481292.4198925	2020-03-29 19:28:12	5	12	22.0	22.8996	99.5172
1585481333.3805201	2020-03-29 19:28:53	5	12	22.0	22.8996	99.5172
1585481367.2005005	2020-03-29 19:29:27	5	12	22.0	22.8996	99.5172
1585481405.4409223	2020-03-29 19:30:05	5	12	22.0	22.8996	99.5172
1585481450.2209008	2020-03-29 19:30:50	5	12	22.0	22.8996	99.5172
1585481484.1155903	2020-03-29 19:31:24	5	12	22.0	22.8996	99.5172
1585481533.0618076	2020-03-29 19:32:13	5	12	22.0	22.8996	99.5172
1585481567.0874619	2020-03-29 19:32:47	5	12	22.0	22.8996	99.5172
1585481599.5553701	2020-03-29 19:33:19	5	12	22.0	22.8996	99.5172
1585481633.7228818	2020-03-29 19:33:53	5	12	22.0	22.8996	99.5172
1585481668.2315066	2020-03-29 19:34:28	5	12	22.0	22.8996	99.5172
1585481702.7453015	2020-03-29 19:35:02	5	12	22.0	22.8996	99.5172
1585493825.4768882	2020-03-29 22:57:05	5	12	22.0	23.0058	99.5172
1585493859.7574427	2020-03-29 22:57:39	5	12	22.0	23.22	64.103
1585493893.9593413	2020-03-29 22:58:13	5	12	22.0	23.22	60.8147
1585493928.0604341	2020-03-29 22:58:48	5	12	22.0	23.22	60.4893
1585493962.0993640	2020-03-29 22:59:22	5	12	22.0	23.22	60.4893
1585493996.1669283	2020-03-29 22:59:56	5	12	22.0	23.4012	60.4893
1585524237.5874608	2020-03-30 07:23:57	5	12	22.0	21.5424	60.4893
1585524271.4034152	2020-03-30 07:24:31	5	12	22.0	21.5424	60.4893
1585524305.5031617	2020-03-30 07:25:05	5	12	22.0	21.5424	60.4893
1585524339.3979125	2020-03-30 07:25:39	5	12	22.0	21.5424	60.4893
1585524373.4630163	2020-03-30 07:26:13	5	12	22.0	21.5424	60.4893
1585524407.5946448	2020-03-30 07:26:47	5	12	22.0	21.5424	60.4893
1585524438.7369440	2020-03-30 07:27:18	5	12	22.0	21.5424	60.4893
1585524471.9337687	2020-03-30 07:27:51	5	12	22.0	21.5424	60.4893
1585524503.1801217	2020-03-30 07:28:23	5	12	22.0	21.5424	60.4893
1585524536.2912757	2020-03-30 07:28:56	5	12	22.0	21.5424	60.4893
1585524570.0485654	2020-03-30 07:29:30	5	12	22.0	21.5424	60.4893
1585524604.0090261	2020-03-30 07:30:04	5	12	22.0	21.5424	60.4893
1585524638.0105112	2020-03-30 07:30:38	5	12	22.0	21.5424	60.4893
1585524672.0475352	2020-03-30 07:31:12	5	12	22.0	21.5424	60.4893
1585524706.0794380	2020-03-30 07:31:46	5	12	22.0	21.5424	60.4893
1585524740.1123304	2020-03-30 07:32:20	5	12	22.0	21.5424	60.4893
1585524774.1826131	2020-03-30 07:32:54	5	12	22.0	21.5424	60.4893
1585524808.2218275	2020-03-30 07:33:28	5	12	22.0	21.5424	60.4893
1585524842.2663870	2020-03-30 07:34:02	5	12	22.0	21.5424	60.4893
1585524876.3032663	2020-03-30 07:34:36	5	12	22.0	21.5424	60.4893
1585524910.2698002	2020-03-30 07:35:10	5	12	22.0	21.5424	60.4893
1585524944.3616524	2020-03-30 07:35:44	5	12	22.0	21.5424	60.4893
1585524978.3254097	2020-03-30 07:36:18	5	12	22.0	21.5424	60.4893
1585525012.3584590	2020-03-30 07:36:52	5	12	22.0	21.5424	60.4893
1585525046.4441340	2020-03-30 07:37:26	5	12	22.0	21.5424	60.4893
1585525080.5490024	2020-03-30 07:38:00	5	12	22.0	21.5424	60.4893
1585525114.5680890	2020-03-30 07:38:34	5	12	22.0	21.5424	60.4893
1585525147.0401077	2020-03-30 07:39:07	5	12	22.0	21.5424	60.4893
1585525181.2352774	2020-03-30 07:39:41	5	12	22.0	21.5424	60.4893
1585525215.4349775	2020-03-30 07:40:15	5	12	22.0	21.5424	60.4893
