1:13:39:10	8	5	22.0	19.9185	40.5859
1:13:40:10	8	5	22.0	20.1986	40.4468
1:13:41:10	8	5	22.0	20.4686	40.4468
1:13:42:10	8	5	22.0	20.7289	40.4468
1:13:43:15	8	5	22.0	20.9798	40.4468
1:13:44:20	8	5	22.0	21.2218	40.4468
1:13:45:20	8	5	22.0	21.4551	40.4468
1:13:46:20	8	5	22.0	21.68	40.4468
1:13:47:20	8	5	22.0	21.8969	40.4468
1:13:48:25	8	5	22.0	22.1059	40.4468
1:13:49:25	8	5	22.0	22.3074	40.4468
1:13:50:25	8	5	22.0	22.5016	40.4468
1:13:51:30	8	5	22.0	22.8694	40.4468
1:13:52:30	8	5	22.0	23.0433	40.4468
1:13:53:30	8	5	22.0	23.211	40.4468
1:13:54:35	8	5	22.0	23.3725	40.4468
1:13:55:35	8	5	22.0	23.5281	40.4468
1:13:56:45	8	5	22.0	23.6782	40.4468
1:13:57:50	8	5	22.0	23.8227	40.4468
1:13:58:50	8	5	22.0	23.9644	40.4468
1:13:59:55	8	5	22.0	24.1009	40.4468
1:14:0:55	8	5	22.0	24.2323	40.4468
1:14:1:55	8	5	22.0	24.3589	40.4468
1:14:2:55	8	5	22.0	24.4808	40.4468
1:14:4:0	8	5	22.0	24.598	40.4468
1:14:5:0	8	5	22.0	24.7109	40.4468
1:14:6:0	8	5	22.0	24.8196	40.4468
1:14:7:0	8	5	22.0	24.924	40.4468
1:14:8:5	8	5	22.0	25.0246	40.4468
1:14:9:5	8	5	22.0	25.1213	40.4468
1:14:10:5	8	5	22.0	25.2143	40.4468
1:14:11:5	8	5	22.0	25.3037	40.4468
1:14:12:10	8	5	22.0	25.3037	40.4468
1:14:13:10	8	5	22.0	25.4771	40.4468
1:14:14:10	8	5	22.0	25.5588	40.4468
1:14:15:10	8	5	22.0	25.6374	40.4468
1:14:16:15	8	5	22.0	25.7128	40.4468
1:14:17:15	8	5	22.0	25.7128	40.4468
1:14:18:15	8	5	22.0	25.8549	40.4468
1:14:19:20	8	5	22.0	25.9217	40.4468
1:14:20:20	8	5	22.0	25.9217	40.4468
1:14:21:20	8	5	22.0	26.0474	40.4468
1:14:22:20	8	5	22.0	26.1065	40.4468
1:14:23:25	8	5	22.0	26.1065	40.4468
1:14:24:25	8	5	22.0	26.2175	40.4468
1:14:25:25	8	5	22.0	26.2175	40.4468
1:14:26:25	8	5	22.0	26.3245	40.4468
1:14:27:30	8	5	22.0	26.4228	40.4468
1:14:28:30	8	5	22.0	26.4228	40.4468
1:14:29:30	8	5	22.0	26.513	40.4468
1:14:30:30	8	5	22.0	26.513	40.4468
1:14:31:35	8	5	22.0	26.513	40.4468
1:14:32:35	8	5	22.0	26.6364	40.4468
1:14:33:35	8	5	22.0	26.6364	40.4468
1:14:34:40	8	5	22.0	26.7127	40.4468
1:14:35:40	8	5	22.0	26.7127	40.4468
1:14:36:40	8	5	22.0	26.7127	40.4468
1:14:37:40	8	5	22.0	26.8147	40.4468
1:14:38:45	8	5	22.0	26.8147	40.4468
1:14:39:45	8	5	22.0	26.8147	40.4468
1:14:40:45	8	5	22.0	26.9031	40.4468
1:14:41:45	8	5	22.0	26.9031	40.4468
1:14:42:50	8	5	22.0	26.9031	40.4468
1:14:43:50	8	5	22.0	26.9031	40.4468
1:14:44:50	8	5	22.0	27.0105	40.4468
1:14:45:50	8	5	22.0	27.0105	40.4468
1:14:46:55	8	5	22.0	27.0105	40.4468
1:14:47:55	8	5	22.0	27.0105	40.4468
1:14:48:55	8	5	22.0	27.0105	40.4468
1:14:50:0	8	5	22.0	27.1164	40.4468
1:14:51:0	8	5	22.0	27.1164	40.4468
1:14:52:0	8	5	22.0	27.1164	40.4468
1:14:53:0	8	5	22.0	27.1164	40.4468
1:14:54:5	8	5	22.0	27.1164	40.4468
1:14:55:5	8	5	22.0	27.2066	40.4468
1:14:56:5	8	5	22.0	27.2066	40.4468
1:14:57:5	8	5	22.0	27.2066	40.4468
1:14:58:10	8	5	22.0	27.2066	40.4468
1:14:59:10	8	5	22.0	27.2066	40.4468
1:15:0:10	8	5	22.0	27.2066	40.4468
1:15:1:10	8	5	22.0	27.3029	40.4468
1:15:2:15	8	5	22.0	27.3029	40.4468
1:15:3:15	8	5	22.0	27.3029	40.4468
1:15:4:15	8	5	22.0	27.3029	40.4468
1:15:5:15	8	5	22.0	27.3029	40.4468
1:15:6:20	8	5	22.0	27.3029	40.4468
1:15:7:20	8	5	22.0	27.3029	40.4468
1:15:8:20	8	5	22.0	27.3029	40.4468
1:15:9:20	8	5	22.0	27.3029	40.4468
1:15:10:25	8	5	22.0	27.4039	40.4468
1:15:11:25	8	5	22.0	27.4039	40.4468
1:15:12:25	8	5	22.0	27.4039	40.4468
1:15:13:30	8	5	22.0	27.4039	40.4468
1:15:14:30	8	5	22.0	27.4039	40.4468
1:15:15:30	8	5	22.0	27.4039	40.4468
1:15:16:30	8	5	22.0	27.4039	40.4468
1:15:17:35	8	5	22.0	27.4039	40.4468
1:15:18:35	8	5	22.0	27.4039	40.4468
1:15:19:35	8	5	22.0	27.4039	40.4468
1:15:20:35	8	5	22.0	27.4039	40.4468
1:15:21:40	8	5	22.0	27.4039	40.4468
1:15:22:40	8	5	22.0	27.4039	40.4468
1:15:23:45	8	5	22.0	27.4039	40.4468
1:15:24:45	8	5	22.0	27.4039	40.4468
1:15:25:45	8	5	22.0	27.4039	40.4468
1:15:26:45	8	5	22.0	27.4039	40.4468
1:15:27:50	8	5	22.0	27.4039	40.4468
1:15:28:55	8	5	22.0	27.4039	40.4468
1:15:30:0	8	5	22.0	27.4039	40.4468
1:15:31:0	8	5	22.0	27.4039	40.4468
1:15:32:0	8	5	22.0	27.4039	40.4468
1:15:33:0	8	5	22.0	27.4039	40.4468
1:15:34:5	8	5	22.0	27.4039	40.4468
1:15:35:5	8	5	22.0	27.4039	40.4468
1:15:36:5	8	5	22.0	27.4039	40.4468
1:15:37:5	8	5	22.0	27.4039	40.4468
1:15:38:10	8	5	22.0	27.4039	40.4468
1:15:39:10	8	5	22.0	27.4039	40.4468
1:15:40:10	8	5	22.0	27.4039	40.4468
1:15:41:10	8	5	22.0	27.4039	40.4468
1:15:42:15	8	5	22.0	27.4039	40.4468
1:15:43:15	8	5	22.0	27.4039	40.4468
1:15:44:15	8	5	22.0	27.4039	40.4468
1:15:45:20	8	5	22.0	27.4039	40.4468
1:15:46:20	8	5	22.0	27.4039	40.4468
1:15:47:20	8	5	22.0	27.4039	40.4468
1:15:48:20	8	5	22.0	27.4039	40.4468
1:15:49:20	8	5	22.0	27.4039	40.4468
1:15:50:25	8	5	22.0	27.4039	40.4468
1:15:51:25	8	5	22.0	27.3965	40.4468
1:15:52:25	8	5	22.0	27.3965	40.4468
1:15:53:30	8	5	22.0	27.3965	40.4468
1:15:54:30	8	5	22.0	27.3965	40.4468
1:15:55:30	8	5	22.0	27.3965	40.4468
1:15:56:30	8	5	22.0	27.3965	40.4468
1:15:57:35	8	5	22.0	27.3965	40.4468
1:15:58:35	8	5	22.0	27.3965	40.4468
1:15:59:35	8	5	22.0	27.3965	40.4468
1:16:0:35	8	5	22.0	27.3965	40.4468
1:16:1:40	8	5	22.0	27.3965	40.4468
1:16:2:40	8	5	22.0	27.2923	40.4468
1:16:3:40	8	5	22.0	27.2923	40.4468
1:16:4:45	8	5	22.0	27.2923	40.4468
1:16:5:45	8	5	22.0	27.2923	40.4468
1:16:6:45	8	5	22.0	27.2923	40.4468
1:16:7:45	8	5	22.0	27.2923	40.4468
1:16:8:50	8	5	22.0	27.2923	40.4468
1:16:9:50	8	5	22.0	27.2923	40.4468
1:16:10:50	8	5	22.0	27.1926	40.4468
1:16:11:50	8	5	22.0	27.1926	40.4468
1:16:12:55	8	5	22.0	27.1926	40.4468
1:16:13:55	8	5	22.0	27.1926	40.4468
1:16:14:55	8	5	22.0	27.1926	40.4468
1:16:15:55	8	5	22.0	27.1926	40.4468
1:16:17:0	8	5	22.0	27.1926	40.4468
1:16:18:0	8	5	22.0	27.0843	40.4468
1:16:19:0	8	5	22.0	27.0843	40.4468
1:16:20:5	8	5	22.0	27.0843	40.4468
1:16:21:5	8	5	22.0	27.0843	40.4468
1:16:22:5	8	5	22.0	27.0843	40.4468
1:16:23:5	8	5	22.0	26.997	40.4468
1:16:24:10	8	5	22.0	26.997	40.4468
1:16:25:10	8	5	22.0	26.997	40.4468
1:16:26:10	8	5	22.0	26.997	40.4468
1:16:27:10	8	5	22.0	26.997	40.4468
1:16:28:15	8	5	22.0	26.997	40.4468
1:16:29:15	8	5	22.0	26.8831	40.4468
1:16:30:15	8	5	22.0	26.8831	40.4468
1:16:31:15	8	5	22.0	26.8831	40.4468
1:16:32:20	8	5	22.0	26.8831	40.4468
1:16:33:20	8	5	22.0	26.8831	40.4468
1:16:34:20	8	5	22.0	26.7817	40.4468
1:16:35:25	8	5	22.0	26.7817	40.4468
1:16:36:25	8	5	22.0	26.7817	40.4468
1:16:37:25	8	5	22.0	26.7817	40.4468
1:16:38:25	8	5	22.0	26.6974	40.4468
1:16:39:30	8	5	22.0	26.6974	40.4468
1:16:40:30	8	5	22.0	26.7557	20.669
1:16:41:30	8	5	22.0	26.8567	20.4895
1:16:42:35	8	5	22.0	26.9549	20.4895
1:16:43:35	8	5	22.0	27.0504	20.4895
1:16:44:35	8	5	22.0	27.1433	20.4895
1:16:45:35	8	5	22.0	27.2336	20.4895
1:16:46:40	8	5	22.0	27.3213	20.4895
1:16:47:40	8	5	22.0	27.4065	20.4895
1:16:48:40	8	5	22.0	27.4065	20.4895
1:16:49:40	8	5	22.0	27.5698	20.4895
1:16:50:45	8	5	22.0	27.6479	20.4895
1:16:51:45	8	5	22.0	27.7237	20.4895
1:16:52:45	8	5	22.0	27.7237	20.4895
1:16:53:45	8	5	22.0	27.8683	20.4895
1:16:54:50	8	5	22.0	27.9373	20.4895
1:16:55:50	8	5	22.0	28.004	20.4895
1:16:56:50	8	5	22.0	28.004	20.4895
1:16:57:50	8	5	22.0	28.1312	20.4895
1:16:58:55	8	5	22.0	28.1312	20.4895
1:16:59:55	8	5	22.0	28.2501	20.4895
1:17:0:55	8	5	22.0	28.3066	20.4895
1:17:2:0	8	5	22.0	28.3066	20.4895
1:17:3:0	8	5	22.0	28.4136	20.4895
1:17:4:0	8	5	22.0	28.4136	20.4895
1:17:5:0	8	5	22.0	28.5129	20.4895
1:17:6:5	8	5	22.0	28.5129	20.4895
1:17:7:5	8	5	22.0	28.6048	20.4895
1:17:8:5	8	5	22.0	28.6048	20.4895
1:17:9:5	8	5	22.0	28.6048	20.4895
1:17:10:10	8	5	22.0	28.7294	20.4895
1:17:11:10	8	5	22.0	28.7294	20.4895
1:17:12:10	8	5	22.0	28.804	20.4895
1:17:13:10	8	5	22.0	28.804	20.4895
1:17:14:15	8	5	22.0	28.804	20.4895
1:17:15:15	8	5	22.0	28.9035	20.4895
1:17:16:15	8	5	22.0	28.9035	20.4895
1:17:17:20	8	5	22.0	28.9035	20.4895
1:17:18:20	8	5	22.0	28.9035	20.4895
1:17:19:20	8	5	22.0	29.0146	20.4895
1:17:20:20	8	5	22.0	29.0146	20.4895
1:17:21:25	8	5	22.0	29.0146	20.4895
1:17:22:25	8	5	22.0	29.0146	20.4895
1:17:23:25	8	5	22.0	29.1026	20.4895
1:17:24:25	8	5	22.0	29.1026	20.4895
1:17:25:30	8	5	22.0	29.1026	20.4895
1:17:26:30	8	5	22.0	29.1026	20.4895
1:17:27:30	8	5	22.0	29.1026	20.4895
1:17:28:30	8	5	22.0	29.1026	20.4895
1:17:29:35	8	5	22.0	29.2053	20.4895
1:17:30:35	8	5	22.0	29.2053	20.4895
1:17:31:35	8	5	22.0	29.2053	20.4895
1:17:32:40	8	5	22.0	29.2053	20.4895
1:17:33:40	8	5	22.0	29.2053	20.4895
1:17:34:40	8	5	22.0	29.2053	20.4895
1:17:35:40	8	5	22.0	29.2053	20.4895
1:17:36:45	8	5	22.0	29.2053	20.4895
1:17:37:45	8	5	22.0	29.2053	20.4895
1:17:38:45	8	5	22.0	29.2053	20.4895
1:17:39:45	8	5	22.0	29.2053	20.4895
1:17:40:50	8	5	22.0	29.2053	20.4895
1:17:41:50	8	5	22.0	29.2053	20.4895
1:17:42:50	8	5	22.0	29.2053	20.4895
1:17:43:55	8	5	22.0	29.2053	20.4895
1:17:44:55	8	5	22.0	29.2053	20.4895
1:17:45:55	8	5	22.0	29.2053	20.4895
1:17:46:55	8	5	22.0	29.2053	20.4895
1:17:48:0	8	5	22.0	29.2053	20.4895
1:17:49:0	8	5	22.0	29.1991	20.4895
1:17:50:0	8	5	22.0	29.1991	20.4895
1:17:51:0	8	5	22.0	29.1991	20.4895
1:17:52:5	8	5	22.0	29.1991	20.4895
1:17:53:5	8	5	22.0	29.1991	20.4895
1:17:54:5	8	5	22.0	29.1991	20.4895
1:17:55:10	8	5	22.0	29.1991	20.4895
1:17:56:10	8	5	22.0	29.1991	20.4895
1:17:57:10	8	5	22.0	29.0968	20.4895
1:17:58:10	8	5	22.0	29.0968	20.4895
1:17:59:15	8	5	22.0	29.0968	20.4895
1:18:0:15	8	5	22.0	29.0968	20.4895
1:18:1:15	8	5	22.0	29.0968	20.4895
1:18:2:15	8	5	22.0	29.0968	20.4895
1:18:3:20	8	5	22.0	28.9905	20.4895
1:18:4:20	8	5	22.0	28.9905	20.4895
1:18:5:20	8	5	22.0	28.9905	20.4895
1:18:6:20	8	5	22.0	28.9905	20.4895
1:18:7:25	8	5	22.0	28.9905	20.4895
1:18:8:25	8	5	22.0	28.8988	20.4895
1:18:9:25	8	5	22.0	28.8988	20.4895
1:18:10:25	8	5	22.0	28.8988	20.4895
1:18:11:30	8	5	22.0	28.8988	20.4895
1:18:12:30	8	5	22.0	28.8988	20.4895
1:18:13:30	8	5	22.0	28.79	20.4895
1:18:14:30	8	5	22.0	28.79	20.4895
1:18:15:35	8	5	22.0	28.79	20.4895
1:18:16:35	8	5	22.0	28.79	20.4895
1:18:17:35	8	5	22.0	28.79	20.4895
1:18:18:40	8	5	22.0	28.79	20.4895
1:18:19:40	8	5	22.0	28.6824	20.4895
1:18:20:40	8	5	22.0	28.6824	20.4895
1:18:21:40	8	5	22.0	28.6824	20.4895
1:18:22:45	8	5	22.0	28.6824	20.4895
1:18:23:45	8	5	22.0	28.6824	20.4895
1:18:24:45	8	5	22.0	28.5914	20.4895
1:18:25:45	8	5	22.0	28.5914	20.4895
1:18:26:50	8	5	22.0	28.5914	20.4895
1:18:27:50	8	5	22.0	28.5914	20.4895
1:18:28:50	8	5	22.0	28.5914	20.4895
1:18:29:50	8	5	22.0	28.4998	20.4895
1:18:30:55	8	5	22.0	28.4998	20.4895
1:18:31:55	8	5	22.0	28.4998	20.4895
1:18:32:55	8	5	22.0	28.4998	20.4895
1:18:34:0	8	5	22.0	28.4998	20.4895
1:18:35:0	8	5	22.0	28.4998	20.4895
1:18:36:0	8	5	22.0	28.3911	20.4895
1:18:37:0	8	5	22.0	28.3911	20.4895
1:18:38:5	8	5	22.0	28.3911	20.4895
1:18:39:5	8	5	22.0	28.3911	20.4895
1:18:40:5	8	5	22.0	28.3911	20.4895
1:18:41:5	8	5	22.0	28.3911	20.4895
1:18:42:10	8	5	22.0	28.2837	20.4895
1:18:43:10	8	5	22.0	28.2837	20.4895
1:18:44:10	8	5	22.0	28.2837	20.4895
1:18:45:10	8	5	22.0	28.2837	20.4895
1:18:46:15	8	5	22.0	28.2837	20.4895
1:18:47:15	8	5	22.0	28.195	20.4895
1:18:48:15	8	5	22.0	28.195	20.4895
1:18:49:15	8	5	22.0	28.195	20.4895
1:18:50:20	8	5	22.0	28.195	20.4895
1:18:51:20	8	5	22.0	28.195	20.4895
1:18:52:20	8	5	22.0	28.195	20.4895
1:18:53:25	8	5	22.0	28.0896	20.4895
1:18:54:25	8	5	22.0	28.0896	20.4895
1:18:55:25	8	5	22.0	28.0896	20.4895
1:18:56:25	8	5	22.0	28.0896	20.4895
1:18:57:30	8	5	22.0	28.0896	20.4895
1:18:58:30	8	5	22.0	27.9851	20.4895
1:18:59:30	8	5	22.0	27.9851	20.4895
1:19:0:30	8	5	22.0	27.9851	20.4895
1:19:1:35	8	5	22.0	27.9851	20.4895
1:19:2:35	8	5	22.0	27.9851	20.4895
1:19:3:35	8	5	22.0	27.8992	20.4895
1:19:4:40	8	5	22.0	27.8992	20.4895
1:19:5:40	8	5	22.0	27.8992	20.4895
1:19:6:40	8	5	22.0	27.8992	20.4895
1:19:7:40	8	5	22.0	27.8992	20.4895
1:19:8:45	8	5	22.0	27.8992	20.4895
1:19:9:45	8	5	22.0	27.7986	20.4895
1:19:10:45	8	5	22.0	27.7986	20.4895
1:19:11:45	8	5	22.0	27.7986	20.4895
1:19:12:50	8	5	22.0	27.7986	20.4895
1:19:13:50	8	5	22.0	27.7986	20.4895
1:19:14:50	8	5	22.0	27.7986	20.4895
1:19:15:50	8	5	22.0	27.7986	20.4895
1:19:16:55	8	5	22.0	27.6844	20.4895
1:19:17:55	8	5	22.0	27.6844	20.4895
1:19:18:55	8	5	22.0	27.6844	20.4895
1:19:19:55	8	5	22.0	27.6844	20.4895
1:19:21:0	8	5	22.0	27.6844	20.4895
1:19:22:0	8	5	22.0	27.6844	20.4895
1:19:23:0	8	5	22.0	27.5889	20.4895
1:19:24:5	8	5	22.0	27.5889	20.4895
1:19:25:5	8	5	22.0	27.5889	20.4895
1:19:26:5	8	5	22.0	27.5889	20.4895
1:19:27:5	8	5	22.0	27.5889	20.4895
1:19:28:10	8	5	22.0	27.5889	20.4895
1:19:29:10	8	5	22.0	27.4956	20.4895
1:19:30:10	8	5	22.0	27.4956	20.4895
1:19:31:10	8	5	22.0	27.4956	20.4895
1:19:32:15	8	5	22.0	27.4956	20.4895
1:19:33:15	8	5	22.0	27.4956	20.4895
1:19:34:15	8	5	22.0	27.4956	20.4895
1:19:35:15	8	5	22.0	27.4956	20.4895
1:19:36:20	8	5	22.0	27.3891	20.4895
1:19:37:20	8	5	22.0	27.3891	20.4895
1:19:38:20	8	5	22.0	27.3891	20.4895
