1:13:39:10	8	1	22.0	19.4592	40.5859
1:13:40:10	8	1	22.0	19.6567	40.4468
1:13:41:10	8	1	22.0	19.848	40.4468
1:13:42:10	8	1	22.0	20.0334	40.4468
1:13:43:15	8	1	22.0	20.213	40.4468
1:13:44:20	8	1	22.0	20.3871	40.4468
1:13:45:20	8	1	22.0	20.5558	40.4468
1:13:46:20	8	1	22.0	20.7195	40.4468
1:13:47:20	8	1	22.0	20.878	40.4468
1:13:48:25	8	1	22.0	21.0316	40.4468
1:13:49:25	8	1	22.0	21.1805	40.4468
1:13:50:25	8	1	22.0	21.3248	40.4468
1:13:51:25	8	1	22.0	21.4647	40.4468
1:13:52:30	8	1	22.0	21.7318	40.4468
1:13:53:30	8	1	22.0	21.8593	40.4468
1:13:54:30	8	1	22.0	21.9828	40.4468
1:13:55:35	8	1	22.0	22.1024	40.4468
1:13:56:45	8	1	22.0	22.2185	40.4468
1:13:57:50	8	1	22.0	22.3331	40.4468
1:13:58:50	8	1	22.0	22.4441	40.4468
1:13:59:50	8	1	22.0	22.5517	40.4468
1:14:0:55	8	1	22.0	22.6559	40.4468
1:14:1:55	8	1	22.0	22.7569	40.4468
1:14:2:55	8	1	22.0	22.8548	40.4468
1:14:3:55	8	1	22.0	22.9496	40.4468
1:14:5:0	8	1	22.0	23.0414	40.4468
1:14:6:0	8	1	22.0	23.1303	40.4468
1:14:7:0	8	1	22.0	23.2164	40.4468
1:14:8:5	8	1	22.0	23.2164	40.4468
1:14:9:5	8	1	22.0	23.3806	40.4468
1:14:10:5	8	1	22.0	23.4588	40.4468
1:14:11:5	8	1	22.0	23.537	40.4468
1:14:12:10	8	1	22.0	23.6127	40.4468
1:14:13:10	8	1	22.0	23.6127	40.4468
1:14:14:10	8	1	22.0	23.7569	40.4468
1:14:15:10	8	1	22.0	23.8256	40.4468
1:14:16:15	8	1	22.0	23.8256	40.4468
1:14:17:15	8	1	22.0	23.9565	40.4468
1:14:18:15	8	1	22.0	24.019	40.4468
1:14:19:15	8	1	22.0	24.019	40.4468
1:14:20:20	8	1	22.0	24.1378	40.4468
1:14:21:20	8	1	22.0	24.1378	40.4468
1:14:22:20	8	1	22.0	24.2493	40.4468
1:14:23:25	8	1	22.0	24.3023	40.4468
1:14:24:25	8	1	22.0	24.3023	40.4468
1:14:25:25	8	1	22.0	24.4076	40.4468
1:14:26:25	8	1	22.0	24.4076	40.4468
1:14:27:30	8	1	22.0	24.5063	40.4468
1:14:28:30	8	1	22.0	24.5063	40.4468
1:14:29:30	8	1	22.0	24.6427	40.4468
1:14:30:30	8	1	22.0	24.6427	40.4468
1:14:31:35	8	1	22.0	24.7284	40.4468
1:14:32:35	8	1	22.0	24.7284	40.4468
1:14:33:35	8	1	22.0	24.8104	40.4468
1:14:34:35	8	1	22.0	24.8104	40.4468
1:14:35:40	8	1	22.0	24.8104	40.4468
1:14:36:40	8	1	22.0	24.9237	40.4468
1:14:37:40	8	1	22.0	24.9237	40.4468
1:14:38:40	8	1	22.0	24.9237	40.4468
1:14:39:45	8	1	22.0	25.0262	40.4468
1:14:40:45	8	1	22.0	25.0262	40.4468
1:14:41:45	8	1	22.0	25.0262	40.4468
1:14:42:45	8	1	22.0	25.1244	40.4468
1:14:43:50	8	1	22.0	25.1244	40.4468
1:14:44:50	8	1	22.0	25.1244	40.4468
1:14:45:50	8	1	22.0	25.2132	40.4468
1:14:46:55	8	1	22.0	25.2132	40.4468
1:14:47:55	8	1	22.0	25.2132	40.4468
1:14:48:55	8	1	22.0	25.2132	40.4468
1:14:49:55	8	1	22.0	25.32	40.4468
1:14:51:0	8	1	22.0	25.32	40.4468
1:14:52:0	8	1	22.0	25.32	40.4468
1:14:53:0	8	1	22.0	25.32	40.4468
1:14:54:0	8	1	22.0	25.4182	40.4468
1:14:55:5	8	1	22.0	25.4182	40.4468
1:14:56:5	8	1	22.0	25.4182	40.4468
1:14:57:5	8	1	22.0	25.4182	40.4468
1:14:58:10	8	1	22.0	25.5112	40.4468
1:14:59:10	8	1	22.0	25.5112	40.4468
1:15:0:10	8	1	22.0	25.5112	40.4468
1:15:1:10	8	1	22.0	25.5112	40.4468
1:15:2:15	8	1	22.0	25.5112	40.4468
1:15:3:15	8	1	22.0	25.6206	40.4468
1:15:4:15	8	1	22.0	25.6206	40.4468
1:15:5:15	8	1	22.0	25.6206	40.4468
1:15:6:20	8	1	22.0	25.6206	40.4468
1:15:7:20	8	1	22.0	25.6206	40.4468
1:15:8:20	8	1	22.0	25.715	40.4468
1:15:9:20	8	1	22.0	25.715	40.4468
1:15:10:25	8	1	22.0	25.715	40.4468
1:15:11:25	8	1	22.0	25.715	40.4468
1:15:12:25	8	1	22.0	25.715	40.4468
1:15:13:25	8	1	22.0	25.715	40.4468
1:15:14:30	8	1	22.0	25.8098	40.4468
1:15:15:30	8	1	22.0	25.8098	40.4468
1:15:16:30	8	1	22.0	25.8098	40.4468
1:15:17:30	8	1	22.0	25.8098	40.4468
1:15:18:35	8	1	22.0	25.8098	40.4468
1:15:19:35	8	1	22.0	25.8098	40.4468
1:15:20:35	8	1	22.0	25.9048	40.4468
1:15:21:40	8	1	22.0	25.9048	40.4468
1:15:22:40	8	1	22.0	25.9048	40.4468
1:15:23:40	8	1	22.0	25.9048	40.4468
1:15:24:45	8	1	22.0	25.9048	40.4468
1:15:25:45	8	1	22.0	25.9048	40.4468
1:15:26:45	8	1	22.0	25.9048	40.4468
1:15:27:50	8	1	22.0	25.9048	40.4468
1:15:28:55	8	1	22.0	25.9048	40.4468
1:15:29:55	8	1	22.0	25.9048	40.4468
1:15:31:0	8	1	22.0	26.0057	40.4468
1:15:32:0	8	1	22.0	26.0057	40.4468
1:15:33:0	8	1	22.0	26.0057	40.4468
1:15:34:5	8	1	22.0	26.0057	40.4468
1:15:35:5	8	1	22.0	26.0057	40.4468
1:15:36:5	8	1	22.0	26.0057	40.4468
1:15:37:5	8	1	22.0	26.0057	40.4468
1:15:38:10	8	1	22.0	26.0057	40.4468
1:15:39:10	8	1	22.0	26.0057	40.4468
1:15:40:10	8	1	22.0	26.0057	40.4468
1:15:41:10	8	1	22.0	26.0057	40.4468
1:15:42:15	8	1	22.0	26.0057	40.4468
1:15:43:15	8	1	22.0	26.0057	40.4468
1:15:44:15	8	1	22.0	26.0057	40.4468
1:15:45:15	8	1	22.0	26.0057	40.4468
1:15:46:20	8	1	22.0	26.1024	40.4468
1:15:47:20	8	1	22.0	26.1024	40.4468
1:15:48:20	8	1	22.0	26.1024	40.4468
1:15:49:20	8	1	22.0	26.1024	40.4468
1:15:50:25	8	1	22.0	26.1024	40.4468
1:15:51:25	8	1	22.0	26.1024	40.4468
1:15:52:25	8	1	22.0	26.1024	40.4468
1:15:53:30	8	1	22.0	26.1024	40.4468
1:15:54:30	8	1	22.0	26.1024	40.4468
1:15:55:30	8	1	22.0	26.1024	40.4468
1:15:56:30	8	1	22.0	26.1024	40.4468
1:15:57:35	8	1	22.0	26.1024	40.4468
1:15:58:35	8	1	22.0	26.1024	40.4468
1:15:59:35	8	1	22.0	26.1024	40.4468
1:16:0:35	8	1	22.0	26.1024	40.4468
1:16:1:40	8	1	22.0	26.1024	40.4468
1:16:2:40	8	1	22.0	26.1024	40.4468
1:16:3:40	8	1	22.0	26.1024	40.4468
1:16:4:40	8	1	22.0	26.1024	40.4468
1:16:5:45	8	1	22.0	26.1024	40.4468
1:16:6:45	8	1	22.0	26.1024	40.4468
1:16:7:45	8	1	22.0	26.1024	40.4468
1:16:8:50	8	1	22.0	26.1024	40.4468
1:16:9:50	8	1	22.0	26.1024	40.4468
1:16:10:50	8	1	22.0	26.1024	40.4468
1:16:11:50	8	1	22.0	26.1024	40.4468
1:16:12:55	8	1	22.0	26.1024	40.4468
1:16:13:55	8	1	22.0	26.1024	40.4468
1:16:14:55	8	1	22.0	26.1024	40.4468
1:16:15:55	8	1	22.0	26.1024	40.4468
1:16:17:0	8	1	22.0	26.1024	40.4468
1:16:18:0	8	1	22.0	26.0986	40.4468
1:16:19:0	8	1	22.0	26.0986	40.4468
1:16:20:0	8	1	22.0	26.0986	40.4468
1:16:21:5	8	1	22.0	26.0986	40.4468
1:16:22:5	8	1	22.0	26.0986	40.4468
1:16:23:5	8	1	22.0	26.0986	40.4468
1:16:24:10	8	1	22.0	26.0986	40.4468
1:16:25:10	8	1	22.0	26.0986	40.4468
1:16:26:10	8	1	22.0	26.0986	40.4468
1:16:27:10	8	1	22.0	26.0986	40.4468
1:16:28:15	8	1	22.0	26.0986	40.4468
1:16:29:15	8	1	22.0	26.0986	40.4468
1:16:30:15	8	1	22.0	26.0986	40.4468
1:16:31:15	8	1	22.0	26.0986	40.4468
1:16:32:20	8	1	22.0	25.9978	40.4468
1:16:33:20	8	1	22.0	25.9978	40.4468
1:16:34:20	8	1	22.0	25.9978	40.4468
1:16:35:20	8	1	22.0	25.9978	40.4468
1:16:36:25	8	1	22.0	25.9978	40.4468
1:16:37:25	8	1	22.0	25.9978	40.4468
1:16:38:25	8	1	22.0	25.9978	40.4468
1:16:39:30	8	1	22.0	25.9978	40.4468
1:16:40:30	8	1	22.0	26.0055	20.669
1:16:41:30	8	1	22.0	26.0055	20.4895
1:16:42:30	8	1	22.0	26.1682	20.4895
1:16:43:35	8	1	22.0	26.2468	20.4895
1:16:44:35	8	1	22.0	26.3237	20.4895
1:16:45:35	8	1	22.0	26.3237	20.4895
1:16:46:40	8	1	22.0	26.4722	20.4895
1:16:47:40	8	1	22.0	26.5439	20.4895
1:16:48:40	8	1	22.0	26.6141	20.4895
1:16:49:40	8	1	22.0	26.6141	20.4895
1:16:50:45	8	1	22.0	26.7496	20.4895
1:16:51:45	8	1	22.0	26.8149	20.4895
1:16:52:45	8	1	22.0	26.8149	20.4895
1:16:53:45	8	1	22.0	26.941	20.4895
1:16:54:50	8	1	22.0	27.0018	20.4895
1:16:55:50	8	1	22.0	27.0018	20.4895
1:16:56:50	8	1	22.0	27.1189	20.4895
1:16:57:50	8	1	22.0	27.1189	20.4895
1:16:58:55	8	1	22.0	27.2303	20.4895
1:16:59:55	8	1	22.0	27.2303	20.4895
1:17:0:55	8	1	22.0	27.3361	20.4895
1:17:1:55	8	1	22.0	27.3361	20.4895
1:17:3:0	8	1	22.0	27.4366	20.4895
1:17:4:0	8	1	22.0	27.4366	20.4895
1:17:5:0	8	1	22.0	27.5318	20.4895
1:17:6:5	8	1	22.0	27.5318	20.4895
1:17:7:5	8	1	22.0	27.6218	20.4895
1:17:8:5	8	1	22.0	27.6218	20.4895
1:17:9:5	8	1	22.0	27.707	20.4895
1:17:10:10	8	1	22.0	27.707	20.4895
1:17:11:10	8	1	22.0	27.707	20.4895
1:17:12:10	8	1	22.0	27.8259	20.4895
1:17:13:10	8	1	22.0	27.8259	20.4895
1:17:14:15	8	1	22.0	27.8259	20.4895
1:17:15:15	8	1	22.0	27.9345	20.4895
1:17:16:15	8	1	22.0	27.9345	20.4895
1:17:17:15	8	1	22.0	28.0015	20.4895
1:17:18:20	8	1	22.0	28.0015	20.4895
1:17:19:20	8	1	22.0	28.0015	20.4895
1:17:20:20	8	1	22.0	28.0015	20.4895
1:17:21:25	8	1	22.0	28.123	20.4895
1:17:22:25	8	1	22.0	28.123	20.4895
1:17:23:25	8	1	22.0	28.123	20.4895
1:17:24:25	8	1	22.0	28.2039	20.4895
1:17:25:30	8	1	22.0	28.2039	20.4895
1:17:26:30	8	1	22.0	28.2039	20.4895
1:17:27:30	8	1	22.0	28.2039	20.4895
1:17:28:30	8	1	22.0	28.3202	20.4895
1:17:29:35	8	1	22.0	28.3202	20.4895
1:17:30:35	8	1	22.0	28.3202	20.4895
1:17:31:35	8	1	22.0	28.3202	20.4895
1:17:32:35	8	1	22.0	28.3202	20.4895
1:17:33:40	8	1	22.0	28.415	20.4895
1:17:34:40	8	1	22.0	28.415	20.4895
1:17:35:40	8	1	22.0	28.415	20.4895
1:17:36:45	8	1	22.0	28.415	20.4895
1:17:37:45	8	1	22.0	28.415	20.4895
1:17:38:45	8	1	22.0	28.415	20.4895
1:17:39:45	8	1	22.0	28.5001	20.4895
1:17:40:50	8	1	22.0	28.5001	20.4895
1:17:41:50	8	1	22.0	28.5001	20.4895
1:17:42:50	8	1	22.0	28.5001	20.4895
1:17:43:50	8	1	22.0	28.5001	20.4895
1:17:44:55	8	1	22.0	28.5001	20.4895
1:17:45:55	8	1	22.0	28.5001	20.4895
1:17:46:55	8	1	22.0	28.5001	20.4895
1:17:47:55	8	1	22.0	28.5001	20.4895
1:17:49:0	8	1	22.0	28.5001	20.4895
1:17:50:0	8	1	22.0	28.5001	20.4895
1:17:51:0	8	1	22.0	28.5001	20.4895
1:17:52:5	8	1	22.0	28.5001	20.4895
1:17:53:5	8	1	22.0	28.5001	20.4895
1:17:54:5	8	1	22.0	28.6023	20.4895
1:17:55:5	8	1	22.0	28.6023	20.4895
1:17:56:10	8	1	22.0	28.6023	20.4895
1:17:57:10	8	1	22.0	28.6023	20.4895
1:17:58:10	8	1	22.0	28.6023	20.4895
1:17:59:10	8	1	22.0	28.6023	20.4895
1:18:0:15	8	1	22.0	28.6023	20.4895
1:18:1:15	8	1	22.0	28.6023	20.4895
1:18:2:15	8	1	22.0	28.6023	20.4895
1:18:3:15	8	1	22.0	28.6023	20.4895
1:18:4:20	8	1	22.0	28.6023	20.4895
1:18:5:20	8	1	22.0	28.6023	20.4895
1:18:6:20	8	1	22.0	28.6023	20.4895
1:18:7:25	8	1	22.0	28.6023	20.4895
1:18:8:25	8	1	22.0	28.6023	20.4895
1:18:9:25	8	1	22.0	28.6023	20.4895
1:18:10:25	8	1	22.0	28.5985	20.4895
1:18:11:30	8	1	22.0	28.5985	20.4895
1:18:12:30	8	1	22.0	28.5985	20.4895
1:18:13:30	8	1	22.0	28.5985	20.4895
1:18:14:30	8	1	22.0	28.5985	20.4895
1:18:15:35	8	1	22.0	28.5985	20.4895
1:18:16:35	8	1	22.0	28.5985	20.4895
1:18:17:35	8	1	22.0	28.5985	20.4895
1:18:18:35	8	1	22.0	28.5985	20.4895
1:18:19:40	8	1	22.0	28.5985	20.4895
1:18:20:40	8	1	22.0	28.5985	20.4895
1:18:21:40	8	1	22.0	28.5985	20.4895
1:18:22:45	8	1	22.0	28.5985	20.4895
1:18:23:45	8	1	22.0	28.5985	20.4895
1:18:24:45	8	1	22.0	28.5985	20.4895
1:18:25:45	8	1	22.0	28.5985	20.4895
1:18:26:50	8	1	22.0	28.5985	20.4895
1:18:27:50	8	1	22.0	28.5985	20.4895
1:18:28:50	8	1	22.0	28.5985	20.4895
1:18:29:50	8	1	22.0	28.5985	20.4895
1:18:30:55	8	1	22.0	28.5985	20.4895
1:18:31:55	8	1	22.0	28.5985	20.4895
1:18:32:55	8	1	22.0	28.5985	20.4895
1:18:33:55	8	1	22.0	28.5985	20.4895
1:18:35:0	8	1	22.0	28.4989	20.4895
1:18:36:0	8	1	22.0	28.4989	20.4895
1:18:37:0	8	1	22.0	28.4989	20.4895
1:18:38:0	8	1	22.0	28.4989	20.4895
1:18:39:5	8	1	22.0	28.4989	20.4895
1:18:40:5	8	1	22.0	28.4989	20.4895
1:18:41:5	8	1	22.0	28.4989	20.4895
1:18:42:10	8	1	22.0	28.4989	20.4895
1:18:43:10	8	1	22.0	28.4989	20.4895
1:18:44:10	8	1	22.0	28.4989	20.4895
1:18:45:10	8	1	22.0	28.4989	20.4895
1:18:46:15	8	1	22.0	28.4989	20.4895
1:18:47:15	8	1	22.0	28.4989	20.4895
1:18:48:15	8	1	22.0	28.4989	20.4895
1:18:49:15	8	1	22.0	28.4989	20.4895
1:18:50:20	8	1	22.0	28.4989	20.4895
1:18:51:20	8	1	22.0	28.3985	20.4895
1:18:52:20	8	1	22.0	28.3985	20.4895
1:18:53:20	8	1	22.0	28.3985	20.4895
1:18:54:25	8	1	22.0	28.3985	20.4895
1:18:55:25	8	1	22.0	28.3985	20.4895
1:18:56:25	8	1	22.0	28.3985	20.4895
1:18:57:30	8	1	22.0	28.3985	20.4895
1:18:58:30	8	1	22.0	28.3985	20.4895
1:18:59:30	8	1	22.0	28.3985	20.4895
1:19:0:30	8	1	22.0	28.3985	20.4895
1:19:1:35	8	1	22.0	28.3985	20.4895
1:19:2:35	8	1	22.0	28.3985	20.4895
1:19:3:35	8	1	22.0	28.3985	20.4895
1:19:4:35	8	1	22.0	28.2963	20.4895
1:19:5:40	8	1	22.0	28.2963	20.4895
1:19:6:40	8	1	22.0	28.2963	20.4895
1:19:7:40	8	1	22.0	28.2963	20.4895
1:19:8:45	8	1	22.0	28.2963	20.4895
1:19:9:45	8	1	22.0	28.2963	20.4895
1:19:10:45	8	1	22.0	28.2963	20.4895
1:19:11:45	8	1	22.0	28.2963	20.4895
1:19:12:50	8	1	22.0	28.2963	20.4895
1:19:13:50	8	1	22.0	28.2963	20.4895
1:19:14:50	8	1	22.0	28.2963	20.4895
1:19:15:50	8	1	22.0	28.2963	20.4895
1:19:16:55	8	1	22.0	28.2963	20.4895
1:19:17:55	8	1	22.0	28.1987	20.4895
1:19:18:55	8	1	22.0	28.1987	20.4895
1:19:19:55	8	1	22.0	28.1987	20.4895
1:19:21:0	8	1	22.0	28.1987	20.4895
1:19:22:0	8	1	22.0	28.1987	20.4895
1:19:23:0	8	1	22.0	28.1987	20.4895
1:19:24:0	8	1	22.0	28.1987	20.4895
1:19:25:5	8	1	22.0	28.1987	20.4895
1:19:26:5	8	1	22.0	28.1987	20.4895
1:19:27:5	8	1	22.0	28.1987	20.4895
1:19:28:10	8	1	22.0	28.1987	20.4895
1:19:29:10	8	1	22.0	28.1987	20.4895
1:19:30:10	8	1	22.0	28.1987	20.4895
1:19:31:10	8	1	22.0	28.1987	20.4895
1:19:32:15	8	1	22.0	28.0931	20.4895
1:19:33:15	8	1	22.0	28.0931	20.4895
1:19:34:15	8	1	22.0	28.0931	20.4895
1:19:35:15	8	1	22.0	28.0931	20.4895
1:19:36:20	8	1	22.0	28.0931	20.4895
1:19:37:20	8	1	22.0	28.0931	20.4895
1:19:38:20	8	1	22.0	28.0931	20.4895
