1:1:29:15	5	11	24	12.1997	70.4814	70.4814
1:1:30:25	5	11	24	12.1997	70.4814	70.4814
1:1:31:30	5	11	24	12.1997	70.4814	70.4814
1:1:32:40	5	11	24	12.1997	70.4814	70.4814
1:1:33:45	5	11	24	12.1997	70.4814	70.4814
1:1:34:50	5	11	24	12.1997	70.4814	70.4814
1:1:36:0	5	11	24	12.0874	70.4814	70.4814
1:1:37:5	5	11	24	12.0874	70.4814	70.4814
1:1:38:15	5	11	24	12.0874	70.4814	70.4814
1:1:39:20	5	11	24	12.0874	70.4814	70.4814
1:1:40:25	5	11	24	12.0874	70.4814	70.4814
1:1:41:35	5	11	24	12.0874	70.4814	70.4814
1:1:42:40	5	11	24	12.0874	70.4814	70.4814
1:1:43:50	5	11	24	11.9899	70.4814	70.4814
1:1:44:55	5	11	24	11.9899	70.4814	70.4814
1:1:46:0	5	11	24	11.9899	70.4814	70.4814
1:1:47:10	5	11	24	11.9899	70.4814	70.4814
1:1:48:15	5	11	24	11.9899	70.4814	70.4814
1:1:49:20	5	11	24	11.9899	70.4814	70.4814
1:1:50:30	5	11	24	11.9899	70.4814	70.4814
1:1:51:35	5	11	24	11.9899	70.4814	70.4814
1:1:52:45	5	11	24	11.9899	70.4814	70.4814
1:1:53:50	5	11	24	11.9899	70.4814	70.4814
1:1:54:55	5	11	24	11.8887	70.4814	70.4814
1:1:56:5	5	11	24	11.8887	70.4814	70.4814
1:1:57:10	5	11	24	11.8887	70.4814	70.4814
1:1:58:15	5	11	24	11.8887	70.4814	70.4814
1:1:59:25	5	11	24	11.8887	70.4814	70.4814
1:2:0:30	5	11	24	11.8887	70.4814	70.4814
1:2:1:35	5	11	24	11.8887	70.4814	70.4814
1:2:2:45	5	11	24	11.8887	70.4814	70.4814
1:2:3:50	5	11	24	11.8887	70.4814	70.4814
1:2:4:55	5	11	24	11.8887	70.4814	70.4814
1:2:6:5	5	11	24	11.8887	70.4814	70.4814
1:2:7:10	5	11	24	11.7918	70.4814	70.4814
1:2:8:20	5	11	24	11.7918	70.4814	70.4814
1:2:9:25	5	11	24	11.7918	70.4814	70.4814
1:2:10:30	5	11	24	11.7918	70.4814	70.4814
1:2:11:40	5	11	24	11.7918	70.4814	70.4814
1:2:12:45	5	11	24	11.7918	70.4814	70.4814
1:2:13:50	5	11	24	11.7918	70.4814	70.4814
1:2:15:0	5	11	24	11.7918	70.4814	70.4814
1:2:16:5	5	11	24	11.7918	70.4814	70.4814
1:2:17:10	5	11	24	11.7918	70.4814	70.4814
1:2:18:20	5	11	24	11.7918	70.4814	70.4814
1:2:19:25	5	11	24	11.688	70.4814	70.4814
1:2:20:30	5	11	24	11.688	70.4814	70.4814
1:2:21:40	5	11	24	11.688	70.4814	70.4814
1:2:22:45	5	11	24	11.688	70.4814	70.4814
1:2:23:55	5	11	24	11.688	70.4814	70.4814
1:2:25:0	5	11	24	11.688	70.4814	70.4814
1:2:26:5	5	11	24	11.688	70.4814	70.4814
1:2:27:15	5	11	24	11.688	70.4814	70.4814
1:2:28:20	5	11	24	11.688	70.4814	70.4814
1:2:29:25	5	11	24	11.5889	70.4814	70.4814
1:2:30:35	5	11	24	11.5889	70.4814	70.4814
1:2:31:40	5	11	24	11.5889	70.4814	70.4814
1:2:32:45	5	11	24	11.5889	70.4814	70.4814
1:2:33:55	5	11	24	11.5889	70.4814	70.4814
1:2:35:0	5	11	24	11.5889	70.4814	70.4814
1:2:36:10	5	11	24	11.5889	70.4814	70.4814
1:2:37:15	5	11	24	11.4879	70.4814	70.4814
1:2:38:20	5	11	24	11.4879	70.4814	70.4814
1:2:39:30	5	11	24	11.4879	70.4814	70.4814
1:2:40:35	5	11	24	11.4879	70.4814	70.4814
1:2:41:45	5	11	24	11.4879	70.4814	70.4814
1:2:42:50	5	11	24	11.4879	70.4814	70.4814
1:2:43:55	5	11	24	11.4879	70.4814	70.4814
1:2:45:5	5	11	24	11.4879	70.4814	70.4814
1:2:46:10	5	11	24	11.4879	70.4814	70.4814
1:2:47:15	5	11	24	11.4879	70.4814	70.4814
1:2:48:25	5	11	24	11.4879	70.4814	70.4814
1:2:49:30	5	11	24	11.4879	70.4814	70.4814
1:2:50:40	5	11	24	11.4879	70.4814	70.4814
1:2:51:45	5	11	24	11.4879	70.4814	70.4814
1:2:52:50	5	11	24	11.3866	70.4814	70.4814
1:2:54:0	5	11	24	11.3866	70.4814	70.4814
1:2:55:5	5	11	24	11.3866	70.4814	70.4814
1:2:56:10	5	11	24	11.3866	70.4814	70.4814
1:2:57:20	5	11	24	11.3866	70.4814	70.4814
1:2:58:25	5	11	24	11.3866	70.4814	70.4814
1:2:59:30	5	11	24	11.3866	70.4814	70.4814
1:3:0:40	5	11	24	11.3866	70.4814	70.4814
1:3:1:45	5	11	24	11.3866	70.4814	70.4814
1:3:2:55	5	11	24	11.3866	70.4814	70.4814
1:3:4:0	5	11	24	11.3866	70.4814	70.4814
1:3:5:5	5	11	24	11.3866	70.4814	70.4814
1:3:6:15	5	11	24	11.2951	70.4814	70.4814
1:3:7:20	5	11	24	11.2951	70.4814	70.4814
1:3:8:30	5	11	24	11.2951	70.4814	70.4814
1:3:9:35	5	11	24	11.2951	70.4814	70.4814
1:3:10:40	5	11	24	11.2951	70.4814	70.4814
1:3:11:50	5	11	24	11.2951	70.4814	70.4814
1:3:12:55	5	11	24	11.2951	70.4814	70.4814
1:3:14:0	5	11	24	11.2951	70.4814	70.4814
1:3:15:10	5	11	24	11.2951	70.4814	70.4814
1:3:16:15	5	11	24	11.2951	70.4814	70.4814
1:3:17:20	5	11	24	11.2951	70.4814	70.4814
1:3:18:30	5	11	24	11.2951	70.4814	70.4814
1:3:19:35	5	11	24	11.2951	70.4814	70.4814
1:3:20:40	5	11	24	11.191	70.4814	70.4814
1:3:21:50	5	11	24	11.191	70.4814	70.4814
1:3:22:55	5	11	24	11.191	70.4814	70.4814
1:3:24:5	5	11	24	11.191	70.4814	70.4814
1:3:25:10	5	11	24	11.191	70.4814	70.4814
1:3:26:15	5	11	24	11.191	70.4814	70.4814
1:3:27:25	5	11	24	11.191	70.4814	70.4814
1:3:28:30	5	11	24	11.191	70.4814	70.4814
1:3:29:35	5	11	24	11.191	70.4814	70.4814
1:3:30:45	5	11	24	11.191	70.4814	70.4814
1:3:31:50	5	11	24	11.191	70.4814	70.4814
1:3:33:0	5	11	24	11.191	70.4814	70.4814
1:3:34:5	5	11	24	11.191	70.4814	70.4814
1:3:35:10	5	11	24	11.191	70.4814	70.4814
1:3:36:20	5	11	24	11.0871	70.4814	70.4814
1:3:37:25	5	11	24	11.0871	70.4814	70.4814
1:3:38:30	5	11	24	11.0871	70.4814	70.4814
1:3:39:40	5	11	24	11.0871	70.4814	70.4814
1:3:40:45	5	11	24	11.0871	70.4814	70.4814
1:3:41:50	5	11	24	11.0871	70.4814	70.4814
1:3:43:0	5	11	24	11.0871	70.4814	70.4814
1:3:44:5	5	11	24	11.0871	70.4814	70.4814
1:3:45:15	5	11	24	11.0871	70.4814	70.4814
1:3:46:20	5	11	24	11.0871	70.4814	70.4814
1:3:47:25	5	11	24	11.0871	70.4814	70.4814
1:3:48:35	5	11	24	11.0871	70.4814	70.4814
1:3:49:40	5	11	24	11.0871	70.4814	70.4814
1:3:50:45	5	11	24	11.0871	70.4814	70.4814
1:3:51:55	5	11	24	11.0871	70.4814	70.4814
1:3:53:0	5	11	24	11.0871	70.4814	70.4814
1:3:54:5	5	11	24	10.991	70.4814	70.4814
1:3:55:15	5	11	24	10.991	70.4814	70.4814
1:3:56:20	5	11	24	10.991	70.4814	70.4814
1:3:57:30	5	11	24	10.991	70.4814	70.4814
1:3:58:35	5	11	24	10.991	70.4814	70.4814
1:3:59:40	5	11	24	10.991	70.4814	70.4814
1:4:0:50	5	11	24	10.991	70.4814	70.4814
1:4:1:55	5	11	24	10.991	70.4814	70.4814
1:4:3:0	5	11	24	10.991	70.4814	70.4814
1:4:4:10	5	11	24	10.991	70.4814	70.4814
1:4:5:15	5	11	24	10.991	70.4814	70.4814
1:4:6:25	5	11	24	10.991	70.4814	70.4814
1:4:7:30	5	11	24	10.991	70.4814	70.4814
1:4:8:35	5	11	24	10.991	70.4814	70.4814
1:4:9:45	5	11	24	10.991	70.4814	70.4814
1:4:10:50	5	11	24	10.991	70.4814	70.4814
1:4:11:55	5	11	24	10.991	70.4814	70.4814
1:4:13:5	5	11	24	10.991	70.4814	70.4814
1:4:14:10	5	11	24	10.991	70.4814	70.4814
1:4:15:15	5	11	24	10.991	70.4814	70.4814
1:4:16:25	5	11	24	10.991	70.4814	70.4814
1:4:17:30	5	11	24	10.991	70.4814	70.4814
1:4:18:35	5	11	24	10.991	70.4814	70.4814
1:4:19:45	5	11	24	10.991	70.4814	70.4814
1:4:20:50	5	11	24	10.991	70.4814	70.4814
1:4:22:0	5	11	24	10.991	70.4814	70.4814
1:4:23:5	5	11	24	10.991	70.4814	70.4814
1:4:24:10	5	11	24	10.991	70.4814	70.4814
1:4:25:20	5	11	24	10.8926	70.4814	70.4814
1:4:26:25	5	11	24	10.8926	70.4814	70.4814
1:4:27:30	5	11	24	10.8926	70.4814	70.4814
1:4:28:40	5	11	24	10.8926	70.4814	70.4814
1:4:29:45	5	11	24	10.8926	70.4814	70.4814
1:4:30:50	5	11	24	10.8926	70.4814	70.4814
1:4:32:0	5	11	24	10.8926	70.4814	70.4814
1:4:33:5	5	11	24	10.8926	70.4814	70.4814
1:4:34:10	5	11	24	10.8926	70.4814	70.4814
1:4:35:20	5	11	24	10.8926	70.4814	70.4814
1:4:36:25	5	11	24	10.8926	70.4814	70.4814
1:4:37:35	5	11	24	10.8926	70.4814	70.4814
1:4:38:40	5	11	24	10.8926	70.4814	70.4814
1:4:39:45	5	11	24	10.8926	70.4814	70.4814
1:4:40:55	5	11	24	10.8926	70.4814	70.4814
1:4:42:0	5	11	24	10.8926	70.4814	70.4814
1:4:43:5	5	11	24	10.8926	70.4814	70.4814
1:4:44:15	5	11	24	10.8926	70.4814	70.4814
1:4:45:20	5	11	24	10.8926	70.4814	70.4814
1:4:46:25	5	11	24	10.8926	70.4814	70.4814
1:4:47:35	5	11	24	10.8926	70.4814	70.4814
1:4:48:40	5	11	24	10.8926	70.4814	70.4814
1:4:49:45	5	11	24	10.8926	70.4814	70.4814
1:4:50:55	5	11	24	10.8926	70.4814	70.4814
1:4:52:0	5	11	24	10.8926	70.4814	70.4814
1:4:53:5	5	11	24	10.8926	70.4814	70.4814
1:4:54:15	5	11	24	10.8926	70.4814	70.4814
1:4:55:20	5	11	24	10.8926	70.4814	70.4814
1:4:56:30	5	11	24	10.8926	70.4814	70.4814
1:4:57:35	5	11	24	10.8926	70.4814	70.4814
1:4:58:40	5	11	24	10.8926	70.4814	70.4814
1:4:59:50	5	11	24	10.8926	70.4814	70.4814
1:5:0:55	5	11	24	10.8926	70.4814	70.4814
1:5:2:0	5	11	24	10.8926	70.4814	70.4814
1:5:3:10	5	11	24	10.8926	70.4814	70.4814
1:5:4:15	5	11	24	10.8926	70.4814	70.4814
1:5:5:25	5	11	24	10.8926	70.4814	70.4814
1:5:6:30	5	11	24	10.8926	70.4814	70.4814
1:5:7:35	5	11	24	10.8926	70.4814	70.4814
1:5:8:45	5	11	24	10.8926	70.4814	70.4814
1:5:9:50	5	11	24	10.8926	70.4814	70.4814
1:5:10:55	5	11	24	10.8926	70.4814	70.4814
1:5:12:5	5	11	24	10.8926	70.4814	70.4814
1:5:13:10	5	11	24	10.8926	70.4814	70.4814
1:5:14:15	5	11	24	10.8926	70.4814	70.4814
1:5:15:25	5	11	24	10.8926	70.4814	70.4814
1:5:16:30	5	11	24	10.8926	70.4814	70.4814
1:5:17:40	5	11	24	10.8926	70.4814	70.4814
1:5:18:45	5	11	24	10.8926	70.4814	70.4814
1:5:19:50	5	11	24	10.8926	70.4814	70.4814
1:5:21:0	5	11	24	10.8926	70.4814	70.4814
1:5:22:5	5	11	24	10.8926	70.4814	70.4814
1:5:23:10	5	11	24	10.8926	70.4814	70.4814
1:5:24:20	5	11	24	10.8926	70.4814	70.4814
1:5:25:25	5	11	24	10.8926	70.4814	70.4814
1:5:26:30	5	11	24	10.8926	70.4814	70.4814
1:5:27:40	5	11	24	10.8926	70.4814	70.4814
1:5:28:45	5	11	24	10.8926	70.4814	70.4814
1:5:29:55	5	11	24	10.8926	70.4814	70.4814
1:5:31:0	5	11	24	10.8926	70.4814	70.4814
1:5:32:5	5	11	24	10.8926	70.4814	70.4814
1:5:33:15	5	11	24	10.8926	70.4814	70.4814
1:5:34:20	5	11	24	10.8926	70.4814	70.4814
1:5:35:25	5	11	24	10.8926	70.4814	70.4814
1:5:36:35	5	11	24	10.8926	70.4814	70.4814
1:5:37:40	5	11	24	10.9004	70.4814	70.4814
1:5:38:50	5	11	24	10.9004	70.4814	70.4814
1:5:39:55	5	11	24	10.9004	70.4814	70.4814
1:5:41:0	5	11	24	10.9004	70.4814	70.4814
1:5:42:10	5	11	24	10.9004	70.4814	70.4814
1:5:43:15	5	11	24	10.9004	70.4814	70.4814
1:5:44:20	5	11	24	10.9004	70.4814	70.4814
1:5:45:30	5	11	24	10.9004	70.4814	70.4814
1:5:46:35	5	11	24	10.9004	70.4814	70.4814
1:5:47:45	5	11	24	10.9004	70.4814	70.4814
1:5:48:50	5	11	24	10.9004	70.4814	70.4814
1:5:49:55	5	11	24	10.9004	70.4814	70.4814
1:5:51:5	5	11	24	10.9004	70.4814	70.4814
1:5:52:10	5	11	24	10.9004	70.4814	70.4814
1:5:53:15	5	11	24	10.9004	70.4814	70.4814
1:5:54:25	5	11	24	10.9004	70.4814	70.4814
1:5:55:30	5	11	24	10.9004	70.4814	70.4814
1:5:56:35	5	11	24	10.9004	70.4814	70.4814
1:5:57:45	5	11	24	10.9004	70.4814	70.4814
1:5:58:50	5	11	24	10.9004	70.4814	70.4814
1:6:0:0	5	11	24	10.9004	70.4814	70.4814
1:6:1:5	5	11	24	10.9004	70.4814	70.4814
1:6:2:10	5	11	24	10.9004	70.4814	70.4814
1:6:3:20	5	11	24	10.9004	70.4814	70.4814
1:6:4:25	5	11	24	10.9004	70.4814	70.4814
1:6:5:30	5	11	24	10.9004	70.4814	70.4814
1:6:6:40	5	11	24	10.9004	70.4814	70.4814
1:6:7:45	5	11	24	10.9004	70.4814	70.4814
1:6:8:55	5	11	24	10.9004	70.4814	70.4814
1:6:10:0	5	11	24	10.9004	70.4814	70.4814
1:6:11:5	5	11	24	11.0006	70.4814	70.4814
1:6:12:15	5	11	24	11.0006	70.4814	70.4814
1:6:13:20	5	11	24	11.0006	70.4814	70.4814
1:6:14:25	5	11	24	11.0006	70.4814	70.4814
1:6:15:35	5	11	24	11.0006	70.4814	70.4814
1:6:16:40	5	11	24	11.0006	70.4814	70.4814
1:6:17:45	5	11	24	11.0006	70.4814	70.4814
1:6:18:55	5	11	24	11.0006	70.4814	70.4814
1:6:20:0	5	11	24	11.0006	70.4814	70.4814
1:6:21:10	5	11	24	11.0006	70.4814	70.4814
1:6:22:15	5	11	24	11.0006	70.4814	70.4814
1:6:23:20	5	11	24	11.0006	70.4814	70.4814
1:6:24:30	5	11	24	11.0006	70.4814	70.4814
1:6:25:35	5	11	24	11.0006	70.4814	70.4814
1:6:26:40	5	11	24	11.1207	70.4814	70.4814
1:6:27:50	5	11	24	11.1207	70.4814	70.4814
1:6:28:55	5	11	24	11.1207	70.4814	70.4814
1:6:30:0	5	11	24	11.1207	70.4814	70.4814
1:6:31:10	5	11	24	11.2077	70.4814	70.4814
1:6:32:15	5	11	24	11.2077	70.4814	70.4814
1:6:33:20	5	11	24	11.2077	70.4814	70.4814
1:6:34:30	5	11	24	11.2077	70.4814	70.4814
1:6:35:35	5	11	24	11.2077	70.4814	70.4814
1:6:36:45	5	11	24	11.2077	70.4814	70.4814
1:6:37:50	5	11	24	11.2077	70.4814	70.4814
1:6:38:55	5	11	24	11.3013	70.4814	70.4814
1:6:40:5	5	11	24	11.3013	70.4814	70.4814
1:6:41:10	5	11	24	11.3013	70.4814	70.4814
1:6:42:15	5	11	24	11.3013	70.4814	70.4814
1:6:43:25	5	11	24	11.3013	70.4814	70.4814
1:6:44:30	5	11	24	11.3013	70.4814	70.4814
1:6:45:35	5	11	24	11.3013	70.4814	70.4814
1:6:46:45	5	11	24	11.3013	70.4814	70.4814
1:6:47:50	5	11	24	11.4089	70.4814	70.4814
1:6:49:0	5	11	24	11.4089	70.4814	70.4814
1:6:50:5	5	11	24	11.4089	70.4814	70.4814
1:6:51:10	5	11	24	11.4089	70.4814	70.4814
1:6:52:20	5	11	24	11.4089	70.4814	70.4814
1:6:53:25	5	11	24	11.4089	70.4814	70.4814
1:6:54:30	5	11	24	11.4089	70.4814	70.4814
1:6:55:40	5	11	24	11.4089	70.4814	70.4814
1:6:56:45	5	11	24	11.4089	70.4814	70.4814
1:6:57:50	5	11	24	11.5137	70.4814	70.4814
1:6:59:0	5	11	24	11.5137	70.4814	70.4814
1:7:0:5	5	11	24	11.5137	70.4814	70.4814
1:7:1:15	5	11	24	11.5137	70.4814	70.4814
1:7:2:20	5	11	24	11.5137	70.4814	70.4814
1:7:3:25	5	11	24	11.602	70.4814	70.4814
1:7:4:35	5	11	24	11.602	70.4814	70.4814
1:7:5:40	5	11	24	11.602	70.4814	70.4814
1:7:6:45	5	11	24	11.602	70.4814	70.4814
1:7:7:55	5	11	24	11.602	70.4814	70.4814
1:7:9:0	5	11	24	11.7113	70.4814	70.4814
1:7:10:10	5	11	24	11.7113	70.4814	70.4814
1:7:11:15	5	11	24	11.7113	70.4814	70.4814
1:7:12:20	5	11	24	11.7113	70.4814	70.4814
1:7:13:30	5	11	24	11.7113	70.4814	70.4814
1:7:14:35	5	11	24	11.7113	70.4814	70.4814
1:7:15:40	5	11	24	11.7113	70.4814	70.4814
1:7:16:50	5	11	24	11.7113	70.4814	70.4814
1:7:17:55	5	11	24	11.806	70.4814	70.4814
1:7:19:5	5	11	24	11.806	70.4814	70.4814
1:7:20:10	5	11	24	11.806	70.4814	70.4814
1:7:21:15	5	11	24	11.806	70.4814	70.4814
1:7:22:25	5	11	24	11.9019	70.4814	70.4814
1:7:23:30	5	11	24	11.9019	70.4814	70.4814
1:7:24:35	5	11	24	11.9019	70.4814	70.4814
1:7:25:45	5	11	24	11.9019	70.4814	70.4814
1:7:26:50	5	11	24	11.9019	70.4814	70.4814
1:7:28:0	5	11	24	11.9019	70.4814	70.4814
1:7:29:5	5	11	24	11.9019	70.4814	70.4814
1:7:30:10	5	11	24	11.9019	70.4814	70.4814
1:7:31:20	5	11	24	11.9019	70.4814	70.4814
1:7:32:25	5	11	24	12.0188	70.4814	70.4814
1:7:33:35	5	11	24	12.0188	70.4814	70.4814
1:7:34:40	5	11	24	12.0188	70.4814	70.4814
1:7:35:45	5	11	24	12.0188	70.4814	70.4814
1:7:36:55	5	11	24	12.1042	70.4814	70.4814
1:7:38:0	5	11	24	12.1042	70.4814	70.4814
1:7:39:5	5	11	24	12.1042	70.4814	70.4814
1:7:40:15	5	11	24	12.1042	70.4814	70.4814
1:7:41:20	5	11	24	12.1042	70.4814	70.4814
1:7:42:25	5	11	24	12.1042	70.4814	70.4814
1:7:43:35	5	11	24	12.2125	70.4814	70.4814
1:7:44:40	5	11	24	12.2125	70.4814	70.4814
1:7:45:50	5	11	24	12.2125	70.4814	70.4814
1:7:46:55	5	11	24	12.2125	70.4814	70.4814
1:7:48:0	5	11	24	12.2125	70.4814	70.4814
1:7:49:10	5	11	24	12.2125	70.4814	70.4814
1:7:50:15	5	11	24	12.2125	70.4814	70.4814
1:7:51:20	5	11	24	12.2125	70.4814	70.4814
1:7:52:30	5	11	24	12.3191	70.4814	70.4814
1:7:53:35	5	11	24	12.3191	70.4814	70.4814
1:7:54:40	5	11	24	12.3191	70.4814	70.4814
1:7:55:50	5	11	24	12.3191	70.4814	70.4814
1:7:56:55	5	11	24	12.4007	70.4814	70.4814
1:7:58:0	5	11	24	12.4007	70.4814	70.4814
1:7:59:10	5	11	24	12.4007	70.4814	70.4814
1:8:0:20	5	11	24	12.4007	70.4814	100
1:8:1:35	5	11	24	12.6662	0.0	54.190499999999915
1:8:2:45	5	11	24	12.8999	0.0	26.50450000000012
1:8:4:0	5	11	24	13.3355	0.0	17.492000000000075
1:8:5:10	5	11	24	13.6094	0.0	29.65299999999999
1:8:6:25	5	11	24	13.8786	0.0	44.8484999999999
1:8:7:35	5	11	24	14.144	0.0	65.43300000000005
1:8:8:50	5	11	24	14.4079	0.0	95.45150000000001
1:8:10:0	5	11	24	14.8114	0.0	0
1:8:11:15	5	11	24	15.0101	0.0	0
1:8:12:25	5	11	24	15.265	0.0	0
1:8:13:40	5	11	24	15.5208	0.0	0
1:8:14:50	5	11	24	15.7734	0.0	3.626000000000044
1:8:16:5	5	11	24	16.2667	0.0	24.09
1:8:17:15	5	11	24	16.5111	0.0	37.42799999999987
1:8:18:30	5	11	24	16.6813	0.0	33.798500000000104
1:8:19:40	5	11	24	16.8531	0.0	31.737499999999915
1:8:20:55	5	11	24	17.1893	0.0	27.279999999999994
1:8:22:5	5	11	24	17.4065	1.9743	44.91100000000014
1:8:23:20	5	11	24	17.5524	11.0433	30.9245000000001
1:8:24:30	5	11	24	17.7941	16.4165	46.04000000000019
1:8:25:45	5	11	24	18.0442	16.4165	64.05949999999983
1:8:26:55	5	11	24	18.2932	26.1865	32.805000000000035
1:8:28:10	5	11	24	18.058	32.672	30.942500000000113
1:8:29:20	5	11	24	18.1651	11.8789	29.89699999999999
1:8:30:35	5	11	24	18.3062	13.2405	30.54449999999985
1:8:31:50	5	11	24	18.4058	17.5967	32.8110000000002
1:8:33:0	5	11	24	18.5918	18.2347	35.571500000000036
1:8:34:15	5	11	24	18.6784	18.2347	86.7074999999999
1:8:35:25	5	11	24	17.4883	70.2606	94.25750000000009
1:8:36:40	5	11	24	17.1529	34.952	0
1:8:37:50	5	11	24	17.0125	24.7336	0
1:8:39:5	5	11	24	17.6906	56.1248	0
1:8:40:15	5	11	24	16.5448	56.1248	0
1:8:41:30	5	11	24	16.7424	0.0	0
1:8:42:40	5	11	24	17.0028	0.0	7.9930000000000945
1:8:43:55	5	11	24	17.5091	0.0	39.58999999999996
1:8:45:5	5	11	24	17.7563	0.0	44.86550000000026
1:8:46:20	5	11	24	17.9309	0.0	26.090999999999944
1:8:47:30	5	11	24	18.1046	0.0	26.91449999999989
1:8:48:45	5	11	24	18.3447	0.0	40.50800000000011
1:8:49:55	5	11	24	18.8253	0.0	68.83799999999988
1:8:51:10	5	11	24	19.0611	0.0	100
1:8:52:20	5	11	24	19.2962	0.0	100
1:8:53:35	5	11	24	19.4599	0.0	0
1:8:54:45	5	11	24	18.6481	99.0596	0
1:8:56:0	5	11	24	14.0318	73.2827	0
1:8:57:15	5	11	24	14.3032	0.0	0
1:8:58:25	5	11	24	14.5609	0.0	0
1:8:59:40	5	11	24	14.8064	0.0	0
1:9:0:50	5	11	24	15.0421	0.0	0
1:9:2:5	5	11	24	15.5383	0.0	15.707500000000074
1:9:3:15	5	11	24	15.787	0.0	21.394000000000002
1:9:4:30	5	11	24	16.023	0.0	31.760999999999928
1:9:5:40	5	11	24	16.2551	0.0	56.68800000000008
1:9:6:55	5	11	24	16.7065	0.0	33.39549999999994
1:9:8:5	5	11	24	16.9234	0.0	100
1:9:9:20	5	11	24	17.139	0.0	0
1:9:10:30	5	11	24	17.3505	0.0	82.93000000000006
1:9:11:45	5	11	24	17.6249	24.741	77.41650000000016
1:9:12:55	5	11	24	16.5126	59.7611	25.402999999999977
1:9:14:10	5	11	24	16.7608	0.0	28.1755
1:9:15:25	5	11	24	17.0482	0.0	44.672999999999995
1:9:16:35	5	11	24	17.3325	0.0	66.51800000000004
1:9:17:50	5	11	24	17.6096	0.0	37.858500000000205
1:9:19:0	5	11	24	18.0533	2.9797	0
1:9:20:15	5	11	24	18.4142	26.6876	5.877499999999873
1:9:21:25	5	11	24	18.191	33.1437	20.501999999999967
1:9:22:40	5	11	24	18.3195	9.2929	31.73400000000015
1:9:23:50	5	11	24	18.5471	9.4902	38.69599999999995
1:9:25:5	5	11	24	18.8786	17.9461	40.87549999999999
1:9:26:15	5	11	24	18.8786	26.2141	53.59150000000018
1:9:27:30	5	11	24	18.5942	37.9306	94.96149999999996
1:9:28:40	5	11	24	17.505	76.7542	47.312999999999896
1:9:29:55	5	11	24	17.3228	6.2026	53.85499999999995
1:9:31:5	5	11	24	17.6828	23.1771	70.42449999999994
1:9:32:20	5	11	24	17.7205	23.0887	3.2915000000001235
1:9:33:30	5	11	24	17.7205	24.0467	15.390999999999911
1:9:34:45	5	11	24	18.0508	15.4739	30.350999999999868
1:9:35:55	5	11	24	18.7223	25.7927	63.44400000000003
1:9:37:10	5	11	24	18.6702	48.1866	37.28799999999998
1:9:38:20	5	11	24	17.717	56.2234	20.275499999999838
1:9:39:35	5	11	24	17.8905	0.0	27.63099999999996
1:9:40:45	5	11	24	18.1056	0.0	34.47900000000003
1:9:42:0	5	11	24	18.5318	0.0	38.08650000000023
1:9:43:10	5	11	24	18.7423	0.0	32.74199999999999
1:9:44:25	5	11	24	19.0015	0.3149	33.098000000000134
1:9:45:40	5	11	24	19.2197	11.403	36.40899999999996
1:9:46:50	5	11	24	19.3999	18.3897	38.33549999999999
1:9:48:5	5	11	24	19.5117	23.2464	32.925999999999966
1:9:49:15	5	11	24	19.6682	18.771	70.35650000000015
1:9:50:30	5	11	24	18.8926	57.6911	80.24250000000013
1:9:51:40	5	11	24	18.1741	51.441	46.74349999999992
1:9:52:55	5	11	24	18.144	9.8874	55.85400000000001
1:9:54:5	5	11	24	17.574	60.7536	22.238999999999933
1:9:55:20	5	11	24	17.7605	10.3193	30.447500000000005
1:9:56:30	5	11	24	17.9684	11.5151	35.82200000000009
1:9:57:45	5	11	24	18.1343	17.0533	36.11900000000007
1:9:58:55	5	11	24	18.3446	20.4302	32.234500000000175
1:10:0:10	5	11	24	18.4307	20.4302	33.34149999999983
1:10:1:20	5	11	24	18.5475	18.9793	34.9609999999999
1:10:2:35	5	11	24	18.6586	18.9793	34.602999999999966
1:10:3:50	5	11	24	18.7925	18.9793	44.722000000000065
1:10:5:0	5	11	24	19.0496	15.979	29.727999999999923
1:10:6:15	5	11	24	19.1339	19.9915	31.667999999999985
1:10:7:25	5	11	24	19.2669	19.2355	42.825500000000034
1:10:8:40	5	11	24	19.3292	25.88	100
1:10:9:50	5	11	24	18.9599	82.5223	79.30749999999989
1:10:11:5	5	11	24	16.483	59.2429	100
1:10:12:15	5	11	24	16.7679	1.2371	28.579999999999995
1:10:13:30	5	11	24	15.3496	75.6655	31.92500000000004
1:10:14:40	5	11	24	15.5862	1.0087	38.26300000000004
1:10:15:55	5	11	24	16.2358	0.0	74.07749999999993
1:10:17:5	5	11	24	16.5036	0.0	12.548000000000012
1:10:18:20	5	11	24	16.7877	5.0886	26.76950000000011
1:10:19:30	5	11	24	17.018	13.2766	37.03250000000004
1:10:20:45	5	11	24	17.2028	18.2254	41.37949999999993
1:10:21:55	5	11	24	17.5101	21.1046	41.143999999999934
1:10:23:10	5	11	24	17.5101	23.6352	37.27050000000007
1:10:24:20	5	11	24	17.9205	15.5939	58.819499999999806
1:10:25:35	5	11	24	18.3117	27.2544	90.10699999999986
1:10:26:45	5	11	24	18.1622	37.298	11.38650000000009
1:10:28:0	5	11	24	17.852	30.2401	0
1:10:29:10	5	11	24	14.4267	89.5764	0
1:10:30:25	5	11	24	14.7318	1.1395	0
1:10:31:40	5	11	24	15.0435	0.0	0
1:10:32:50	5	11	24	15.3439	0.0	0
1:10:34:0	5	11	24	15.9353	0.0	63.382500000000036
1:10:35:15	5	11	24	16.2247	0.0	100
1:10:36:30	5	11	24	16.513	0.0	100
1:10:37:40	5	11	24	16.7977	0.0	0
1:10:38:55	5	11	24	17.3433	0.0	0
1:10:40:5	5	11	24	18.0422	51.4863	0
1:10:41:20	5	11	24	18.5173	40.5564	11.53950000000011
1:10:42:30	5	11	24	17.6817	54.6738	23.922500000000056
1:10:43:45	5	11	24	17.804	0.0	37.24499999999997
1:10:44:55	5	11	24	18.3708	0.0	68.27550000000018
1:10:46:10	5	11	24	18.6163	0.0	81.56499999999986
1:10:47:20	5	11	24	18.8535	0.0	0
1:10:48:35	5	11	24	18.4688	54.4983	0
1:10:49:45	5	11	24	18.3966	3.9781	48.267999999999795
1:10:51:0	5	11	24	18.8192	20.1705	100
1:10:52:15	5	11	24	17.7451	67.8795	100
1:10:53:25	5	11	24	16.8858	74.216	98.863
1:10:54:40	5	11	24	16.4316	58.5888	31.284999999999968
1:10:55:50	5	11	24	16.2874	19.3668	0
1:10:57:5	5	11	24	16.7944	3.3919	18.857999999999976
1:10:58:15	5	11	24	17.0852	5.1829	32.93299999999987
1:10:59:30	5	11	24	17.4105	13.9285	53.061999999999934
1:11:0:40	5	11	24	17.579	20.4619	44.372499999999995
1:11:1:55	5	11	24	17.9467	20.4619	27.796500000000037
1:11:3:5	5	11	24	17.8951	29.5945	38.98749999999987
1:11:4:20	5	11	24	18.0026	20.7692	37.47099999999989
1:11:5:30	5	11	24	18.1747	16.0737	35.95850000000013
1:11:6:45	5	11	24	18.3182	19.0114	34.21450000000016
1:11:8:0	5	11	24	18.6418	21.0443	34.089999999999954
1:11:9:10	5	11	24	18.6418	27.1535	36.386500000000126
1:11:10:25	5	11	24	18.7679	16.6992	36.18449999999996
1:11:11:35	5	11	24	18.9383	16.6992	34.02099999999996
1:11:12:50	5	11	24	19.0904	17.2635	85.51800000000003
1:11:14:0	5	11	24	17.8648	71.6098	54.74049999999998
1:11:15:15	5	11	24	18.1576	1.7936	100
1:11:16:25	5	11	24	18.1576	34.4159	80.19650000000004
1:11:17:40	5	11	24	15.0063	99.5581	0
1:11:18:50	5	11	24	14.2459	1.2334	0
1:11:20:5	5	11	24	14.922	0.0	21.754500000000114
1:11:21:15	5	11	24	15.2414	0.0	31.044000000000032
1:11:22:30	5	11	24	15.5566	0.0	40.94950000000008
1:11:23:40	5	11	24	15.8715	0.0	46.98749999999995
1:11:24:55	5	11	24	16.4658	0.0	44.6505
1:11:26:5	5	11	24	16.8216	0.0	71.90199999999999
1:11:27:20	5	11	24	17.171	0.0	100
1:11:28:35	5	11	24	17.5158	0.0	100
1:11:29:45	5	11	24	17.7863	0.0	0
1:11:31:0	5	11	24	18.0576	25.657	0
1:11:32:10	5	11	24	13.6184	99.3009	0
1:11:33:25	5	11	24	13.9586	0.0	0
1:11:34:35	5	11	24	14.2914	0.0	0
1:11:35:50	5	11	24	14.625	0.0	0
1:11:37:0	5	11	24	15.283	0.0	0
1:11:38:15	5	11	24	15.6066	0.0	0.20549999999998292
1:11:39:25	5	11	24	15.9225	0.0	54.51650000000002
1:11:40:40	5	11	24	16.2296	0.0	72.38000000000017
1:11:41:50	5	11	24	16.5366	0.0	86.07549999999992
1:11:43:5	5	11	24	17.1301	0.0	0
1:11:44:15	5	11	24	17.4162	0.0	38.98400000000011
1:11:45:30	5	11	24	17.6935	0.0	44.40699999999984
1:11:46:40	5	11	24	17.9803	8.5733	38.1340000000001
1:11:47:55	5	11	24	18.5247	20.0411	82.75199999999988
1:11:49:5	5	11	24	19.074	42.7795	100
1:11:50:20	5	11	24	19.074	25.2797	0
1:11:51:30	5	11	24	15.2932	99.2967	0
1:11:52:45	5	11	24	14.8937	1.2328	0
1:11:54:0	5	11	24	15.5563	0.0	0
1:11:55:10	5	11	24	15.8695	0.0	1.2624999999998998
1:11:56:25	5	11	24	16.1809	0.0	19.901500000000052
1:11:57:35	5	11	24	16.4842	0.0	34.01399999999995
1:11:58:50	5	11	24	16.7771	0.0	40.599000000000004
1:12:0:0	5	11	24	17.3558	0.0	32.99550000000005
1:12:1:15	5	11	24	17.6949	0.0	48.05850000000001
1:12:2:25	5	11	24	17.9828	0.0	35.69850000000011
1:12:3:40	5	11	24	18.2598	0.0	24.172499999999832
1:12:4:50	5	11	24	18.5204	0.0	51.90699999999998
1:12:6:5	5	11	24	19.0428	0.0	100
1:12:7:15	5	11	24	19.348	2.0398	100
1:12:8:30	5	11	24	16.7655	99.3399	41.17650000000009
1:12:9:40	5	11	24	16.7655	7.7019	49.98400000000012
1:12:10:55	5	11	24	17.2807	16.4471	100
1:12:12:5	5	11	24	17.2807	34.7181	80.05650000000006
1:12:13:20	5	11	24	13.5837	99.3861	25.893999999999938
1:12:14:30	5	11	24	13.8762	1.2318	34.06549999999997
1:12:15:45	5	11	24	14.2086	0.0	43.166499999999985
1:12:16:55	5	11	24	14.8781	0.0	57.36449999999997
1:12:18:10	5	11	24	15.2091	0.0	50.22950000000004
1:12:19:20	5	11	24	15.5346	0.0	47.29999999999992
1:12:20:35	5	11	24	15.8523	0.0	42.81549999999982
1:12:21:45	5	11	24	16.1699	0.0	44.414499999999904
1:12:23:0	5	11	24	16.7721	0.0	46.61700000000003
1:12:24:15	5	11	24	17.1314	0.0	78.09599999999982
1:12:25:25	5	11	24	17.4841	0.0	100
1:12:26:40	5	11	24	17.8302	0.0	100
1:12:27:50	5	11	24	18.1045	0.0	1.0649999999998805
1:12:29:5	5	11	24	18.1061	40.0458	0
1:12:30:15	5	11	24	14.0082	99.4362	0
1:12:31:30	5	11	24	14.3428	0.0	0
1:12:32:40	5	11	24	14.6774	0.0	0
1:12:33:55	5	11	24	15.3426	0.0	69.94999999999987
1:12:35:5	5	11	24	15.6755	0.0	100
1:12:36:20	5	11	24	16.0014	0.0	83.64850000000006
1:12:37:30	5	11	24	16.3143	0.0	14.30500000000012
1:12:38:45	5	11	24	16.6104	0.0	15.662500000000016
1:12:39:55	5	11	24	17.2626	0.0	47.68699999999999
1:12:41:10	5	11	24	17.588	1.6709	79.12049999999995
1:12:42:20	5	11	24	17.9249	5.6593	100
1:12:43:35	5	11	24	18.2429	0.0	100
1:12:44:45	5	11	24	18.5199	0.0	40.69950000000014
1:12:46:0	5	11	24	18.501	38.8968	0
1:12:47:10	5	11	24	14.6841	99.4254	0
1:12:48:25	5	11	24	15.0089	1.2337	0
1:12:49:35	5	11	24	15.3356	0.0	0
1:12:50:50	5	11	24	15.6576	0.0	1.8944999999999084
1:12:52:0	5	11	24	16.2906	0.0	80.09350000000005
1:12:53:15	5	11	24	16.6013	0.0	100
1:12:54:30	5	11	24	16.9123	0.0	47.58899999999997
1:12:55:40	5	11	24	17.2144	0.0	23.903999999999836
1:12:56:55	5	11	24	17.7785	0.0	47.34400000000005
1:12:58:5	5	11	24	18.1276	12.8155	60.40299999999992
1:12:59:20	5	11	24	18.4645	10.2305	93.81350000000015
1:13:0:30	5	11	24	18.6611	17.0448	0
1:13:1:45	5	11	24	18.4739	61.6306	0
1:13:2:55	5	11	24	17.6062	30.9215	40.99849999999984
1:13:4:10	5	11	24	18.0133	0.0	50.104500000000144
1:13:5:20	5	11	24	18.2934	0.0	64.87100000000004
1:13:6:35	5	11	24	18.5854	5.9284	27.205499999999894
1:13:7:45	5	11	24	18.8336	15.3048	22.31499999999989
1:13:9:0	5	11	24	18.9135	29.2631	28.506999999999945
1:13:10:15	5	11	24	19.1916	3.6582	30.92149999999995
1:13:11:25	5	11	24	19.4141	10.1932	32.32449999999982
1:13:12:40	5	11	24	19.5667	17.322	45.84449999999994
1:13:13:50	5	11	24	19.811	15.1651	43.15700000000007
1:13:15:5	5	11	24	19.9809	23.6899	9.958499999999972
1:13:16:15	5	11	24	19.9809	25.3925	24.91749999999998
1:13:17:30	5	11	24	20.0956	16.4881	48.99899999999985
1:13:18:40	5	11	24	20.0956	29.601	77.25549999999986
1:13:19:55	5	11	24	19.883	29.601	15.051000000000098
1:13:21:5	5	11	24	17.2524	87.3796	100
1:13:22:20	5	11	24	17.5567	0.0	55.24399999999991
1:13:23:30	5	11	24	17.8611	5.9442	80.84699999999991
1:13:24:45	5	11	24	17.9732	59.3419	52.53849999999983
1:13:26:0	5	11	24	17.1907	46.8942	68.60199999999998
1:13:27:10	5	11	24	17.3862	18.3063	24.82400000000002
1:13:28:25	5	11	24	17.4823	24.6936	33.593999999999994
1:13:29:35	5	11	24	17.8864	20.3912	55.2385
1:13:30:50	5	11	24	18.319	30.3215	82.92499999999986
1:13:32:0	5	11	24	19.328	42.5355	66.32700000000004
1:13:33:15	5	11	24	15.22	91.6992	18.20200000000023
1:13:34:25	5	11	24	15.5213	1.1595	29.736999999999796
1:13:35:40	5	11	24	15.8274	0.0	38.4825
1:13:36:50	5	11	24	16.1294	0.0	43.43249999999999
1:13:38:5	5	11	24	16.7202	0.0	29.851000000000134
1:13:39:15	5	11	24	17.0099	0.0	38.52399999999997
1:13:40:30	5	11	24	17.2942	0.0	36.72949999999999
1:13:41:40	5	11	24	17.5706	0.0	33.77149999999997
1:13:42:55	5	11	24	18.0993	0.0	24.591499999999993
1:13:44:5	5	11	24	18.3614	0.0	35.35949999999989
1:13:45:20	5	11	24	18.6235	0.0	42.437499999999986
1:13:46:35	5	11	24	18.8861	0.0	65.16099999999982
1:13:47:45	5	11	24	19.1531	0.0	87.21249999999998
1:13:49:0	5	11	24	19.686	5.3938	13.351499999999845
1:13:50:10	5	11	24	17.1836	77.0483	17.871500000000005
1:13:51:25	5	11	24	17.4595	0.0	30.07499999999995
1:13:52:35	5	11	24	17.7227	0.0	35.90700000000016
1:13:53:50	5	11	24	17.9825	0.0	36.174500000000066
1:13:55:0	5	11	24	18.5074	0.0	35.20149999999974
1:13:56:15	5	11	24	18.7616	0.0	32.5514999999999
1:13:57:25	5	11	24	19.011	0.0	33.12549999999993
1:13:58:40	5	11	24	19.2482	0.0	31.92649999999988
1:13:59:50	5	11	24	19.5243	0.0	45.234500000000004
1:14:1:5	5	11	24	20.0395	0.0	31.811500000000077
1:14:2:15	5	11	24	20.2565	0.0	24.293999999999798
1:14:3:30	5	11	24	20.4695	0.0	30.842999999999847
1:14:4:40	5	11	24	20.6811	0.0	42.84650000000006
1:14:5:55	5	11	24	21.2492	0.0	86.892
1:14:7:5	5	11	24	21.5483	17.1303	88.70100000000004
1:14:8:20	5	11	24	21.6563	17.1303	0
1:14:9:30	5	11	24	18.0088	99.2207	0
1:14:10:45	5	11	24	17.4772	1.2323	47.391999999999996
1:14:11:55	5	11	24	18.0481	0.0	100
1:14:13:10	5	11	24	18.3079	0.0	100
1:14:14:25	5	11	24	17.5638	64.1664	0
1:14:15:35	5	11	24	17.421	33.3907	8.338000000000068
1:14:16:50	5	11	24	17.5887	6.78	22.02800000000012
1:14:18:0	5	11	24	18.1543	2.5872	48.52550000000015
1:14:19:15	5	11	24	18.36	14.8887	37.38899999999994
1:14:20:25	5	11	24	18.6985	20.8837	64.7625
1:14:21:40	5	11	24	18.7133	28.008	33.373500000000064
1:14:22:50	5	11	24	18.7133	24.8773	14.572999999999823
1:14:24:5	5	11	24	19.0859	17.7975	35.39650000000005
1:14:25:15	5	11	24	19.2319	19.7167	33.8105000000002
1:14:26:30	5	11	24	19.3601	16.6975	43.21700000000008
1:14:27:40	5	11	24	19.7355	27.8522	74.2769999999998
1:14:28:55	5	11	24	20.3541	47.3777	19.79150000000006
1:14:30:5	5	11	24	15.5309	91.2259	97.63000000000002
1:14:31:20	5	11	24	15.8331	0.0	0
1:14:32:30	5	11	24	16.1176	0.0	0
1:14:33:45	5	11	24	16.3894	0.0	0
1:14:34:55	5	11	24	16.9375	0.0	12.317000000000125
1:14:36:10	5	11	24	17.2071	0.0	26.401999999999983
1:14:37:25	5	11	24	17.4697	0.0	33.91799999999995
1:14:38:35	5	11	24	17.7209	0.0	34.68650000000004
1:14:39:50	5	11	24	17.9705	0.0	33.44050000000004
1:14:41:0	5	11	24	18.4617	0.0	15.201499999999925
1:14:42:15	5	11	24	18.6933	0.0	20.916000000000132
1:14:43:25	5	11	24	19.0004	0.0	39.17700000000005
1:14:44:40	5	11	24	19.2974	0.0	54.55799999999993
1:14:45:50	5	11	24	19.5882	0.0	71.69399999999996
1:14:47:5	5	11	24	20.1154	0.0	0
1:14:48:15	5	11	24	20.322	0.0	3.3219999999999494
1:14:49:30	5	11	24	20.5192	0.0	19.225999999999992
1:14:50:40	5	11	24	20.7475	0.0	60.174000000000106
1:14:51:55	5	11	24	21.29	0.0	82.93000000000012
1:14:53:5	5	11	24	21.5562	0.0	17.437
1:14:54:20	5	11	24	21.6888	13.2042	24.64399999999987
1:14:55:30	5	11	24	21.7872	18.5694	71.45299999999999
1:14:56:45	5	11	24	21.3736	57.5375	100
1:14:58:0	5	11	24	18.8469	65.706	100
1:14:59:10	5	11	24	18.7048	40.8965	100
1:15:0:25	5	11	24	16.3488	99.6018	57.7105
1:15:1:35	5	11	24	16.5177	1.2338	35.78899999999989
1:15:2:50	5	11	24	16.782	0.0	30.940500000000156
1:15:4:0	5	11	24	17.3216	1.091	26.973499999999987
1:15:5:15	5	11	24	17.6158	3.161	45.849499999999935
1:15:6:25	5	11	24	17.8703	5.3654	34.82700000000005
1:15:7:40	5	11	24	18.0785	14.9172	36.78649999999999
1:15:8:50	5	11	24	18.2384	19.0013	37.13399999999994
1:15:10:5	5	11	24	18.4526	20.1396	30.960999999999945
1:15:11:15	5	11	24	18.5584	18.1961	30.12349999999989
1:15:12:30	5	11	24	18.7237	13.6444	33.214500000000115
1:15:13:40	5	11	24	18.8882	14.8218	36.353500000000025
1:15:14:55	5	11	24	19.1394	17.4107	32.518000000000065
1:15:16:5	5	11	24	19.2241	19.1473	51.76350000000001
1:15:17:20	5	11	24	18.9697	36.3192	68.68199999999999
1:15:18:35	5	11	24	18.4715	45.6042	100
1:15:19:45	5	11	24	17.984	49.4894	100
1:15:21:0	5	11	24	16.3641	68.3266	99.74800000000003
1:15:22:10	5	11	24	14.7109	99.5843	67.11449999999999
1:15:23:25	5	11	24	14.9783	7.744	60.18899999999991
1:15:24:35	5	11	24	15.2312	12.3756	41.83549999999994
1:15:25:50	5	11	24	15.6288	19.8083	89.86999999999989
1:15:27:0	5	11	24	16.512	24.233	100
1:15:28:15	5	11	24	16.7881	0.0	35.80349999999994
1:15:29:25	5	11	24	15.6604	69.2531	31.05250000000007
1:15:30:40	5	11	24	15.8214	0.0	35.187000000000005
1:15:31:50	5	11	24	16.1447	0.0	59.242000000000154
1:15:33:5	5	11	24	16.7769	0.0	100
1:15:34:15	5	11	24	17.0633	0.0	33.8070000000001
1:15:35:30	5	11	24	17.2852	12.396	33.90800000000002
1:15:36:40	5	11	24	17.4611	17.983	38.54350000000012
1:15:37:55	5	11	24	17.6643	19.8969	44.55100000000012
1:15:39:5	5	11	24	17.7601	24.2398	33.64299999999997
1:15:40:20	5	11	24	17.9589	15.1648	14.181499999999971
1:15:41:30	5	11	24	18.2012	0.0	24.827499999999958
1:15:42:45	5	11	24	18.4104	0.0	37.95750000000001
1:15:43:55	5	11	24	18.8258	4.9736	60.2315000000002
1:15:45:10	5	11	24	18.3611	43.3652	100
1:15:46:20	5	11	24	18.51	10.705	40.16399999999995
1:15:47:35	5	11	24	15.5988	99.1595	23.279000000000075
1:15:48:45	5	11	24	15.1202	1.2296	28.27450000000003
1:15:50:0	5	11	24	15.6376	0.0	44.93650000000007
1:15:51:10	5	11	24	15.8796	0.0	40.23249999999984
1:15:52:25	5	11	24	16.1167	0.0	37.388000000000076
1:15:53:40	5	11	24	16.3489	0.0	35.70849999999984
1:15:54:50	5	11	24	16.5743	0.0	34.16999999999996
1:15:56:5	5	11	24	17.0079	0.0	39.201500000000124
1:15:57:15	5	11	24	17.2876	0.0	62.46399999999998
1:15:58:30	5	11	24	17.5611	0.0	100
1:15:59:40	5	11	24	17.8309	0.0	100
1:16:0:55	5	11	24	18.2076	0.0	0
1:16:2:5	5	11	24	13.4212	99.0596	0
1:16:3:20	5	11	24	13.685	0.0	0
1:16:4:30	5	11	24	13.9416	0.0	0
1:16:5:45	5	11	24	14.1974	0.0	0
1:16:6:55	5	11	24	14.6878	0.0	0
1:16:8:10	5	11	24	14.9264	0.0	0
1:16:9:20	5	11	24	15.1601	0.0	0
1:16:10:35	5	11	24	15.3892	0.0	0
1:16:11:45	5	11	24	15.6085	0.0	0
1:16:13:0	5	11	24	16.0345	0.0	0
1:16:14:10	5	11	24	16.3163	0.0	25.71950000000011
1:16:15:25	5	11	24	16.5928	0.0	0
1:16:16:35	5	11	24	16.7882	0.0	100
1:16:17:50	5	11	24	16.9848	0.0	100
1:16:19:5	5	11	24	17.3782	0.0	22.789999999999853
1:16:20:15	5	11	24	16.5429	63.1139	0
1:16:21:30	5	11	24	16.7368	0.0	7.950499999999966
1:16:22:40	5	11	24	16.9281	0.0	21.77600000000021
1:16:23:55	5	11	24	17.2783	0.0	48.81799999999997
1:16:25:5	5	11	24	17.4492	0.0	76.24750000000017
1:16:26:20	5	11	24	17.5886	12.6735	97.66100000000014
1:16:27:30	5	11	24	15.1814	93.7538	0
1:16:28:45	5	11	24	15.1814	0.0	0
1:16:29:55	5	11	24	15.5859	0.0	20.399499999999897
1:16:31:10	5	11	24	15.8526	0.0	36.506000000000014
1:16:32:20	5	11	24	16.0433	0.0	34.13549999999994
1:16:33:35	5	11	24	16.2287	0.0	31.137500000000085
1:16:34:45	5	11	24	16.4166	0.0	30.523000000000053
1:16:36:0	5	11	24	16.7738	0.0	34.451500000000074
1:16:37:10	5	11	24	16.9506	0.0	33.82700000000001
1:16:38:25	5	11	24	17.118	0.0	30.23450000000011
1:16:39:40	5	11	24	17.2806	0.0	28.473500000000058
1:16:40:50	5	11	24	17.4382	0.0	28.68049999999998
1:16:42:5	5	11	24	17.7498	0.0	24.940000000000047
1:16:43:15	5	11	24	17.9642	0.0	43.462000000000074
1:16:44:30	5	11	24	18.1152	0.0	35.800500000000056
1:16:45:40	5	11	24	18.2596	0.0	28.267500000000094
1:16:46:55	5	11	24	18.5402	0.0	31.7044999999999
1:16:48:5	5	11	24	18.7233	1.1362	53.739999999999824
1:16:49:20	5	11	24	18.5927	31.4401	87.77649999999988
1:16:50:30	5	11	24	17.2512	74.0549	100
1:16:51:45	5	11	24	16.6601	38.9131	14.30600000000008
1:16:52:55	5	11	24	16.7009	0.0	0
1:16:54:10	5	11	24	17.6085	56.2149	0
1:16:55:25	5	11	24	13.7738	97.2096	0
1:16:56:35	5	11	24	13.9189	1.2113	0
1:16:57:50	5	11	24	14.1259	0.0	1.3665000000001228
1:16:59:0	5	11	24	14.5227	0.0	23.160999999999753
1:17:0:15	5	11	24	14.7143	0.0	28.67700000000008
1:17:1:25	5	11	24	14.9611	0.0	40.63949999999995
1:17:2:40	5	11	24	15.1395	0.0	32.45449999999998
1:17:3:50	5	11	24	15.3112	0.0	24.68099999999998
1:17:5:5	5	11	24	15.6907	0.0	26.43749999999981
1:17:6:15	5	11	24	15.8495	0.0	24.701500000000145
1:17:7:30	5	11	24	16.0027	0.0	40.50199999999997
1:17:8:40	5	11	24	16.1539	0.0	14.719999999999906
1:17:9:55	5	11	24	16.4559	0.0	57.50899999999986
1:17:11:5	5	11	24	16.5974	0.0	56.98399999999998
1:17:12:20	5	11	24	16.7376	0.0	40.23549999999984
1:17:13:35	5	11	24	16.8724	0.0	72.43900000000008
1:17:14:45	5	11	24	17.006	0.0	83.46350000000012
1:17:16:0	5	11	24	17.2473	12.0853	78.43200000000003
1:17:17:10	5	11	24	13.1245	99.1733	27.332999999999984
1:17:18:25	5	11	24	13.3187	0.0	31.497999999999962
1:17:19:35	5	11	24	13.5032	0.0	33.230500000000085
1:17:20:50	5	11	24	13.6821	0.0	32.641500000000036
1:17:22:0	5	11	24	14.0551	0.0	32.144999999999996
1:17:23:15	5	11	24	14.2256	0.0	30.040000000000056
1:17:24:25	5	11	24	14.3955	0.0	31.082999999999913
1:17:25:40	5	11	24	14.5675	0.0	34.69199999999989
1:17:26:50	5	11	24	14.7275	0.0	31.414
1:17:28:5	5	11	24	15.0348	0.0	27.17149999999989
1:17:29:15	5	11	24	15.2466	0.0	41.68250000000001
1:17:30:30	5	11	24	15.395	0.0	30.114500000000074
1:17:31:40	5	11	24	15.5405	0.0	32.51999999999997
1:17:32:55	5	11	24	15.8069	0.0	32.968500000000105
1:17:34:5	5	11	24	15.9338	0.0	15.318000000000088
1:17:35:20	5	11	24	16.0583	0.0	20.5615000000001
1:17:36:30	5	11	24	16.1767	0.0	85.3935
1:17:37:45	5	11	24	16.2931	0.0	59.11049999999997
1:17:38:55	5	11	24	16.5373	0.0	89.25450000000001
1:17:40:10	5	11	24	13.2078	99.0596	61.53850000000003
1:17:41:20	5	11	24	13.3809	1.2287	43.91599999999996
1:17:42:35	5	11	24	13.5439	0.0	33.478999999999964
1:17:43:45	5	11	24	13.6968	0.0	23.581999999999965
1:17:45:0	5	11	24	14.0209	0.0	32.99749999999988
1:17:46:10	5	11	24	14.1705	0.0	33.21300000000001
1:17:47:25	5	11	24	14.3179	0.0	33.23900000000005
1:17:48:35	5	11	24	14.4559	0.0	31.45749999999995
1:17:49:50	5	11	24	14.5891	0.0	29.824500000000107
1:17:51:0	5	11	24	14.9176	0.0	51.94300000000004
1:17:52:15	5	11	24	15.11	0.0	78.25850000000008
1:17:53:30	5	11	24	15.297	0.0	100
1:17:54:40	5	11	24	15.4143	0.0	0
1:17:55:55	5	11	24	15.6472	0.0	0
1:17:57:5	5	11	24	15.7508	0.0	0
1:17:58:20	5	11	24	15.9231	0.0	0
1:17:59:30	5	11	24	16.0947	0.0	0
1:18:0:45	5	11	24	16.2614	0.0	0
1:18:1:55	5	11	24	16.5843	0.0	10.516499999999969
1:18:3:10	5	11	24	16.7407	0.0	19.7229999999999
1:18:4:25	5	11	24	16.8957	0.0	32.20599999999983
1:18:5:35	5	11	24	17.0484	0.0	51.432500000000005
1:18:6:50	5	11	24	17.2009	0.0	80.00300000000009
1:18:8:0	5	11	24	17.3604	0.0	0
1:18:9:15	5	11	24	17.3604	18.0011	0
1:18:10:25	5	11	24	17.4928	4.4817	0
1:18:11:40	5	11	24	17.6085	0.0	0
1:18:12:50	5	11	24	17.747	0.0	0
1:18:14:5	5	11	24	18.0186	0.0	0
1:18:15:15	5	11	24	18.1515	0.0	0
1:18:16:30	5	11	24	18.2065	0.0	0
1:18:17:40	5	11	24	18.2065	0.0	0.09949999999991022
1:18:18:55	5	11	24	18.4904	0.0	11.125000000000025
1:18:20:10	5	11	24	18.6132	0.0	21.108499999999992
1:18:21:20	5	11	24	18.6132	0.0	9.624500000000022
1:18:22:35	5	11	24	18.7048	0.0	14.400999999999904
1:18:23:45	5	11	24	18.7048	0.0	19.830000000000005
1:18:25:0	5	11	24	18.8754	0.0	22.57599999999988
1:18:26:10	5	11	24	18.9136	0.0	16.785999999999817
1:18:27:25	5	11	24	18.9136	0.0	13.234499999999887
1:18:28:35	5	11	24	19.0469	0.0	26.667000000000005
1:18:29:50	5	11	24	19.0469	0.0	57.11000000000004
1:18:31:0	5	11	24	19.1411	0.0	65.51399999999997
1:18:32:15	5	11	24	19.0885	25.1624	100
1:18:33:25	5	11	24	16.3639	91.8688	55.75750000000004
1:18:34:40	5	11	24	16.2249	1.1611	24.650999999999957
1:18:35:50	5	11	24	16.3082	0.0	2.779000000000126
1:18:37:5	5	11	24	16.477	0.0	10.783500000000128
1:18:38:20	5	11	24	16.56	0.0	16.394500000000146
1:18:39:30	5	11	24	16.6361	0.0	20.34049999999997
1:18:40:45	5	11	24	16.7101	0.0	22.71500000000005
1:18:41:55	5	11	24	16.9149	0.0	27.891999999999868
1:18:43:10	5	11	24	17.0476	0.0	35.827500000000185
1:18:44:20	5	11	24	17.1796	0.0	45.12549999999989
1:18:45:35	5	11	24	17.31	0.0	57.28649999999993
1:18:46:45	5	11	24	17.4388	0.0	71.59949999999996
1:18:48:0	5	11	24	17.6937	0.0	100
1:18:49:10	5	11	24	17.7684	0.0	0
1:18:50:25	5	11	24	17.3328	45.9258	0
1:18:51:35	5	11	24	17.3328	5.1664	0
1:18:52:50	5	11	24	17.4375	0.0	0
