1:20:33:50	5	12	22	21.5378	9.9834	10.1382
1:20:35:5	5	12	22	21.6612	8.3784	7.827200000000003
1:20:36:15	5	12	22	21.9172	13.0888	13.537200000000018
1:20:37:30	5	12	22	21.7144	26.8293	27.249200000000037
1:20:38:40	5	12	22	21.7144	11.5958	11.09320000000005
1:20:39:55	5	12	22	21.7144	11.5958	11.693200000000054
1:20:41:10	5	12	22	22.0333	10.749	10.26520000000006
1:20:42:20	5	12	22	22.3004	29.1837	29.56570000000002
1:20:43:35	5	12	22	21.6238	43.4569	43.90469999999998
1:20:44:45	5	12	22	21.6238	0.0	0
1:20:46:0	5	12	22	21.7663	4.4833	4.885000000000002
1:20:47:15	5	12	22	21.9566	11.7827	12.266500000000118
1:20:48:25	5	12	22	22.1438	21.6088	22.042500000000143
1:20:49:40	5	12	22	22.4195	31.6413	32.09049999999996
1:20:50:50	5	12	22	21.6465	48.5331	48.85800000000002
1:20:52:5	5	12	22	21.5623	0.0	0
1:20:53:15	5	12	22	21.7343	0.0	0.48950000000004934
1:20:54:30	5	12	22	21.8567	9.8849	10.323000000000082
1:20:55:45	5	12	22	21.9984	14.7664	15.230500000000013
1:20:56:55	5	12	22	21.9984	22.0214	22.500500000000034
1:20:58:10	5	12	22	21.9984	21.5458	21.075500000000034
1:20:59:20	5	12	22	21.7894	21.5458	21.067500000000035
1:21:0:35	5	12	22	21.9057	7.9552	7.474500000000059
1:21:1:45	5	12	22	22.0499	15.7862	16.07099999999999
1:21:3:0	5	12	22	22.2213	23.5312	23.809500000000092
1:21:4:15	5	12	22	22.2416	33.3266	33.75799999999998
1:21:5:25	5	12	22	21.9611	34.0289	34.46999999999992
1:21:6:40	5	12	22	21.9611	17.6975	17.242499999999925
1:21:7:50	5	12	22	22.0103	19.5057	19.852999999999916
1:21:9:5	5	12	22	22.1829	19.5057	22.856500000000075
1:21:10:20	5	12	22	21.889	33.2166	33.635000000000005
1:21:11:30	5	12	22	21.889	14.2719	13.719999999999967
