1:22:33:15	5	6	22	27.0698	99.5839	99.5839
1:22:34:25	5	6	22	27.0698	99.5839	100
1:22:35:40	5	6	22	27.0698	99.5839	100
1:22:36:50	5	6	22	27.0698	99.5839	100
1:22:38:5	5	6	22	27.0698	99.5839	100
1:22:39:15	5	6	22	27.0698	99.5839	100
1:22:40:30	5	6	22	27.0698	99.5839	100
1:22:41:40	5	6	22	27.0698	99.5839	100
1:22:42:55	5	6	22	27.0698	99.5839	100
1:22:44:5	5	6	22	27.0698	99.5839	100
1:22:45:20	5	6	22	27.0698	99.5839	100
1:22:46:30	5	6	22	27.0698	99.5839	100
1:22:47:45	5	6	22	27.0698	99.5839	100
1:22:48:55	5	6	22	27.0698	99.5839	100
1:22:50:10	5	6	22	27.0698	99.5839	100
1:22:51:20	5	6	22	27.0698	99.5839	100
1:22:52:35	5	6	22	27.0698	99.5839	100
1:22:53:45	5	6	22	27.0698	99.5839	100
1:22:55:0	5	6	22	27.0698	99.5839	100
1:22:56:10	5	6	22	27.0698	99.5839	100
1:22:57:25	5	6	22	27.0698	99.5839	100
1:22:58:35	5	6	22	27.0698	99.5839	100
1:22:59:50	5	6	22	27.0698	99.5839	100
1:23:1:0	5	6	22	27.0698	99.5839	100
1:23:2:15	5	6	22	27.0698	99.5839	100
1:23:3:25	5	6	22	27.0698	99.5839	100
1:23:4:40	5	6	22	27.0698	99.5839	100
1:23:5:50	5	6	22	27.0698	99.5839	100
1:23:7:5	5	6	22	27.0698	99.5839	100
1:23:8:15	5	6	22	27.0698	99.5839	100
1:23:9:30	5	6	22	27.0698	99.5839	100
1:23:10:40	5	6	22	27.0698	99.5839	100
1:23:11:50	5	6	22	27.0698	99.5839	100
1:23:13:5	5	6	22	27.0698	99.5839	100
1:23:14:15	5	6	22	27.0698	99.5839	100
1:23:15:30	5	6	22	27.0698	99.5839	100
1:23:16:45	5	6	22	27.0698	99.5839	100
1:23:17:55	5	6	22	27.0698	99.5839	100
1:23:19:10	5	6	22	27.0698	99.5839	100
1:23:20:20	5	6	22	27.0698	99.5839	100
1:23:21:35	5	6	22	27.0698	99.5839	100
1:23:22:45	5	6	22	27.0698	99.5839	100
1:23:24:0	5	6	22	27.0698	99.5839	100
1:23:25:10	5	6	22	27.0698	99.5839	100
1:23:26:20	5	6	22	27.0698	99.5839	100
1:23:27:35	5	6	22	27.0698	99.5839	100
1:23:28:45	5	6	22	27.0698	99.5839	100
1:23:30:0	5	6	22	27.0698	99.5839	100
1:23:31:15	5	6	22	27.0698	99.5839	100
1:23:32:25	5	6	22	27.0698	99.5839	100
1:23:33:35	5	6	22	27.0698	99.5839	100
1:23:34:50	5	6	22	27.0698	99.5839	100
1:23:36:5	5	6	22	27.0698	99.5839	100
1:23:37:15	5	6	22	27.0698	99.5839	100
1:23:38:30	5	6	22	27.0698	99.5839	100
1:23:39:40	5	6	22	27.0698	99.5839	100
1:23:40:50	5	6	22	27.0698	99.5839	100
1:23:42:5	5	6	22	27.0698	99.5839	100
1:23:43:20	5	6	22	27.0698	99.5839	100
1:23:44:30	5	6	22	27.0698	99.5839	100
1:23:45:45	5	6	22	27.0698	99.5839	100
1:23:46:55	5	6	22	27.0698	99.5839	100
1:23:48:10	5	6	22	27.0698	99.5839	100
1:23:49:20	5	6	22	27.0698	99.5839	100
1:23:50:35	5	6	22	27.0698	99.5839	100
1:23:51:45	5	6	22	27.0698	99.5839	100
1:23:52:55	5	6	22	27.0698	99.5839	100
1:23:54:10	5	6	22	27.0698	99.5839	100
1:23:55:25	5	6	22	27.0698	99.5839	100
1:23:56:35	5	6	22	27.0698	99.5839	100
1:23:57:50	5	6	22	27.0698	99.5839	100
1:23:59:0	5	6	22	27.0698	99.5839	100
2:0:0:15	5	6	22	27.0698	99.5839	100
2:0:1:25	5	6	22	27.0698	99.5839	100
2:0:2:35	5	6	22	27.0698	99.5839	100
2:0:3:50	5	6	22	27.0698	99.5839	100
2:0:5:5	5	6	22	27.0698	99.5839	100
2:0:6:15	5	6	22	27.0698	99.5839	100
2:0:7:30	5	6	22	27.0698	99.5839	100
2:0:8:40	5	6	22	27.0698	99.5839	100
2:0:9:50	5	6	22	27.0698	99.5839	100
2:0:11:5	5	6	22	27.0698	99.5839	100
2:0:12:15	5	6	22	27.0698	99.5839	100
2:0:13:30	5	6	22	27.0698	99.5839	100
2:0:14:40	5	6	22	27.0698	99.5839	100
2:0:15:55	5	6	22	27.0698	99.5839	100
2:0:17:10	5	6	22	27.0698	99.5839	100
2:0:18:20	5	6	22	27.0698	99.5839	100
2:0:19:30	5	6	22	27.0698	99.5839	100
2:0:20:45	5	6	22	27.0698	99.5839	100
2:0:21:55	5	6	22	27.0698	99.5839	100
2:0:23:10	5	6	22	27.0698	99.5839	100
2:0:24:20	5	6	22	27.0698	99.5839	100
2:0:25:35	5	6	22	27.0698	99.5839	100
2:0:26:45	5	6	22	27.0698	99.5839	100
2:0:28:0	5	6	22	27.0698	99.5839	100
2:0:29:5	5	6	22	27.0698	99.5839	100
2:0:30:20	5	6	22	27.0698	99.5839	100
2:0:31:30	5	6	22	27.0698	99.5839	100
2:0:32:45	5	6	22	27.0698	99.5839	100
2:0:33:55	5	6	22	27.0698	99.5839	100
2:0:35:10	5	6	22	27.0698	99.5839	100
2:0:36:20	5	6	22	27.0698	99.5839	100
2:0:37:35	5	6	22	27.0698	99.5839	100
2:0:38:45	5	6	22	27.0698	99.5839	100
2:0:40:0	5	6	22	27.0698	99.5839	100
2:0:41:10	5	6	22	27.0698	99.5839	100
2:0:42:25	5	6	22	27.0698	99.5839	100
2:0:43:40	5	6	22	27.0698	99.5839	100
2:0:44:50	5	6	22	27.0698	99.5839	100
2:0:46:5	5	6	22	27.0698	99.5839	100
2:0:47:15	5	6	22	27.0698	99.5839	100
2:0:48:25	5	6	22	27.0698	99.5839	100
2:0:49:40	5	6	22	27.0698	99.5839	100
2:0:50:55	5	6	22	27.0698	99.5839	100
2:0:52:5	5	6	22	27.0698	99.5839	100
2:0:53:20	5	6	22	27.0698	99.5839	100
2:0:54:30	5	6	22	27.0698	99.5839	100
2:0:55:40	5	6	22	27.0698	99.5839	100
2:0:56:55	5	6	22	27.0698	99.5839	100
2:0:58:10	5	6	22	27.0698	99.5839	100
2:0:59:20	5	6	22	27.0698	99.5839	100
2:1:0:35	5	6	22	27.0698	99.5839	100
2:1:1:45	5	6	22	27.0698	99.5839	100
2:1:3:0	5	6	22	27.0698	99.5839	100
2:1:4:10	5	6	22	27.0698	99.5839	100
2:1:5:25	5	6	22	27.0698	99.5839	100
2:1:6:35	5	6	22	27.0698	99.5839	100
2:1:7:50	5	6	22	27.0698	99.5839	100
2:1:9:0	5	6	22	27.0698	99.5839	100
2:1:10:15	5	6	22	27.0698	99.5839	100
2:1:11:25	5	6	22	27.0698	99.5839	100
2:1:12:40	5	6	22	27.0698	99.5839	100
2:1:13:50	5	6	22	27.0698	99.5839	100
2:1:15:5	5	6	22	27.0698	99.5839	100
2:1:16:15	5	6	22	27.0698	99.5839	100
2:1:17:30	5	6	22	27.0698	99.5839	100
2:1:18:40	5	6	22	27.0698	99.5839	100
2:1:19:55	5	6	22	27.0698	99.5839	100
2:1:21:5	5	6	22	27.0698	99.5839	100
2:1:22:20	5	6	22	27.0698	99.5839	100
2:1:23:30	5	6	22	27.0698	99.5839	100
2:1:24:45	5	6	22	27.0698	99.5839	100
2:1:25:55	5	6	22	27.0698	99.5839	100
2:1:27:10	5	6	22	27.0698	99.5839	100
2:1:28:20	5	6	22	27.0698	99.5839	100
2:1:29:35	5	6	22	27.0698	99.5839	100
2:1:30:45	5	6	22	27.0698	99.5839	100
2:1:32:0	5	6	22	27.0698	99.5839	100
2:1:33:10	5	6	22	27.0698	99.5839	100
2:1:34:25	5	6	22	27.0698	99.5839	100
2:1:35:35	5	6	22	27.0698	99.5839	100
2:1:36:50	5	6	22	27.0698	99.5839	100
2:1:38:0	5	6	22	27.0698	99.5839	100
2:1:39:15	5	6	22	27.0698	99.5839	100
2:1:40:25	5	6	22	27.0698	99.5839	100
2:1:41:40	5	6	22	27.0698	99.5839	100
2:1:42:50	5	6	22	27.0698	99.5839	100
2:1:44:5	5	6	22	27.0698	99.5839	100
2:1:45:15	5	6	22	27.0698	99.5839	100
2:1:46:30	5	6	22	27.0698	99.5839	100
2:1:47:40	5	6	22	27.0698	99.5839	100
2:1:48:55	5	6	22	27.0698	99.5839	100
2:1:50:5	5	6	22	27.0698	99.5839	100
2:1:51:20	5	6	22	27.0698	99.5839	100
2:1:52:30	5	6	22	27.0698	99.5839	100
2:1:53:45	5	6	22	27.0698	99.5839	100
2:1:54:55	5	6	22	27.0698	99.5839	100
2:1:56:10	5	6	22	27.0698	99.5839	100
2:1:57:20	5	6	22	27.0698	99.5839	100
2:1:58:35	5	6	22	27.0698	99.5839	100
2:1:59:45	5	6	22	27.0698	99.5839	100
2:2:1:0	5	6	22	27.0698	99.5839	100
2:2:2:10	5	6	22	27.0698	99.5839	100
2:2:3:25	5	6	22	27.0698	99.5839	100
2:2:4:35	5	6	22	27.0698	99.5839	100
2:2:5:50	5	6	22	27.0698	99.5839	100
2:2:7:0	5	6	22	27.0698	99.5839	100
2:2:8:15	5	6	22	27.0698	99.5839	100
2:2:9:25	5	6	22	27.0698	99.5839	100
2:2:10:40	5	6	22	27.0698	99.5839	100
2:2:11:50	5	6	22	27.0698	99.5839	100
2:2:13:5	5	6	22	27.0698	99.5839	100
2:2:14:15	5	6	22	27.0698	99.5839	100
2:2:15:30	5	6	22	27.0698	99.5839	100
2:2:16:45	5	6	22	27.0698	99.5839	100
2:2:17:55	5	6	22	27.0698	99.5839	100
2:2:19:5	5	6	22	27.0698	99.5839	100
2:2:20:20	5	6	22	27.0698	99.5839	100
2:2:21:30	5	6	22	27.0698	99.5839	100
2:2:22:45	5	6	22	27.0698	99.5839	100
2:2:23:55	5	6	22	27.0698	99.5839	100
2:2:25:10	5	6	22	27.0698	99.5839	100
2:2:26:20	5	6	22	27.0698	99.5839	100
2:2:27:35	5	6	22	27.0698	99.5839	100
2:2:28:45	5	6	22	27.0698	99.5839	100
2:2:30:0	5	6	22	27.0698	99.5839	100
2:2:31:10	5	6	22	27.0698	99.5839	100
2:2:32:25	5	6	22	27.0698	99.5839	100
2:2:33:35	5	6	22	27.0698	99.5839	100
2:2:34:50	5	6	22	27.0698	99.5839	100
2:2:36:0	5	6	22	27.0698	99.5839	100
2:2:37:15	5	6	22	27.0698	99.5839	100
2:2:38:25	5	6	22	27.0698	99.5839	100
2:2:39:40	5	6	22	27.0698	99.5839	100
2:2:40:50	5	6	22	27.0698	99.5839	100
2:2:42:5	5	6	22	27.0698	99.5839	100
2:2:43:15	5	6	22	27.0698	99.5839	100
2:2:44:30	5	6	22	27.0698	99.5839	100
2:2:45:40	5	6	22	27.0698	99.5839	100
2:2:46:55	5	6	22	27.0698	99.5839	100
2:2:48:5	5	6	22	27.0698	99.5839	100
2:2:49:20	5	6	22	27.0698	99.5839	100
2:2:50:30	5	6	22	27.0698	99.5839	100
2:2:51:45	5	6	22	27.0698	99.5839	100
2:2:52:55	5	6	22	27.0698	99.5839	100
2:2:54:10	5	6	22	27.0698	99.5839	100
2:2:55:20	5	6	22	27.0698	99.5839	100
2:2:56:35	5	6	22	27.0698	99.5839	100
2:2:57:45	5	6	22	27.0698	99.5839	100
2:2:59:0	5	6	22	27.0698	99.5839	100
2:3:0:10	5	6	22	27.0698	99.5839	100
2:3:1:25	5	6	22	27.0698	99.5839	100
2:3:2:35	5	6	22	27.0698	99.5839	100
2:3:3:50	5	6	22	27.0698	99.5839	100
2:3:5:0	5	6	22	27.0698	99.5839	100
2:3:6:15	5	6	22	27.0698	99.5839	100
2:3:7:25	5	6	22	27.0698	99.5839	100
2:3:8:40	5	6	22	27.0698	99.5839	100
2:3:9:50	5	6	22	27.0698	99.5839	100
2:3:11:5	5	6	22	27.0698	99.5839	100
2:3:12:15	5	6	22	27.0698	99.5839	100
2:3:13:30	5	6	22	27.0698	99.5839	100
2:3:14:40	5	6	22	27.0698	99.5839	100
2:3:15:55	5	6	22	27.0698	99.5839	100
2:3:17:5	5	6	22	27.0698	99.5839	100
2:3:18:20	5	6	22	27.0698	99.5839	100
2:3:19:35	5	6	22	27.0698	99.5839	100
2:3:20:45	5	6	22	27.0698	99.5839	100
2:3:21:55	5	6	22	27.0698	99.5839	100
2:3:23:10	5	6	22	27.0698	99.5839	100
2:3:24:20	5	6	22	27.0698	99.5839	100
2:3:25:35	5	6	22	27.0698	99.5839	100
2:3:26:45	5	6	22	27.0698	99.5839	100
2:3:28:0	5	6	22	27.0698	99.5839	100
2:3:29:10	5	6	22	27.0698	99.5839	100
2:3:30:25	5	6	22	27.0698	99.5839	100
2:3:31:35	5	6	22	27.0698	99.5839	100
2:3:32:50	5	6	22	27.0698	99.5839	100
2:3:34:0	5	6	22	27.0698	99.5839	100
2:3:35:15	5	6	22	27.0698	99.5839	100
2:3:36:25	5	6	22	27.0698	99.5839	100
2:3:37:40	5	6	22	27.0698	99.5839	100
2:3:38:50	5	6	22	27.0698	99.5839	100
2:3:40:5	5	6	22	27.0698	99.5839	100
2:3:41:15	5	6	22	27.0698	99.5839	100
2:3:42:30	5	6	22	27.0698	99.5839	100
2:3:43:40	5	6	22	27.0698	99.5839	100
2:3:44:55	5	6	22	27.0698	99.5839	100
2:3:46:5	5	6	22	27.0698	99.5839	100
2:3:47:20	5	6	22	27.0698	99.5839	100
2:3:48:30	5	6	22	27.0698	99.5839	100
2:3:49:45	5	6	22	27.0698	99.5839	100
2:3:50:55	5	6	22	27.0698	99.5839	100
2:3:52:10	5	6	22	27.0698	99.5839	100
2:3:53:20	5	6	22	27.0698	99.5839	100
2:3:54:35	5	6	22	27.0698	99.5839	100
2:3:55:45	5	6	22	27.0698	99.5839	100
2:3:57:0	5	6	22	27.0698	99.5839	100
2:3:58:10	5	6	22	27.0698	99.5839	100
2:3:59:25	5	6	22	27.0698	99.5839	100
2:4:0:35	5	6	22	27.0698	99.5839	100
2:4:1:50	5	6	22	27.0698	99.5839	100
2:4:3:0	5	6	22	27.0698	99.5839	100
2:4:4:15	5	6	22	27.0698	99.5839	100
2:4:5:25	5	6	22	27.0698	99.5839	100
2:4:6:40	5	6	22	27.0698	99.5839	100
2:4:7:50	5	6	22	27.0698	99.5839	100
2:4:9:5	5	6	22	27.0698	99.5839	100
2:4:10:15	5	6	22	27.0698	99.5839	100
2:4:11:30	5	6	22	27.0698	99.5839	100
2:4:12:40	5	6	22	27.0698	99.5839	100
2:4:13:55	5	6	22	27.0698	99.5839	100
2:4:15:5	5	6	22	27.0698	99.5839	100
2:4:16:20	5	6	22	27.0698	99.5839	100
2:4:17:30	5	6	22	27.0698	99.5839	100
2:4:18:45	5	6	22	27.0698	99.5839	100
2:4:19:55	5	6	22	27.0698	99.5839	100
2:4:21:10	5	6	22	27.0698	99.5839	100
2:4:22:20	5	6	22	27.0698	99.5839	100
2:4:23:35	5	6	22	27.0698	99.5839	100
2:4:24:45	5	6	22	27.0698	99.5839	100
2:4:26:0	5	6	22	27.0698	99.5839	100
2:4:27:10	5	6	22	27.0698	99.5839	100
2:4:28:25	5	6	22	27.0698	99.5839	100
2:4:29:35	5	6	22	27.0698	99.5839	100
2:4:30:50	5	6	22	27.0698	99.5839	100
2:4:32:0	5	6	22	27.0698	99.5839	100
2:4:33:15	5	6	22	27.0698	99.5839	100
2:4:34:25	5	6	22	27.0698	99.5839	100
2:4:35:40	5	6	22	27.0698	99.5839	100
2:4:36:50	5	6	22	27.0698	99.5839	100
2:4:38:5	5	6	22	27.0698	99.5839	100
2:4:39:15	5	6	22	27.0698	99.5839	100
2:4:40:30	5	6	22	27.0698	99.5839	100
2:4:41:40	5	6	22	27.0698	99.5839	100
2:4:42:55	5	6	22	27.0698	99.5839	100
2:4:44:5	5	6	22	27.0698	99.5839	100
2:4:45:20	5	6	22	27.0698	99.5839	100
2:4:46:30	5	6	22	27.0698	99.5839	100
2:4:47:45	5	6	22	27.0698	99.5839	100
2:4:48:55	5	6	22	27.0698	99.5839	100
2:4:50:10	5	6	22	27.0698	99.5839	100
2:4:51:20	5	6	22	27.0698	99.5839	100
2:4:52:35	5	6	22	27.0698	99.5839	100
2:4:53:45	5	6	22	27.0698	99.5839	100
2:4:55:0	5	6	22	27.0698	99.5839	100
2:4:56:10	5	6	22	27.0698	99.5839	100
2:4:57:25	5	6	22	27.0698	99.5839	100
2:4:58:35	5	6	22	27.0698	99.5839	100
2:4:59:50	5	6	22	27.0698	99.5839	100
2:5:1:0	5	6	22	27.0698	99.5839	100
2:5:2:15	5	6	22	27.0698	99.5839	100
2:5:3:25	5	6	22	27.0698	99.5839	100
2:5:4:40	5	6	22	27.0698	99.5839	100
2:5:5:50	5	6	22	27.0698	99.5839	100
2:5:7:5	5	6	22	27.0698	99.5839	100
2:5:8:15	5	6	22	27.0698	99.5839	100
2:5:9:30	5	6	22	27.0698	99.5839	100
2:5:10:40	5	6	22	27.0698	99.5839	100
2:5:11:55	5	6	22	27.0698	99.5839	100
2:5:13:5	5	6	22	27.0698	99.5839	100
2:5:14:20	5	6	22	27.0698	99.5839	100
2:5:15:30	5	6	22	27.0698	99.5839	100
2:5:16:45	5	6	22	27.0698	99.5839	100
2:5:17:55	5	6	22	27.0698	99.5839	100
2:5:19:10	5	6	22	27.0698	99.5839	100
2:5:20:20	5	6	22	27.0698	99.5839	100
2:5:21:35	5	6	22	27.0698	99.5839	100
2:5:22:45	5	6	22	27.0698	99.5839	100
2:5:24:0	5	6	22	27.0698	99.5839	100
2:5:25:10	5	6	22	27.0698	99.5839	100
2:5:26:25	5	6	22	27.0698	99.5839	100
2:5:27:35	5	6	22	27.0698	99.5839	100
2:5:28:50	5	6	22	27.0698	99.5839	100
2:5:30:0	5	6	22	27.0698	99.5839	100
2:5:31:15	5	6	22	27.0698	99.5839	100
2:5:32:25	5	6	22	27.0698	99.5839	100
2:5:33:40	5	6	22	27.0698	99.5839	100
2:5:34:50	5	6	22	27.0698	99.5839	100
2:5:36:5	5	6	22	27.0698	99.5839	100
2:5:37:15	5	6	22	27.0698	99.5839	100
2:5:38:30	5	6	22	27.0698	99.5839	100
2:5:39:40	5	6	22	27.0698	99.5839	100
2:5:40:55	5	6	22	27.0698	99.5839	100
2:5:42:5	5	6	22	27.0698	99.5839	100
2:5:43:20	5	6	22	27.0698	99.5839	100
2:5:44:30	5	6	22	27.0698	99.5839	100
2:5:45:45	5	6	22	27.0698	99.5839	100
2:5:46:55	5	6	22	27.0698	99.5839	100
2:5:48:10	5	6	22	27.0698	99.5839	100
2:5:49:20	5	6	22	27.0698	99.5839	100
2:5:50:35	5	6	22	27.0698	99.5839	100
2:5:51:45	5	6	22	27.0698	99.5839	100
2:5:53:0	5	6	22	27.0698	99.5839	100
2:5:54:10	5	6	22	27.0698	99.5839	100
2:5:55:25	5	6	22	27.0698	99.5839	100
2:5:56:35	5	6	22	27.0698	99.5839	100
2:5:57:50	5	6	22	27.0698	99.5839	100
2:5:59:0	5	6	22	27.0698	99.5839	100
2:6:0:15	5	6	22	27.0698	99.5839	100
2:6:1:25	5	6	22	27.0698	99.5839	100
2:6:2:40	5	6	22	27.0698	99.5839	100
2:6:3:50	5	6	22	27.0698	99.5839	100
2:6:5:5	5	6	22	27.0698	99.5839	100
2:6:6:15	5	6	22	27.0698	99.5839	100
2:6:7:30	5	6	22	27.0698	99.5839	100
2:6:8:40	5	6	22	27.0698	99.5839	100
2:6:9:55	5	6	22	27.0698	99.5839	100
2:6:11:5	5	6	22	27.0698	99.5839	100
2:6:12:20	5	6	22	27.0698	99.5839	100
2:6:13:30	5	6	22	27.0698	99.5839	100
2:6:14:45	5	6	22	27.0698	99.5839	100
2:6:15:55	5	6	22	27.0698	99.5839	100
2:6:17:10	5	6	22	27.0698	99.5839	100
2:6:18:20	5	6	22	27.0698	99.5839	100
2:6:19:35	5	6	22	27.0698	99.5839	100
2:6:20:45	5	6	22	27.0698	99.5839	100
2:6:22:0	5	6	22	27.0698	99.5839	100
2:6:23:10	5	6	22	27.0698	99.5839	100
2:6:24:25	5	6	22	27.0698	99.5839	100
2:6:25:40	5	6	22	27.0698	99.5839	100
2:6:26:50	5	6	22	27.0698	99.5839	100
2:6:28:5	5	6	22	27.0698	99.5839	100
2:6:29:15	5	6	22	27.0698	99.5839	100
2:6:30:30	5	6	22	27.0698	99.5839	100
2:6:31:40	5	6	22	27.0698	99.5839	100
2:6:32:55	5	6	22	27.0698	99.5839	100
2:6:34:5	5	6	22	27.0698	99.5839	100
2:6:35:20	5	6	22	27.0698	99.5839	100
2:6:36:30	5	6	22	27.0698	99.5839	100
2:6:37:45	5	6	22	27.0698	99.5839	100
2:6:38:55	5	6	22	27.0698	99.5839	100
2:6:40:10	5	6	22	27.0698	99.5839	100
2:6:41:20	5	6	22	27.0698	99.5839	100
2:6:42:35	5	6	22	27.0698	99.5839	100
2:6:43:45	5	6	22	27.0698	99.5839	100
2:6:45:0	5	6	22	27.0698	99.5839	100
2:6:46:10	5	6	22	27.0698	99.5839	100
2:6:47:25	5	6	22	27.0698	99.5839	100
2:6:48:35	5	6	22	27.0698	99.5839	100
2:6:49:50	5	6	22	27.0698	99.5839	100
2:6:51:0	5	6	22	27.0698	99.5839	100
2:6:52:15	5	6	22	27.0698	99.5839	100
2:6:53:25	5	6	22	27.0698	99.5839	100
2:6:54:40	5	6	22	27.0698	99.5839	100
2:6:55:50	5	6	22	27.0698	99.5839	100
2:6:57:5	5	6	22	27.0698	99.5839	100
2:6:58:15	5	6	22	27.0698	99.5839	100
2:6:59:30	5	6	22	27.0698	99.5839	100
2:7:0:40	5	6	22	27.0698	99.5839	100
2:7:1:55	5	6	22	27.0698	99.5839	100
2:7:3:5	5	6	22	27.0698	99.5839	100
2:7:4:20	5	6	22	27.0698	99.5839	100
2:7:5:30	5	6	22	27.0698	99.5839	100
2:7:6:45	5	6	22	27.0698	99.5839	100
2:7:7:55	5	6	22	27.0698	99.5839	100
2:7:9:10	5	6	22	27.0698	99.5839	100
2:7:10:20	5	6	22	27.0698	99.5839	100
2:7:11:35	5	6	22	27.0698	99.5839	100
2:7:12:45	5	6	22	27.0698	99.5839	100
2:7:14:0	5	6	22	27.0698	99.5839	100
2:7:15:10	5	6	22	27.0698	99.5839	100
2:7:16:25	5	6	22	27.0698	99.5839	100
2:7:17:35	5	6	22	27.0698	99.5839	100
2:7:18:50	5	6	22	27.0698	99.5839	100
2:7:20:0	5	6	22	27.0698	99.5839	100
2:7:21:15	5	6	22	27.0698	99.5839	100
2:7:22:25	5	6	22	27.0698	99.5839	100
2:7:23:40	5	6	22	27.0698	99.5839	100
2:7:24:50	5	6	22	27.0698	99.5839	100
2:7:26:5	5	6	22	27.0698	99.5839	100
2:7:27:20	5	6	22	27.0698	99.5839	100
2:7:28:30	5	6	22	27.0698	99.5839	100
2:7:29:40	5	6	22	27.0698	99.5839	100
2:7:30:55	5	6	22	27.0698	99.5839	100
2:7:32:5	5	6	22	27.0698	99.5839	100
2:7:33:20	5	6	22	27.0698	99.5839	100
2:7:34:30	5	6	22	27.0698	99.5839	100
2:7:35:45	5	6	22	27.0698	99.5839	100
2:7:36:55	5	6	22	27.0698	99.5839	100
2:7:38:10	5	6	22	27.0698	99.5839	100
2:7:39:25	5	6	22	27.0698	99.5839	100
2:7:40:35	5	6	22	27.0698	99.5839	100
2:7:41:50	5	6	22	27.0698	99.5839	100
2:7:43:0	5	6	22	27.0698	99.5839	100
2:7:44:10	5	6	22	27.0698	99.5839	100
2:7:45:25	5	6	22	27.0698	99.5839	100
2:7:46:40	5	6	22	27.0698	99.5839	100
2:7:47:50	5	6	22	27.0698	99.5839	100
2:7:49:5	5	6	22	27.0698	99.5839	100
2:7:50:15	5	6	22	27.0698	99.5839	100
2:7:51:30	5	6	22	27.0698	99.5839	100
2:7:52:40	5	6	22	27.0698	99.5839	100
2:7:53:55	5	6	22	27.0698	99.5839	100
2:7:55:5	5	6	22	27.0698	99.5839	100
2:7:56:20	5	6	22	27.0698	99.5839	100
2:7:57:30	5	6	22	27.0698	99.5839	100
2:7:58:45	5	6	22	27.0698	99.5839	100
2:7:59:55	5	6	22	27.0698	99.5839	100
2:8:1:10	5	6	22	27.0698	99.5839	100
2:8:2:20	5	6	22	27.0698	99.5839	100
2:8:3:35	5	6	22	27.0698	99.5839	100
2:8:4:45	5	6	22	27.0698	99.5839	100
2:8:6:0	5	6	22	27.0698	99.5839	100
2:8:7:10	5	6	22	27.0698	99.5839	100
2:8:8:25	5	6	22	27.0698	99.5839	100
2:8:9:35	5	6	22	27.0698	99.5839	100
2:8:10:50	5	6	22	27.0698	99.5839	100
2:8:12:0	5	6	22	27.0698	99.5839	100
2:8:13:15	5	6	22	27.0698	99.5839	100
2:8:14:30	5	6	22	27.0698	99.5839	100
2:8:15:40	5	6	22	27.0698	99.5839	100
2:8:16:55	5	6	22	27.0698	99.5839	100
2:8:18:5	5	6	22	27.0698	99.5839	100
2:8:19:15	5	6	22	27.0698	99.5839	100
2:8:20:30	5	6	22	27.0698	99.5839	100
2:8:21:45	5	6	22	27.0698	99.5839	100
2:8:22:55	5	6	22	27.0698	99.5839	100
2:8:24:10	5	6	22	27.0698	99.5839	100
2:8:25:20	5	6	22	27.0698	99.5839	100
2:8:26:35	5	6	22	27.0698	99.5839	100
2:8:27:45	5	6	22	27.0698	99.5839	100
2:8:28:55	5	6	22	27.0698	99.5839	100
2:8:30:10	5	6	22	27.0698	99.5839	100
2:8:31:20	5	6	22	27.0698	99.5839	100
2:8:32:35	5	6	22	27.0698	99.5839	100
2:8:33:50	5	6	22	27.0698	99.5839	100
2:8:35:0	5	6	22	27.0698	99.5839	100
2:8:36:15	5	6	22	27.0698	99.5839	100
2:8:37:25	5	6	22	27.0698	99.5839	100
2:8:38:40	5	6	22	27.0698	99.5839	100
2:8:39:50	5	6	22	27.0698	99.5839	100
2:8:41:5	5	6	22	27.0698	99.5839	100
2:8:42:15	5	6	22	27.0698	99.5839	100
2:8:43:30	5	6	22	27.0698	99.5839	100
2:8:44:40	5	6	22	27.0698	99.5839	100
2:8:45:55	5	6	22	27.0698	99.5839	100
2:8:47:5	5	6	22	27.0698	99.5839	100
2:8:48:20	5	6	22	27.0698	99.5839	100
2:8:49:30	5	6	22	27.0698	99.5839	100
2:8:50:45	5	6	22	27.0698	99.5839	100
2:8:51:55	5	6	22	27.0698	99.5839	100
2:8:53:10	5	6	22	27.0698	99.5839	100
2:8:54:20	5	6	22	27.0698	99.5839	100
2:8:55:35	5	6	22	27.0698	99.5839	100
2:8:56:45	5	6	22	27.0698	99.5839	100
2:8:58:0	5	6	22	27.0698	99.5839	100
2:8:59:10	5	6	22	27.0698	99.5839	100
2:9:0:25	5	6	22	27.0698	99.5839	100
2:9:1:35	5	6	22	27.0698	99.5839	100
2:9:2:50	5	6	22	27.0698	99.5839	100
2:9:4:0	5	6	22	27.0698	99.5839	100
2:9:5:15	5	6	22	27.0698	99.5839	100
2:9:6:25	5	6	22	27.0698	99.5839	100
2:9:7:40	5	6	22	27.0698	99.5839	100
2:9:8:55	5	6	22	27.0698	99.5839	100
2:9:10:5	5	6	22	27.0698	99.5839	100
2:9:11:20	5	6	22	27.0698	99.5839	100
2:9:12:30	5	6	22	27.0698	99.5839	100
2:9:13:45	5	6	22	27.0698	99.5839	100
2:9:14:55	5	6	22	27.0698	99.5839	100
2:9:16:10	5	6	22	27.0698	99.5839	100
2:9:17:20	5	6	22	27.0698	99.5839	100
2:9:18:35	5	6	22	27.0698	99.5839	100
2:9:19:45	5	6	22	27.0698	99.5839	100
2:9:21:0	5	6	22	27.0698	99.5839	100
2:9:22:10	5	6	22	27.0698	99.5839	100
2:9:23:25	5	6	22	27.0698	99.5839	100
2:9:24:35	5	6	22	27.0698	99.5839	100
2:9:25:50	5	6	22	27.0698	99.5839	100
2:9:27:0	5	6	22	27.0698	99.5839	100
2:9:28:15	5	6	22	27.0698	99.5839	100
2:9:29:25	5	6	22	27.0698	99.5839	100
2:9:30:40	5	6	22	27.0698	99.5839	100
2:9:31:50	5	6	22	27.0698	99.5839	100
2:9:33:5	5	6	22	27.0698	99.5839	100
2:9:34:15	5	6	22	27.0698	99.5839	100
2:9:35:30	5	6	22	27.0698	99.5839	100
2:9:36:40	5	6	22	27.0698	99.5839	100
2:9:37:55	5	6	22	27.0698	99.5839	100
2:9:39:5	5	6	22	27.0698	99.5839	100
2:9:40:20	5	6	22	27.0698	99.5839	100
2:9:41:30	5	6	22	27.0698	99.5839	100
2:9:42:45	5	6	22	27.0698	99.5839	100
2:9:43:55	5	6	22	27.0698	99.5839	100
2:9:45:10	5	6	22	27.0698	99.5839	100
2:9:46:20	5	6	22	27.0698	99.5839	100
2:9:47:35	5	6	22	27.0698	99.5839	100
2:9:48:45	5	6	22	27.0698	99.5839	100
2:9:50:0	5	6	22	27.0698	99.5839	100
2:9:51:10	5	6	22	27.0698	99.5839	100
2:9:52:25	5	6	22	27.0698	99.5839	100
2:9:53:35	5	6	22	27.0698	99.5839	100
2:9:54:50	5	6	22	27.0698	99.5839	100
2:9:56:0	5	6	22	27.0698	99.5839	100
2:9:57:15	5	6	22	27.0698	99.5839	100
2:9:58:25	5	6	22	27.0698	99.5839	100
2:9:59:40	5	6	22	27.0698	99.5839	100
2:10:0:50	5	6	22	27.0698	99.5839	100
2:10:2:5	5	6	22	27.0698	99.5839	100
2:10:3:15	5	6	22	27.0698	99.5839	100
2:10:4:30	5	6	22	27.0698	99.5839	100
2:10:5:40	5	6	22	27.0698	99.5839	100
2:10:6:55	5	6	22	27.0698	99.5839	100
2:10:8:5	5	6	22	27.0698	99.5839	100
2:10:9:20	5	6	22	27.0698	99.5839	100
2:10:10:30	5	6	22	27.0698	99.5839	100
2:10:11:45	5	6	22	27.0698	99.5839	100
2:10:12:55	5	6	22	27.0698	99.5839	100
2:10:14:10	5	6	22	27.0698	99.5839	100
2:10:15:20	5	6	22	27.0698	99.5839	100
2:10:16:35	5	6	22	27.0698	99.5839	100
2:10:17:50	5	6	22	27.0698	99.5839	100
2:10:19:0	5	6	22	27.0698	99.5839	100
2:10:20:15	5	6	22	27.0698	99.5839	100
2:10:21:25	5	6	22	27.0698	99.5839	100
2:10:22:40	5	6	22	27.0698	99.5839	100
2:10:23:50	5	6	22	27.0698	99.5839	100
2:10:25:5	5	6	22	27.0698	99.5839	100
2:10:26:15	5	6	22	27.0698	99.5839	100
2:10:27:30	5	6	22	27.0698	99.5839	100
2:10:28:40	5	6	22	27.0698	99.5839	100
2:10:29:55	5	6	22	27.0698	99.5839	100
2:10:31:5	5	6	22	27.0698	99.5839	100
2:10:32:20	5	6	22	27.0698	99.5839	100
2:10:33:30	5	6	22	27.0698	99.5839	100
2:10:34:45	5	6	22	27.0698	99.5839	100
2:10:35:55	5	6	22	27.0698	99.5839	100
2:10:37:10	5	6	22	27.0698	99.5839	100
2:10:38:20	5	6	22	27.0698	99.5839	100
2:10:39:35	5	6	22	27.0698	99.5839	100
2:10:40:45	5	6	22	27.0698	99.5839	100
2:10:42:0	5	6	22	27.0698	99.5839	100
2:10:43:10	5	6	22	27.0698	99.5839	100
2:10:44:25	5	6	22	27.0698	99.5839	100
2:10:45:35	5	6	22	27.0698	99.5839	100
2:10:46:50	5	6	22	27.0698	99.5839	100
2:10:48:0	5	6	22	27.0698	99.5839	100
2:10:49:15	5	6	22	27.0698	99.5839	100
2:10:50:25	5	6	22	27.0698	99.5839	100
2:10:51:40	5	6	22	27.0698	99.5839	100
2:10:52:50	5	6	22	27.0698	99.5839	100
2:10:54:5	5	6	22	27.0698	99.5839	100
2:10:55:15	5	6	22	27.0698	99.5839	100
2:10:56:30	5	6	22	27.0698	99.5839	100
2:10:57:40	5	6	22	27.0698	99.5839	100
2:10:58:55	5	6	22	27.0698	99.5839	100
2:11:0:5	5	6	22	27.0698	99.5839	100
2:11:1:20	5	6	22	27.0698	99.5839	100
2:11:2:30	5	6	22	27.0698	99.5839	100
2:11:3:45	5	6	22	27.0698	99.5839	100
2:11:4:55	5	6	22	27.0698	99.5839	100
2:11:6:10	5	6	22	27.0698	99.5839	100
2:11:7:25	5	6	22	27.0698	99.5839	100
2:11:8:35	5	6	22	27.0698	99.5839	100
2:11:9:50	5	6	22	27.0698	99.5839	100
2:11:11:0	5	6	22	27.0698	99.5839	100
2:11:12:15	5	6	22	27.0698	99.5839	100
2:11:13:25	5	6	22	27.0698	99.5839	100
2:11:14:40	5	6	22	27.0698	99.5839	100
2:11:15:50	5	6	22	27.0698	99.5839	100
2:11:17:5	5	6	22	27.0698	99.5839	100
2:11:18:15	5	6	22	27.0698	99.5839	100
2:11:19:30	5	6	22	27.0698	99.5839	100
2:11:20:40	5	6	22	27.0698	99.5839	100
2:11:21:55	5	6	22	27.0698	99.5839	100
2:11:23:5	5	6	22	27.0698	99.5839	100
2:11:24:20	5	6	22	27.0698	99.5839	100
2:11:25:30	5	6	22	27.0698	99.5839	100
2:11:26:45	5	6	22	27.0698	99.5839	100
2:11:27:55	5	6	22	27.0698	99.5839	100
2:11:29:10	5	6	22	27.0698	99.5839	100
2:11:30:20	5	6	22	27.0698	99.5839	100
2:11:31:35	5	6	22	27.0698	99.5839	100
2:11:32:50	5	6	22	27.0698	99.5839	100
2:11:34:0	5	6	22	27.0698	99.5839	100
2:11:35:15	5	6	22	27.0698	99.5839	100
2:11:36:25	5	6	22	27.0698	99.5839	100
2:11:37:40	5	6	22	27.0698	99.5839	100
2:11:38:50	5	6	22	27.0698	99.5839	100
2:11:40:5	5	6	22	27.0698	99.5839	100
2:11:41:15	5	6	22	27.0698	99.5839	100
2:11:42:30	5	6	22	27.0698	99.5839	100
2:11:43:40	5	6	22	27.0698	99.5839	100
2:11:44:55	5	6	22	27.0698	99.5839	100
2:11:46:5	5	6	22	27.0698	99.5839	100
2:11:47:20	5	6	22	27.0698	99.5839	100
2:11:48:30	5	6	22	27.0698	99.5839	100
2:11:49:45	5	6	22	27.0698	99.5839	100
2:11:50:55	5	6	22	27.0698	99.5839	100
2:11:52:10	5	6	22	27.0698	99.5839	100
2:11:53:20	5	6	22	27.0698	99.5839	100
2:11:54:35	5	6	22	27.0698	99.5839	100
2:11:55:45	5	6	22	27.0698	99.5839	100
2:11:57:0	5	6	22	27.0698	99.5839	100
2:11:58:10	5	6	22	27.0698	99.5839	100
2:11:59:25	5	6	22	27.0698	99.5839	100
2:12:0:35	5	6	22	27.0698	99.5839	100
2:12:1:50	5	6	22	27.0698	99.5839	100
2:12:3:0	5	6	22	27.0698	99.5839	100
2:12:4:15	5	6	22	27.0698	99.5839	100
2:12:5:25	5	6	22	27.0698	99.5839	100
2:12:6:40	5	6	22	27.0698	99.5839	100
2:12:7:50	5	6	22	27.0698	99.5839	100
2:12:9:5	5	6	22	27.0698	99.5839	100
2:12:10:15	5	6	22	27.0698	99.5839	100
2:12:11:30	5	6	22	27.0698	99.5839	100
2:12:12:40	5	6	22	27.0698	99.5839	100
2:12:13:55	5	6	22	27.0698	99.5839	100
2:12:15:5	5	6	22	27.0698	99.5839	100
2:12:16:20	5	6	22	27.0698	99.5839	100
2:12:17:30	5	6	22	27.0698	99.5839	100
2:12:18:45	5	6	22	27.0698	99.5839	100
2:12:19:55	5	6	22	27.0698	99.5839	100
2:12:21:10	5	6	22	27.0698	99.5839	100
2:12:22:20	5	6	22	27.0698	99.5839	100
2:12:23:35	5	6	22	27.0698	99.5839	100
2:12:24:45	5	6	22	27.0698	99.5839	100
2:12:26:0	5	6	22	27.0698	99.5839	100
2:12:27:10	5	6	22	27.0698	99.5839	100
2:12:28:25	5	6	22	27.0698	99.5839	100
2:12:29:35	5	6	22	27.0698	99.5839	100
2:12:30:50	5	6	22	27.0698	99.5839	100
2:12:32:0	5	6	22	27.0698	99.5839	100
2:12:33:15	5	6	22	27.0698	99.5839	100
2:12:34:30	5	6	22	27.0698	99.5839	100
2:12:35:40	5	6	22	27.0698	99.5839	100
2:12:36:55	5	6	22	27.0698	99.5839	100
2:12:38:5	5	6	22	27.0698	99.5839	100
2:12:39:20	5	6	22	27.0698	99.5839	100
2:12:40:30	5	6	22	27.0698	99.5839	100
2:12:41:45	5	6	22	27.0698	99.5839	100
2:12:43:0	5	6	22	27.0698	99.5839	100
2:12:44:10	5	6	22	27.0698	99.5839	100
2:12:45:25	5	6	22	27.0698	99.5839	100
2:12:46:40	5	6	22	27.0698	99.5839	100
2:12:47:50	5	6	22	27.0698	99.5839	100
2:12:49:5	5	6	22	27.0698	99.5839	100
2:12:50:20	5	6	22	27.0698	99.5839	100
2:12:51:30	5	6	22	27.0698	99.5839	100
2:12:52:45	5	6	22	27.0698	99.5839	100
2:12:53:55	5	6	22	27.0698	99.5839	100
2:12:55:10	5	6	22	27.0698	99.5839	100
2:12:56:25	5	6	22	27.0698	99.5839	100
2:12:57:35	5	6	22	27.0698	99.5839	100
2:12:58:50	5	6	22	27.0698	99.5839	100
2:13:0:0	5	6	22	27.0698	99.5839	100
2:13:1:15	5	6	22	27.0698	99.5839	100
2:13:2:25	5	6	22	27.0698	99.5839	100
2:13:3:40	5	6	22	27.0698	99.5839	100
2:13:4:50	5	6	22	27.0698	99.5839	100
2:13:6:5	5	6	22	27.0698	99.5839	100
2:13:7:20	5	6	22	27.0698	99.5839	100
2:13:8:30	5	6	22	27.0698	99.5839	100
2:13:9:45	5	6	22	27.0698	99.5839	100
2:13:10:55	5	6	22	27.0698	99.5839	100
2:13:12:10	5	6	22	27.0698	99.5839	100
2:13:13:20	5	6	22	27.0698	99.5839	100
2:13:14:35	5	6	22	27.0698	99.5839	100
2:13:15:50	5	6	22	27.0698	99.5839	100
2:13:17:0	5	6	22	27.0698	99.5839	100
2:13:18:15	5	6	22	27.0698	99.5839	100
2:13:19:25	5	6	22	27.0698	99.5839	100
2:13:20:40	5	6	22	27.0698	99.5839	100
2:13:21:50	5	6	22	27.0698	99.5839	100
2:13:23:5	5	6	22	27.0698	99.5839	100
2:13:24:20	5	6	22	27.0698	99.5839	100
2:13:25:30	5	6	22	27.0698	99.5839	100
2:13:26:45	5	6	22	27.0698	99.5839	100
2:13:27:55	5	6	22	27.0698	99.5839	100
2:13:29:10	5	6	22	27.0698	99.5839	100
2:13:30:20	5	6	22	27.0698	99.5839	100
2:13:31:35	5	6	22	27.0698	99.5839	100
2:13:32:45	5	6	22	27.0698	99.5839	100
2:13:34:0	5	6	22	27.0698	99.5839	100
2:13:35:15	5	6	22	27.0698	99.5839	100
2:13:36:25	5	6	22	27.0698	99.5839	100
2:13:37:40	5	6	22	27.0698	99.5839	100
2:13:38:50	5	6	22	27.0698	99.5839	100
2:13:40:5	5	6	22	27.0698	99.5839	100
2:13:41:15	5	6	22	27.0698	99.5839	100
2:13:42:30	5	6	22	27.0698	99.5839	100
2:13:43:45	5	6	22	27.0698	99.5839	100
2:13:44:55	5	6	22	27.0698	99.5839	100
2:13:46:10	5	6	22	27.0698	99.5839	100
2:13:47:20	5	6	22	27.0698	99.5839	100
2:13:48:35	5	6	22	27.0698	99.5839	100
2:13:49:45	5	6	22	27.0698	99.5839	100
2:13:51:0	5	6	22	27.0698	99.5839	100
2:13:52:15	5	6	22	27.0698	99.5839	100
2:13:53:25	5	6	22	27.0698	99.5839	100
2:13:54:40	5	6	22	27.0698	99.5839	100
2:13:55:50	5	6	22	27.0698	99.5839	100
2:13:57:5	5	6	22	27.0698	99.5839	100
2:13:58:20	5	6	22	27.0698	99.5839	100
2:13:59:30	5	6	22	27.0698	99.5839	100
2:14:0:45	5	6	22	27.0698	99.5839	100
2:14:1:55	5	6	22	27.0698	99.5839	100
2:14:3:10	5	6	22	27.0698	99.5839	100
2:14:4:20	5	6	22	27.0698	99.5839	100
2:14:5:35	5	6	22	27.0698	99.5839	100
2:14:6:50	5	6	22	27.0698	99.5839	100
2:14:8:0	5	6	22	27.0698	99.5839	100
2:14:9:15	5	6	22	27.0698	99.5839	100
2:14:10:25	5	6	22	27.0698	99.5839	100
2:14:11:40	5	6	22	27.0698	99.5839	100
2:14:12:50	5	6	22	27.0698	99.5839	100
2:14:14:5	5	6	22	27.0698	99.5839	100
2:14:15:15	5	6	22	27.0698	99.5839	100
2:14:16:30	5	6	22	27.0698	99.5839	100
2:14:17:45	5	6	22	27.0698	99.5839	100
2:14:18:55	5	6	22	27.0698	99.5839	100
2:14:20:10	5	6	22	27.0698	99.5839	100
2:14:21:20	5	6	22	27.0698	99.5839	100
2:14:22:35	5	6	22	27.0698	99.5839	100
2:14:23:45	5	6	22	27.0698	99.5839	100
2:14:25:0	5	6	22	27.0698	99.5839	100
2:14:26:10	5	6	22	27.0698	99.5839	100
2:14:27:25	5	6	22	27.0698	99.5839	100
2:14:28:40	5	6	22	27.0698	99.5839	100
2:14:29:50	5	6	22	27.0698	99.5839	100
2:14:31:5	5	6	22	27.0698	99.5839	100
2:14:32:15	5	6	22	27.0698	99.5839	100
2:14:33:30	5	6	22	27.0698	99.5839	100
2:14:34:40	5	6	22	27.0698	99.5839	100
2:14:35:55	5	6	22	27.0698	99.5839	100
2:14:37:5	5	6	22	27.0698	99.5839	100
2:14:38:20	5	6	22	27.0698	99.5839	100
2:14:39:35	5	6	22	27.0698	99.5839	100
2:14:40:45	5	6	22	27.0698	99.5839	100
2:14:42:0	5	6	22	27.0698	99.5839	100
2:14:43:10	5	6	22	27.0698	99.5839	100
2:14:44:25	5	6	22	27.0698	99.5839	100
2:14:45:35	5	6	22	27.0698	99.5839	100
2:14:46:50	5	6	22	27.0698	99.5839	100
2:14:48:0	5	6	22	27.0698	99.5839	100
2:14:49:15	5	6	22	27.0698	99.5839	100
2:14:50:30	5	6	22	27.0698	99.5839	100
2:14:51:40	5	6	22	27.0698	99.5839	100
2:14:52:55	5	6	22	27.0698	99.5839	100
2:14:54:5	5	6	22	27.0698	99.5839	100
2:14:55:20	5	6	22	27.0698	99.5839	100
2:14:56:30	5	6	22	27.0698	99.5839	100
2:14:57:45	5	6	22	27.0698	99.5839	100
2:14:58:55	5	6	22	27.0698	99.5839	100
2:15:0:10	5	6	22	27.0698	99.5839	100
2:15:1:25	5	6	22	27.0698	99.5839	100
2:15:2:35	5	6	22	27.0698	99.5839	100
2:15:3:50	5	6	22	27.0698	99.5839	100
2:15:5:0	5	6	22	27.0698	99.5839	100
2:15:6:15	5	6	22	27.0698	99.5839	100
2:15:7:30	5	6	22	27.0698	99.5839	100
2:15:8:40	5	6	22	27.0698	99.5839	100
2:15:9:55	5	6	22	27.0698	99.5839	100
2:15:11:5	5	6	22	27.0698	99.5839	100
2:15:12:20	5	6	22	27.0698	99.5839	100
2:15:13:30	5	6	22	27.0698	99.5839	100
2:15:14:45	5	6	22	27.0698	99.5839	100
2:15:16:0	5	6	22	27.0698	99.5839	100
2:15:17:10	5	6	22	27.0698	99.5839	100
2:15:18:25	5	6	22	27.0698	99.5839	100
2:15:19:35	5	6	22	27.0698	99.5839	100
2:15:20:50	5	6	22	27.0698	99.5839	100
2:15:22:0	5	6	22	27.0698	99.5839	100
2:15:23:15	5	6	22	27.0698	99.5839	100
2:15:24:30	5	6	22	27.0698	99.5839	100
2:15:25:40	5	6	22	27.0698	99.5839	100
2:15:26:55	5	6	22	27.0698	99.5839	100
2:15:28:5	5	6	22	27.0698	99.5839	100
2:15:29:20	5	6	22	27.0698	99.5839	100
2:15:30:30	5	6	22	27.0698	99.5839	100
2:15:31:45	5	6	22	27.0698	99.5839	100
2:15:33:0	5	6	22	27.0698	99.5839	100
2:15:34:10	5	6	22	27.0698	99.5839	100
2:15:35:25	5	6	22	27.0698	99.5839	100
2:15:36:35	5	6	22	27.0698	99.5839	100
2:15:37:50	5	6	22	27.0698	99.5839	100
2:15:39:0	5	6	22	27.0698	99.5839	100
2:15:40:15	5	6	22	27.0698	99.5839	100
2:15:41:25	5	6	22	27.0698	99.5839	100
2:15:42:40	5	6	22	27.0698	99.5839	100
2:15:43:55	5	6	22	27.0698	99.5839	100
2:15:45:5	5	6	22	27.0698	99.5839	100
2:15:46:20	5	6	22	27.0698	99.5839	100
2:15:47:30	5	6	22	27.0698	99.5839	100
2:15:48:45	5	6	22	27.0698	99.5839	100
2:15:49:55	5	6	22	27.0698	99.5839	100
2:15:51:10	5	6	22	27.0698	99.5839	100
2:15:52:25	5	6	22	27.0698	99.5839	100
2:15:53:35	5	6	22	27.0698	99.5839	100
2:15:54:50	5	6	22	27.0698	99.5839	100
2:15:56:0	5	6	22	27.0698	99.5839	100
2:15:57:15	5	6	22	27.0698	99.5839	100
2:15:58:25	5	6	22	27.0698	99.5839	100
2:15:59:40	5	6	22	27.0698	99.5839	100
2:16:0:50	5	6	22	27.0698	99.5839	100
2:16:2:5	5	6	22	27.0698	99.5839	100
2:16:3:20	5	6	22	27.0698	99.5839	100
2:16:4:30	5	6	22	27.0698	99.5839	100
2:16:5:45	5	6	22	27.0698	99.5839	100
2:16:6:55	5	6	22	27.0698	99.5839	100
2:16:8:10	5	6	22	27.0698	99.5839	100
2:16:9:20	5	6	22	27.0698	99.5839	100
2:16:10:35	5	6	22	27.0698	99.5839	100
2:16:11:50	5	6	22	27.0698	99.5839	100
2:16:13:0	5	6	22	27.0698	99.5839	100
2:16:14:15	5	6	22	27.0698	99.5839	100
2:16:15:25	5	6	22	27.0698	99.5839	100
2:16:16:40	5	6	22	27.0698	99.5839	100
2:16:17:55	5	6	22	27.0698	99.5839	100
2:16:19:5	5	6	22	27.0698	99.5839	100
2:16:20:20	5	6	22	27.0698	99.5839	100
2:16:21:30	5	6	22	27.0698	99.5839	100
2:16:22:45	5	6	22	27.0698	99.5839	100
2:16:23:55	5	6	22	27.0698	99.5839	100
2:16:25:10	5	6	22	27.0698	99.5839	100
2:16:26:25	5	6	22	27.0698	99.5839	100
2:16:27:35	5	6	22	27.0698	99.5839	100
2:16:28:50	5	6	22	27.0698	99.5839	100
2:16:30:0	5	6	22	27.0698	99.5839	100
2:16:31:15	5	6	22	27.0698	99.5839	100
2:16:32:25	5	6	22	27.0698	99.5839	100
2:16:33:40	5	6	22	27.0698	99.5839	100
2:16:34:55	5	6	22	27.0698	99.5839	100
2:16:36:5	5	6	22	27.0698	99.5839	100
2:16:37:20	5	6	22	27.0698	99.5839	100
2:16:38:30	5	6	22	27.0698	99.5839	100
2:16:39:45	5	6	22	27.0698	99.5839	100
2:16:40:55	5	6	22	27.0698	99.5839	100
2:16:42:10	5	6	22	27.0698	99.5839	100
2:16:43:20	5	6	22	27.0698	99.5839	100
2:16:44:35	5	6	22	27.0698	99.5839	100
2:16:45:45	5	6	22	27.0698	99.5839	100
2:16:47:0	5	6	22	27.0698	99.5839	100
2:16:48:10	5	6	22	27.0698	99.5839	100
2:16:49:25	5	6	22	27.0698	99.5839	100
2:16:50:40	5	6	22	27.0698	99.5839	100
2:16:51:50	5	6	22	27.0698	99.5839	100
2:16:53:5	5	6	22	27.0698	99.5839	100
2:16:54:15	5	6	22	27.0698	99.5839	100
2:16:55:30	5	6	22	27.0698	99.5839	100
2:16:56:40	5	6	22	27.0698	99.5839	100
2:16:57:55	5	6	22	27.0698	99.5839	100
2:16:59:10	5	6	22	27.0698	99.5839	100
2:17:0:20	5	6	22	27.0698	99.5839	100
2:17:1:35	5	6	22	27.0698	99.5839	100
2:17:2:45	5	6	22	27.0698	99.5839	100
2:17:4:0	5	6	22	27.0698	99.5839	100
2:17:5:10	5	6	22	27.0698	99.5839	100
2:17:6:25	5	6	22	27.0698	99.5839	100
2:17:7:35	5	6	22	27.0698	99.5839	100
2:17:8:50	5	6	22	27.0698	99.5839	100
2:17:10:5	5	6	22	27.0698	99.5839	100
2:17:11:15	5	6	22	27.0698	99.5839	100
2:17:12:30	5	6	22	27.0698	99.5839	100
2:17:13:40	5	6	22	27.0698	99.5839	100
2:17:14:55	5	6	22	27.0698	99.5839	100
2:17:16:5	5	6	22	27.0698	99.5839	100
2:17:17:20	5	6	22	27.0698	99.5839	100
2:17:18:35	5	6	22	27.0698	99.5839	100
2:17:19:45	5	6	22	27.0698	99.5839	100
2:17:21:0	5	6	22	27.0698	99.5839	100
2:17:22:10	5	6	22	27.0698	99.5839	100
2:17:23:25	5	6	22	27.0698	99.5839	100
2:17:24:35	5	6	22	27.0698	99.5839	100
2:17:25:50	5	6	22	27.0698	99.5839	100
2:17:27:0	5	6	22	27.0698	99.5839	100
2:17:28:15	5	6	22	27.0698	99.5839	100
2:17:29:25	5	6	22	27.0698	99.5839	100
2:17:30:40	5	6	22	27.0698	99.5839	100
2:17:31:55	5	6	22	27.0698	99.5839	100
2:17:33:5	5	6	22	27.0698	99.5839	100
2:17:34:20	5	6	22	27.0698	99.5839	100
2:17:35:30	5	6	22	27.0698	99.5839	100
2:17:36:45	5	6	22	27.0698	99.5839	100
2:17:38:0	5	6	22	27.0698	99.5839	100
2:17:39:10	5	6	22	27.0698	99.5839	100
2:17:40:25	5	6	22	27.0698	99.5839	100
2:17:41:35	5	6	22	27.0698	99.5839	100
2:17:42:50	5	6	22	27.0698	99.5839	100
2:17:44:0	5	6	22	27.0698	99.5839	100
2:17:45:15	5	6	22	27.0698	99.5839	100
2:17:46:30	5	6	22	27.0698	99.5839	100
2:17:47:40	5	6	22	27.0698	99.5839	100
2:17:48:55	5	6	22	27.0698	99.5839	100
2:17:50:5	5	6	22	27.0698	99.5839	100
2:17:51:20	5	6	22	27.0698	99.5839	100
2:17:52:30	5	6	22	27.0698	99.5839	100
2:17:53:45	5	6	22	27.0698	99.5839	100
2:17:55:0	5	6	22	27.0698	99.5839	100
2:17:56:10	5	6	22	27.0698	99.5839	100
2:17:57:25	5	6	22	27.0698	99.5839	100
2:17:58:35	5	6	22	27.0698	99.5839	100
2:17:59:50	5	6	22	27.0698	99.5839	100
2:18:1:0	5	6	22	27.0698	99.5839	100
2:18:2:15	5	6	22	27.0698	99.5839	100
2:18:3:25	5	6	22	27.0698	99.5839	100
2:18:4:40	5	6	22	27.0698	99.5839	100
2:18:5:55	5	6	22	27.0698	99.5839	100
2:18:7:5	5	6	22	27.0698	99.5839	100
2:18:8:20	5	6	22	27.0698	99.5839	100
2:18:9:30	5	6	22	27.0698	99.5839	100
2:18:10:45	5	6	22	27.0698	99.5839	100
2:18:11:55	5	6	22	27.0698	99.5839	100
2:18:13:10	5	6	22	27.0698	99.5839	100
2:18:14:20	5	6	22	27.0698	99.5839	100
2:18:15:35	5	6	22	27.0698	99.5839	100
2:18:16:50	5	6	22	27.0698	99.5839	100
2:18:18:0	5	6	22	27.0698	99.5839	100
2:18:19:15	5	6	22	27.0698	99.5839	100
2:18:20:25	5	6	22	27.0698	99.5839	100
2:18:21:40	5	6	22	27.0698	99.5839	100
2:18:22:50	5	6	22	27.0698	99.5839	100
2:18:24:5	5	6	22	27.0698	99.5839	100
2:18:25:15	5	6	22	27.0698	99.5839	100
2:18:26:30	5	6	22	27.0698	99.5839	100
2:18:27:45	5	6	22	27.0698	99.5839	100
2:18:28:55	5	6	22	27.0698	99.5839	100
2:18:30:10	5	6	22	27.0698	99.5839	100
2:18:31:20	5	6	22	27.0698	99.5839	100
2:18:32:35	5	6	22	27.0698	99.5839	100
2:18:33:45	5	6	22	27.0698	99.5839	100
2:18:35:0	5	6	22	27.0698	99.5839	100
2:18:36:15	5	6	22	27.0698	99.5839	100
2:18:37:25	5	6	22	27.0698	99.5839	100
2:18:38:40	5	6	22	27.0698	99.5839	100
2:18:39:50	5	6	22	27.0698	99.5839	100
2:18:41:5	5	6	22	27.0698	99.5839	100
2:18:42:20	5	6	22	27.0698	99.5839	100
2:18:43:30	5	6	22	27.0698	99.5839	100
2:18:44:45	5	6	22	27.0698	99.5839	100
2:18:45:55	5	6	22	27.0698	99.5839	100
2:18:47:10	5	6	22	27.0698	99.5839	100
2:18:48:20	5	6	22	27.0698	99.5839	100
2:18:49:35	5	6	22	27.0698	99.5839	100
2:18:50:50	5	6	22	27.0698	99.5839	100
2:18:52:0	5	6	22	27.0698	99.5839	100
2:18:53:15	5	6	22	27.0698	99.5839	100
2:18:54:25	5	6	22	27.0698	99.5839	100
2:18:55:40	5	6	22	27.0698	99.5839	100
2:18:56:55	5	6	22	27.0698	99.5839	100
2:18:58:5	5	6	22	27.0698	99.5839	100
2:18:59:20	5	6	22	27.0698	99.5839	100
2:19:0:30	5	6	22	27.0698	99.5839	100
2:19:1:45	5	6	22	27.0698	99.5839	100
2:19:2:55	5	6	22	27.0698	99.5839	100
2:19:4:10	5	6	22	27.0698	99.5839	100
2:19:5:25	5	6	22	27.0698	99.5839	100
2:19:6:35	5	6	22	27.0698	99.5839	100
2:19:7:50	5	6	22	27.0698	99.5839	100
2:19:9:0	5	6	22	27.0698	99.5839	100
2:19:10:15	5	6	22	27.0698	99.5839	100
2:19:11:25	5	6	22	27.0698	99.5839	100
2:19:12:40	5	6	22	27.0698	99.5839	100
2:19:13:50	5	6	22	27.0698	99.5839	100
2:19:15:5	5	6	22	27.0698	99.5839	100
2:19:16:20	5	6	22	27.0698	99.5839	100
2:19:17:30	5	6	22	27.0698	99.5839	100
2:19:18:45	5	6	22	27.0698	99.5839	100
2:19:19:55	5	6	22	27.0698	99.5839	100
2:19:21:10	5	6	22	27.0698	99.5839	100
2:19:22:20	5	6	22	27.0698	99.5839	100
2:19:23:35	5	6	22	27.0698	99.5839	100
2:19:24:45	5	6	22	27.0698	99.5839	100
2:19:26:0	5	6	22	27.0698	99.5839	100
2:19:27:15	5	6	22	27.0698	99.5839	100
2:19:28:25	5	6	22	27.0698	99.5839	100
2:19:29:40	5	6	22	27.0698	99.5839	100
2:19:30:50	5	6	22	27.0698	99.5839	100
2:19:32:5	5	6	22	27.0698	99.5839	100
2:19:33:15	5	6	22	27.0698	99.5839	100
2:19:34:30	5	6	22	27.0698	99.5839	100
2:19:35:45	5	6	22	27.0698	99.5839	100
2:19:36:55	5	6	22	27.0698	99.5839	100
2:19:38:10	5	6	22	27.0698	99.5839	100
2:19:39:20	5	6	22	27.0698	99.5839	100
2:19:40:35	5	6	22	27.0698	99.5839	100
2:19:41:45	5	6	22	27.0698	99.5839	100
2:19:43:0	5	6	22	27.0698	99.5839	100
2:19:44:15	5	6	22	27.0698	99.5839	100
2:19:45:25	5	6	22	27.0698	99.5839	100
2:19:46:40	5	6	22	27.0698	99.5839	100
2:19:47:50	5	6	22	27.0698	99.5839	100
2:19:49:5	5	6	22	27.0698	99.5839	100
2:19:50:15	5	6	22	27.0698	99.5839	100
2:19:51:30	5	6	22	27.0698	99.5839	100
2:19:52:45	5	6	22	27.0698	99.5839	100
2:19:53:55	5	6	22	27.0698	99.5839	100
2:19:55:10	5	6	22	27.0698	99.5839	100
2:19:56:20	5	6	22	27.0698	99.5839	100
2:19:57:35	5	6	22	27.0698	99.5839	100
2:19:58:45	5	6	22	27.0698	99.5839	100
2:20:0:0	5	6	22	27.0698	99.5839	100
2:20:1:10	5	6	22	27.0698	99.5839	100
2:20:2:25	5	6	22	27.0698	99.5839	100
2:20:3:35	5	6	22	27.0698	99.5839	100
2:20:4:50	5	6	22	27.0698	99.5839	100
2:20:6:5	5	6	22	27.0698	99.5839	100
2:20:7:15	5	6	22	27.0698	99.5839	100
2:20:8:30	5	6	22	27.0698	99.5839	100
2:20:9:40	5	6	22	27.0698	99.5839	100
2:20:10:55	5	6	22	27.0698	99.5839	100
2:20:12:10	5	6	22	27.0698	99.5839	100
2:20:13:20	5	6	22	27.0698	99.5839	100
2:20:14:35	5	6	22	27.0698	99.5839	100
2:20:15:45	5	6	22	27.0698	99.5839	100
2:20:17:0	5	6	22	27.0698	99.5839	100
2:20:18:10	5	6	22	27.0698	99.5839	100
2:20:19:25	5	6	22	27.0698	99.5839	100
2:20:20:35	5	6	22	27.0698	99.5839	100
2:20:21:50	5	6	22	27.0698	99.5839	100
2:20:23:5	5	6	22	27.0698	99.5839	100
2:20:24:15	5	6	22	27.0698	99.5839	100
2:20:25:30	5	6	22	27.0698	99.5839	100
2:20:26:40	5	6	22	27.0698	99.5839	100
2:20:27:55	5	6	22	27.0698	99.5839	100
2:20:29:5	5	6	22	27.0698	99.5839	100
2:20:30:20	5	6	22	27.0698	99.5839	100
2:20:31:35	5	6	22	27.0698	99.5839	100
2:20:32:45	5	6	22	27.0698	99.5839	100
2:20:34:0	5	6	22	27.0698	99.5839	100
2:20:35:10	5	6	22	27.0698	99.5839	100
2:20:36:25	5	6	22	27.0698	99.5839	100
2:20:37:35	5	6	22	27.0698	99.5839	100
2:20:38:50	5	6	22	27.0698	99.5839	100
2:20:40:5	5	6	22	27.0698	99.5839	100
2:20:41:15	5	6	22	27.0698	99.5839	100
2:20:42:30	5	6	22	27.0698	99.5839	100
2:20:43:40	5	6	22	27.0698	99.5839	100
2:20:44:55	5	6	22	27.0698	99.5839	100
2:20:46:5	5	6	22	27.0698	99.5839	100
2:20:47:20	5	6	22	27.0698	99.5839	100
2:20:48:30	5	6	22	27.0698	99.5839	100
2:20:49:45	5	6	22	27.0698	99.5839	100
2:20:50:55	5	6	22	27.0698	99.5839	100
2:20:52:10	5	6	22	27.0698	99.5839	100
2:20:53:25	5	6	22	27.0698	99.5839	100
2:20:54:35	5	6	22	27.0698	99.5839	100
2:20:55:50	5	6	22	27.0698	99.5839	100
2:20:57:0	5	6	22	27.0698	99.5839	100
2:20:58:15	5	6	22	27.0698	99.5839	100
2:20:59:25	5	6	22	27.0698	99.5839	100
2:21:0:40	5	6	22	27.0698	99.5839	100
2:21:1:50	5	6	22	27.0698	99.5839	100
2:21:3:5	5	6	22	27.0698	99.5839	100
2:21:4:20	5	6	22	27.0698	99.5839	100
2:21:5:30	5	6	22	27.0698	99.5839	100
2:21:6:45	5	6	22	27.0698	99.5839	100
2:21:7:55	5	6	22	27.0698	99.5839	100
2:21:9:10	5	6	22	27.0698	99.5839	100
2:21:10:20	5	6	22	27.0698	99.5839	100
2:21:11:35	5	6	22	27.0698	99.5839	100
2:21:12:50	5	6	22	27.0698	99.5839	100
2:21:14:0	5	6	22	27.0698	99.5839	100
2:21:15:15	5	6	22	27.0698	99.5839	100
2:21:16:25	5	6	22	27.0698	99.5839	100
2:21:17:40	5	6	22	27.0698	99.5839	100
2:21:18:50	5	6	22	27.0698	99.5839	100
2:21:20:5	5	6	22	27.0698	99.5839	100
2:21:21:15	5	6	22	27.0698	99.5839	100
2:21:22:30	5	6	22	27.0698	99.5839	100
2:21:23:45	5	6	22	27.0698	99.5839	100
2:21:24:55	5	6	22	27.0698	99.5839	100
2:21:26:10	5	6	22	27.0698	99.5839	100
2:21:27:20	5	6	22	27.0698	99.5839	100
2:21:28:35	5	6	22	27.0698	99.5839	100
2:21:29:45	5	6	22	27.0698	99.5839	100
2:21:31:0	5	6	22	27.0698	99.5839	100
2:21:32:15	5	6	22	27.0698	99.5839	100
2:21:33:25	5	6	22	27.0698	99.5839	100
2:21:34:40	5	6	22	27.0698	99.5839	100
2:21:35:50	5	6	22	27.0698	99.5839	100
2:21:37:5	5	6	22	27.0698	99.5839	100
2:21:38:20	5	6	22	27.0698	99.5839	100
2:21:39:30	5	6	22	27.0698	99.5839	100
2:21:40:45	5	6	22	27.0698	99.5839	100
2:21:41:55	5	6	22	27.0698	99.5839	100
2:21:43:10	5	6	22	27.0698	99.5839	100
2:21:44:20	5	6	22	27.0698	99.5839	100
2:21:45:35	5	6	22	27.0698	99.5839	100
2:21:46:45	5	6	22	27.0698	99.5839	100
2:21:48:0	5	6	22	27.0698	99.5839	100
2:21:49:15	5	6	22	27.0698	99.5839	100
2:21:50:25	5	6	22	27.0698	99.5839	100
2:21:51:40	5	6	22	27.0698	99.5839	100
2:21:52:50	5	6	22	27.0698	99.5839	100
2:21:54:5	5	6	22	27.0698	99.5839	100
2:21:55:15	5	6	22	27.0698	99.5839	100
2:21:56:30	5	6	22	27.0698	99.5839	100
2:21:57:40	5	6	22	27.0698	99.5839	100
2:21:58:55	5	6	22	27.0698	99.5839	100
2:22:0:5	5	6	22	27.0698	99.5839	100
2:22:1:20	5	6	22	27.0698	99.5839	100
2:22:2:35	5	6	22	27.0698	99.5839	100
2:22:3:45	5	6	22	27.0698	99.5839	100
2:22:5:0	5	6	22	27.0698	99.5839	100
2:22:6:10	5	6	22	27.0698	99.5839	100
2:22:7:25	5	6	22	27.0698	99.5839	100
2:22:8:35	5	6	22	27.0698	99.5839	100
2:22:9:50	5	6	22	27.0698	99.5839	100
2:22:11:5	5	6	22	27.0698	99.5839	100
2:22:12:15	5	6	22	27.0698	99.5839	100
2:22:13:30	5	6	22	27.0698	99.5839	100
2:22:14:40	5	6	22	27.0698	99.5839	100
2:22:15:55	5	6	22	27.0698	99.5839	100
2:22:17:5	5	6	22	27.0698	99.5839	100
2:22:18:20	5	6	22	27.0698	99.5839	100
2:22:19:35	5	6	22	27.0698	99.5839	100
2:22:20:45	5	6	22	27.0698	99.5839	100
2:22:22:0	5	6	22	27.0698	99.5839	100
2:22:23:10	5	6	22	27.0698	99.5839	100
2:22:24:25	5	6	22	27.0698	99.5839	100
2:22:25:35	5	6	22	27.0698	99.5839	100
2:22:26:50	5	6	22	27.0698	99.5839	100
2:22:28:0	5	6	22	27.0698	99.5839	100
2:22:29:15	5	6	22	27.0698	99.5839	100
2:22:30:30	5	6	22	27.0698	99.5839	100
2:22:31:40	5	6	22	27.0698	99.5839	100
2:22:32:55	5	6	22	27.0698	99.5839	100
2:22:34:5	5	6	22	27.0698	99.5839	100
2:22:35:20	5	6	22	27.0698	99.5839	100
2:22:36:30	5	6	22	27.0698	99.5839	100
2:22:37:45	5	6	22	27.0698	99.5839	100
2:22:38:55	5	6	22	27.0698	99.5839	100
2:22:40:10	5	6	22	27.0698	99.5839	100
2:22:41:25	5	6	22	27.0698	99.5839	100
2:22:42:35	5	6	22	27.0698	99.5839	100
2:22:43:50	5	6	22	27.0698	99.5839	100
2:22:45:0	5	6	22	27.0698	99.5839	100
2:22:46:15	5	6	22	27.0698	99.5839	100
2:22:47:25	5	6	22	27.0698	99.5839	100
2:22:48:40	5	6	22	27.0698	99.5839	100
2:22:49:50	5	6	22	27.0698	99.5839	100
2:22:51:5	5	6	22	27.0698	99.5839	100
2:22:52:20	5	6	22	27.0698	99.5839	100
2:22:53:30	5	6	22	27.0698	99.5839	100
2:22:54:45	5	6	22	27.0698	99.5839	100
2:22:56:0	5	6	22	27.0698	99.5839	100
2:22:57:10	5	6	22	27.0698	99.5839	100
2:22:58:25	5	6	22	27.0698	99.5839	100
2:22:59:35	5	6	22	27.0698	99.5839	100
2:23:0:50	5	6	22	27.0698	99.5839	100
2:23:2:0	5	6	22	27.0698	99.5839	100
2:23:3:15	5	6	22	27.0698	99.5839	100
2:23:4:30	5	6	22	27.0698	99.5839	100
2:23:5:40	5	6	22	27.0698	99.5839	100
2:23:6:55	5	6	22	27.0698	99.5839	100
2:23:8:5	5	6	22	27.0698	99.5839	100
2:23:9:20	5	6	22	27.0698	99.5839	100
2:23:10:30	5	6	22	27.0698	99.5839	100
2:23:11:45	5	6	22	27.0698	99.5839	100
2:23:13:0	5	6	22	27.0698	99.5839	100
2:23:14:10	5	6	22	27.0698	99.5839	100
2:23:15:25	5	6	22	27.0698	99.5839	100
2:23:16:35	5	6	22	27.0698	99.5839	100
2:23:17:50	5	6	22	27.0698	99.5839	100
2:23:19:0	5	6	22	27.0698	99.5839	100
2:23:20:15	5	6	22	27.0698	99.5839	100
2:23:21:25	5	6	22	27.0698	99.5839	100
2:23:22:40	5	6	22	27.0698	99.5839	100
2:23:23:55	5	6	22	27.0698	99.5839	100
2:23:25:5	5	6	22	27.0698	99.5839	100
2:23:26:20	5	6	22	27.0698	99.5839	100
2:23:27:30	5	6	22	27.0698	99.5839	100
2:23:28:45	5	6	22	27.0698	99.5839	100
2:23:29:55	5	6	22	27.0698	99.5839	100
2:23:31:10	5	6	22	27.0698	99.5839	100
2:23:32:20	5	6	22	27.0698	99.5839	100
2:23:33:35	5	6	22	27.0698	99.5839	100
2:23:34:50	5	6	22	27.0698	99.5839	100
2:23:36:0	5	6	22	27.0698	99.5839	100
2:23:37:15	5	6	22	27.0698	99.5839	100
2:23:38:25	5	6	22	27.0698	99.5839	100
2:23:39:40	5	6	22	27.0698	99.5839	100
2:23:40:50	5	6	22	27.0698	99.5839	100
2:23:42:5	5	6	22	27.0698	99.5839	100
2:23:43:15	5	6	22	27.0698	99.5839	100
2:23:44:30	5	6	22	27.0698	99.5839	100
2:23:45:45	5	6	22	27.0698	99.5839	100
2:23:46:55	5	6	22	27.0698	99.5839	100
2:23:48:10	5	6	22	27.0698	99.5839	100
2:23:49:20	5	6	22	27.0698	99.5839	100
2:23:50:35	5	6	22	27.0698	99.5839	100
2:23:51:45	5	6	22	27.0698	99.5839	100
2:23:53:0	5	6	22	27.0698	99.5839	100
2:23:54:15	5	6	22	27.0698	99.5839	100
2:23:55:25	5	6	22	27.0698	99.5839	100
2:23:56:40	5	6	22	27.0698	99.5839	100
2:23:57:50	5	6	22	27.0698	99.5839	100
2:23:59:5	5	6	22	27.0698	99.5839	100
3:0:0:15	5	6	22	27.0698	99.5839	100
3:0:1:30	5	6	22	27.0698	99.5839	100
3:0:2:45	5	6	22	27.0698	99.5839	100
3:0:3:55	5	6	22	27.0698	99.5839	100
3:0:5:10	5	6	22	27.0698	99.5839	100
3:0:6:20	5	6	22	27.0698	99.5839	100
3:0:7:35	5	6	22	27.0698	99.5839	100
3:0:8:45	5	6	22	27.0698	99.5839	100
3:0:10:0	5	6	22	27.0698	99.5839	100
3:0:11:15	5	6	22	27.0698	99.5839	100
3:0:12:25	5	6	22	27.0698	99.5839	100
3:0:13:40	5	6	22	27.0698	99.5839	100
3:0:14:50	5	6	22	27.0698	99.5839	100
3:0:16:5	5	6	22	27.0698	99.5839	100
3:0:17:15	5	6	22	27.0698	99.5839	100
3:0:18:30	5	6	22	27.0698	99.5839	100
3:0:19:45	5	6	22	27.0698	99.5839	100
3:0:20:55	5	6	22	27.0698	99.5839	100
3:0:22:10	5	6	22	27.0698	99.5839	100
3:0:23:20	5	6	22	27.0698	99.5839	100
3:0:24:35	5	6	22	27.0698	99.5839	100
3:0:25:45	5	6	22	27.0698	99.5839	100
3:0:27:0	5	6	22	27.0698	99.5839	100
3:0:28:15	5	6	22	27.0698	99.5839	100
3:0:29:25	5	6	22	27.0698	99.5839	100
3:0:30:40	5	6	22	27.0698	99.5839	100
3:0:31:50	5	6	22	27.0698	99.5839	100
3:0:33:5	5	6	22	27.0698	99.5839	100
3:0:34:15	5	6	22	27.0698	99.5839	100
3:0:35:30	5	6	22	27.0698	99.5839	100
3:0:36:40	5	6	22	27.0698	99.5839	100
3:0:37:55	5	6	22	27.0698	99.5839	100
3:0:39:5	5	6	22	27.0698	99.5839	100
3:0:40:20	5	6	22	27.0698	99.5839	100
3:0:41:35	5	6	22	27.0698	99.5839	100
3:0:42:45	5	6	22	27.0698	99.5839	100
3:0:44:0	5	6	22	27.0698	99.5839	100
3:0:45:10	5	6	22	27.0698	99.5839	100
3:0:46:25	5	6	22	27.0698	99.5839	100
3:0:47:35	5	6	22	27.0698	99.5839	100
3:0:48:50	5	6	22	27.0698	99.5839	100
3:0:50:5	5	6	22	27.0698	99.5839	100
3:0:51:15	5	6	22	27.0698	99.5839	100
3:0:52:30	5	6	22	27.0698	99.5839	100
3:0:53:40	5	6	22	27.0698	99.5839	100
3:0:54:55	5	6	22	27.0698	99.5839	100
3:0:56:5	5	6	22	27.0698	99.5839	100
3:0:57:20	5	6	22	27.0698	99.5839	100
3:0:58:30	5	6	22	27.0698	99.5839	100
3:0:59:45	5	6	22	27.0698	99.5839	100
3:1:1:0	5	6	22	27.0698	99.5839	100
3:1:2:10	5	6	22	27.0698	99.5839	100
3:1:3:25	5	6	22	27.0698	99.5839	100
3:1:4:35	5	6	22	27.0698	99.5839	100
3:1:5:50	5	6	22	27.0698	99.5839	100
3:1:7:0	5	6	22	27.0698	99.5839	100
3:1:8:15	5	6	22	27.0698	99.5839	100
3:1:9:25	5	6	22	27.0698	99.5839	100
3:1:10:40	5	6	22	27.0698	99.5839	100
3:1:11:55	5	6	22	27.0698	99.5839	100
3:1:13:5	5	6	22	27.0698	99.5839	100
3:1:14:20	5	6	22	27.0698	99.5839	100
3:1:15:30	5	6	22	27.0698	99.5839	100
3:1:16:45	5	6	22	27.0698	99.5839	100
3:1:17:55	5	6	22	27.0698	99.5839	100
3:1:19:10	5	6	22	27.0698	99.5839	100
3:1:20:20	5	6	22	27.0698	99.5839	100
3:1:21:35	5	6	22	27.0698	99.5839	100
3:1:22:50	5	6	22	27.0698	99.5839	100
3:1:24:0	5	6	22	27.0698	99.5839	100
3:1:25:15	5	6	22	27.0698	99.5839	100
3:1:26:25	5	6	22	27.0698	99.5839	100
3:1:27:40	5	6	22	27.0698	99.5839	100
3:1:28:55	5	6	22	27.0698	99.5839	100
3:1:30:5	5	6	22	27.0698	99.5839	100
3:1:31:20	5	6	22	27.0698	99.5839	100
3:1:32:30	5	6	22	27.0698	99.5839	100
3:1:33:45	5	6	22	27.0698	99.5839	100
3:1:34:55	5	6	22	27.0698	99.5839	100
3:1:36:10	5	6	22	27.0698	99.5839	100
3:1:37:25	5	6	22	27.0698	99.5839	100
3:1:38:35	5	6	22	27.0698	99.5839	100
3:1:39:50	5	6	22	27.0698	99.5839	100
3:1:41:0	5	6	22	27.0698	99.5839	100
3:1:42:15	5	6	22	27.0698	99.5839	100
3:1:43:25	5	6	22	27.0698	99.5839	100
3:1:44:40	5	6	22	27.0698	99.5839	100
3:1:45:55	5	6	22	27.0698	99.5839	100
3:1:47:5	5	6	22	27.0698	99.5839	100
3:1:48:20	5	6	22	27.0698	99.5839	100
3:1:49:30	5	6	22	27.0698	99.5839	100
3:1:50:45	5	6	22	27.0698	99.5839	100
3:1:51:55	5	6	22	27.0698	99.5839	100
3:1:53:10	5	6	22	27.0698	99.5839	100
3:1:54:25	5	6	22	27.0698	99.5839	100
3:1:55:35	5	6	22	27.0698	99.5839	100
3:1:56:50	5	6	22	27.0698	99.5839	100
3:1:58:0	5	6	22	27.0698	99.5839	100
3:1:59:15	5	6	22	27.0698	99.5839	100
3:2:0:25	5	6	22	27.0698	99.5839	100
3:2:1:40	5	6	22	27.0698	99.5839	100
3:2:2:55	5	6	22	27.0698	99.5839	100
3:2:4:5	5	6	22	27.0698	99.5839	100
3:2:5:20	5	6	22	27.0698	99.5839	100
3:2:6:30	5	6	22	27.0698	99.5839	100
3:2:7:45	5	6	22	27.0698	99.5839	100
3:2:8:55	5	6	22	27.0698	99.5839	100
3:2:10:10	5	6	22	27.0698	99.5839	100
3:2:11:25	5	6	22	27.0698	99.5839	100
3:2:12:35	5	6	22	27.0698	99.5839	100
3:2:13:50	5	6	22	27.0698	99.5839	100
3:2:15:0	5	6	22	27.0698	99.5839	100
3:2:16:15	5	6	22	27.0698	99.5839	100
3:2:17:25	5	6	22	27.0698	99.5839	100
3:2:18:40	5	6	22	27.0698	99.5839	100
3:2:19:50	5	6	22	27.0698	99.5839	100
3:2:21:5	5	6	22	27.0698	99.5839	100
3:2:22:20	5	6	22	27.0698	99.5839	100
3:2:23:30	5	6	22	27.0698	99.5839	100
3:2:24:45	5	6	22	27.0698	99.5839	100
3:2:25:55	5	6	22	27.0698	99.5839	100
3:2:27:10	5	6	22	27.0698	99.5839	100
3:2:28:25	5	6	22	27.0698	99.5839	100
3:2:29:35	5	6	22	27.0698	99.5839	100
3:2:30:50	5	6	22	27.0698	99.5839	100
3:2:32:0	5	6	22	27.0698	99.5839	100
3:2:33:15	5	6	22	27.0698	99.5839	100
3:2:34:25	5	6	22	27.0698	99.5839	100
3:2:35:40	5	6	22	27.0698	99.5839	100
3:2:36:50	5	6	22	27.0698	99.5839	100
3:2:38:5	5	6	22	27.0698	99.5839	100
3:2:39:20	5	6	22	27.0698	99.5839	100
3:2:40:30	5	6	22	27.0698	99.5839	100
3:2:41:45	5	6	22	27.0698	99.5839	100
3:2:42:55	5	6	22	27.0698	99.5839	100
3:2:44:10	5	6	22	27.0698	99.5839	100
3:2:45:20	5	6	22	27.0698	99.5839	100
3:2:46:35	5	6	22	27.0698	99.5839	100
3:2:47:50	5	6	22	27.0698	99.5839	100
3:2:49:0	5	6	22	27.0698	99.5839	100
3:2:50:15	5	6	22	27.0698	99.5839	100
3:2:51:25	5	6	22	27.0698	99.5839	100
3:2:52:40	5	6	22	27.0698	99.5839	100
3:2:53:50	5	6	22	27.0698	99.5839	100
3:2:55:5	5	6	22	27.0698	99.5839	100
3:2:56:20	5	6	22	27.0698	99.5839	100
3:2:57:30	5	6	22	27.0698	99.5839	100
3:2:58:45	5	6	22	27.0698	99.5839	100
3:2:59:55	5	6	22	27.0698	99.5839	100
3:3:1:10	5	6	22	27.0698	99.5839	100
3:3:2:20	5	6	22	27.0698	99.5839	100
3:3:3:35	5	6	22	27.0698	99.5839	100
3:3:4:50	5	6	22	27.0698	99.5839	100
3:3:6:0	5	6	22	27.0698	99.5839	100
3:3:7:15	5	6	22	27.0698	99.5839	100
3:3:8:25	5	6	22	27.0698	99.5839	100
3:3:9:40	5	6	22	27.0698	99.5839	100
3:3:10:50	5	6	22	27.0698	99.5839	100
3:3:12:5	5	6	22	27.0698	99.5839	100
3:3:13:15	5	6	22	27.0698	99.5839	100
3:3:14:30	5	6	22	27.0698	99.5839	100
3:3:15:45	5	6	22	27.0698	99.5839	100
3:3:16:55	5	6	22	27.0698	99.5839	100
3:3:18:10	5	6	22	27.0698	99.5839	100
3:3:19:20	5	6	22	27.0698	99.5839	100
3:3:20:35	5	6	22	27.0698	99.5839	100
3:3:21:45	5	6	22	27.0698	99.5839	100
3:3:23:0	5	6	22	27.0698	99.5839	100
3:3:24:10	5	6	22	27.0698	99.5839	100
3:3:25:25	5	6	22	27.0698	99.5839	100
3:3:26:40	5	6	22	27.0698	99.5839	100
3:3:27:50	5	6	22	27.0698	99.5839	100
3:3:29:5	5	6	22	27.0698	99.5839	100
3:3:30:15	5	6	22	27.0698	99.5839	100
3:3:31:30	5	6	22	27.0698	99.5839	100
3:3:32:40	5	6	22	27.0698	99.5839	100
3:3:33:55	5	6	22	27.0698	99.5839	100
3:3:35:10	5	6	22	27.0698	99.5839	100
3:3:36:20	5	6	22	27.0698	99.5839	100
3:3:37:35	5	6	22	27.0698	99.5839	100
3:3:38:45	5	6	22	27.0698	99.5839	100
3:3:40:0	5	6	22	27.0698	99.5839	100
3:3:41:10	5	6	22	27.0698	99.5839	100
3:3:42:25	5	6	22	27.0698	99.5839	100
3:3:43:35	5	6	22	27.0698	99.5839	100
3:3:44:50	5	6	22	27.0698	99.5839	100
3:3:46:0	5	6	22	27.0698	99.5839	100
3:3:47:15	5	6	22	27.0698	99.5839	100
3:3:48:30	5	6	22	27.0698	99.5839	100
3:3:49:40	5	6	22	27.0698	99.5839	100
3:3:50:55	5	6	22	27.0698	99.5839	100
3:3:52:5	5	6	22	27.0698	99.5839	100
3:3:53:20	5	6	22	27.0698	99.5839	100
3:3:54:30	5	6	22	27.0698	99.5839	100
3:3:55:45	5	6	22	27.0698	99.5839	100
3:3:56:55	5	6	22	27.0698	99.5839	100
3:3:58:10	5	6	22	27.0698	99.5839	100
3:3:59:25	5	6	22	27.0698	99.5839	100
3:4:0:35	5	6	22	27.0698	99.5839	100
3:4:1:50	5	6	22	27.0698	99.5839	100
3:4:3:0	5	6	22	27.0698	99.5839	100
3:4:4:15	5	6	22	27.0698	99.5839	100
3:4:5:30	5	6	22	27.0698	99.5839	100
3:4:6:40	5	6	22	27.0698	99.5839	100
3:4:7:55	5	6	22	27.0698	99.5839	100
3:4:9:5	5	6	22	27.0698	99.5839	100
3:4:10:20	5	6	22	27.0698	99.5839	100
3:4:11:30	5	6	22	27.0698	99.5839	100
3:4:12:45	5	6	22	27.0698	99.5839	100
3:4:13:55	5	6	22	27.0698	99.5839	100
3:4:15:10	5	6	22	27.0698	99.5839	100
3:4:16:25	5	6	22	27.0698	99.5839	100
3:4:17:35	5	6	22	27.0698	99.5839	100
3:4:18:50	5	6	22	27.0698	99.5839	100
3:4:20:0	5	6	22	27.0698	99.5839	100
3:4:21:15	5	6	22	27.0698	99.5839	100
3:4:22:25	5	6	22	27.0698	99.5839	100
3:4:23:40	5	6	22	27.0698	99.5839	100
3:4:24:50	5	6	22	27.0698	99.5839	100
3:4:26:5	5	6	22	27.0698	99.5839	100
3:4:27:20	5	6	22	27.0698	99.5839	100
3:4:28:30	5	6	22	27.0698	99.5839	100
3:4:29:45	5	6	22	27.0698	99.5839	100
3:4:30:55	5	6	22	27.0698	99.5839	100
3:4:32:10	5	6	22	27.0698	99.5839	100
3:4:33:20	5	6	22	27.0698	99.5839	100
3:4:34:35	5	6	22	27.0698	99.5839	100
3:4:35:50	5	6	22	27.0698	99.5839	100
3:4:37:0	5	6	22	27.0698	99.5839	100
3:4:38:15	5	6	22	27.0698	99.5839	100
3:4:39:25	5	6	22	27.0698	99.5839	100
3:4:40:40	5	6	22	27.0698	99.5839	100
3:4:41:50	5	6	22	27.0698	99.5839	100
3:4:43:5	5	6	22	27.0698	99.5839	100
3:4:44:15	5	6	22	27.0698	99.5839	100
3:4:45:30	5	6	22	27.0698	99.5839	100
3:4:46:45	5	6	22	27.0698	99.5839	100
3:4:47:55	5	6	22	27.0698	99.5839	100
3:4:49:10	5	6	22	27.0698	99.5839	100
3:4:50:20	5	6	22	27.0698	99.5839	100
3:4:51:35	5	6	22	27.0698	99.5839	100
3:4:52:45	5	6	22	27.0698	99.5839	100
3:4:54:0	5	6	22	27.0698	99.5839	100
3:4:55:15	5	6	22	27.0698	99.5839	100
3:4:56:25	5	6	22	27.0698	99.5839	100
3:4:57:40	5	6	22	27.0698	99.5839	100
3:4:58:50	5	6	22	27.0698	99.5839	100
3:5:0:5	5	6	22	27.0698	99.5839	100
3:5:1:15	5	6	22	27.0698	99.5839	100
3:5:2:30	5	6	22	27.0698	99.5839	100
3:5:3:45	5	6	22	27.0698	99.5839	100
3:5:4:55	5	6	22	27.0698	99.5839	100
3:5:6:10	5	6	22	27.0698	99.5839	100
3:5:7:20	5	6	22	27.0698	99.5839	100
3:5:8:35	5	6	22	27.0698	99.5839	100
3:5:9:45	5	6	22	27.0698	99.5839	100
3:5:11:0	5	6	22	27.0698	99.5839	100
3:5:12:15	5	6	22	27.0698	99.5839	100
3:5:13:25	5	6	22	27.0698	99.5839	100
3:5:14:40	5	6	22	27.0698	99.5839	100
3:5:15:50	5	6	22	27.0698	99.5839	100
3:5:17:5	5	6	22	27.0698	99.5839	100
3:5:18:15	5	6	22	27.0698	99.5839	100
3:5:19:30	5	6	22	27.0698	99.5839	100
3:5:20:45	5	6	22	27.0698	99.5839	100
3:5:21:55	5	6	22	27.0698	99.5839	100
3:5:23:10	5	6	22	27.0698	99.5839	100
3:5:24:20	5	6	22	27.0698	99.5839	100
3:5:25:35	5	6	22	27.0698	99.5839	100
3:5:26:45	5	6	22	27.0698	99.5839	100
3:5:28:0	5	6	22	27.0698	99.5839	100
3:5:29:15	5	6	22	27.0698	99.5839	100
3:5:30:25	5	6	22	27.0698	99.5839	100
3:5:31:40	5	6	22	27.0698	99.5839	100
3:5:32:50	5	6	22	27.0698	99.5839	100
3:5:34:5	5	6	22	27.0698	99.5839	100
3:5:35:15	5	6	22	27.0698	99.5839	100
3:5:36:30	5	6	22	27.0698	99.5839	100
3:5:37:40	5	6	22	27.0698	99.5839	100
3:5:38:55	5	6	22	27.0698	99.5839	100
3:5:40:5	5	6	22	27.0698	99.5839	100
3:5:41:20	5	6	22	27.0698	99.5839	100
3:5:42:35	5	6	22	27.0698	99.5839	100
3:5:43:45	5	6	22	27.0698	99.5839	100
3:5:45:0	5	6	22	27.0698	99.5839	100
3:5:46:10	5	6	22	27.0698	99.5839	100
3:5:47:25	5	6	22	27.0698	99.5839	100
3:5:48:35	5	6	22	27.0698	99.5839	100
3:5:49:50	5	6	22	27.0698	99.5839	100
3:5:51:0	5	6	22	27.0698	99.5839	100
3:5:52:15	5	6	22	27.0698	99.5839	100
3:5:53:30	5	6	22	27.0698	99.5839	100
3:5:54:40	5	6	22	27.0698	99.5839	100
3:5:55:55	5	6	22	27.0698	99.5839	100
3:5:57:5	5	6	22	27.0698	99.5839	100
3:5:58:20	5	6	22	27.0698	99.5839	100
3:5:59:30	5	6	22	27.0698	99.5839	100
3:6:0:45	5	6	22	27.0698	99.5839	100
3:6:1:55	5	6	22	27.0698	99.5839	100
3:6:3:10	5	6	22	27.0698	99.5839	100
3:6:4:25	5	6	22	27.0698	99.5839	100
3:6:5:35	5	6	22	27.0698	99.5839	100
3:6:6:50	5	6	22	27.0698	99.5839	100
3:6:8:0	5	6	22	27.0698	99.5839	100
3:6:9:15	5	6	22	27.0698	99.5839	100
3:6:10:25	5	6	22	27.0698	99.5839	100
3:6:11:40	5	6	22	27.0698	99.5839	100
3:6:12:55	5	6	22	27.0698	99.5839	100
3:6:14:5	5	6	22	27.0698	99.5839	100
3:6:15:20	5	6	22	27.0698	99.5839	100
3:6:16:30	5	6	22	27.0698	99.5839	100
3:6:17:45	5	6	22	27.0698	99.5839	100
3:6:18:55	5	6	22	27.0698	99.5839	100
3:6:20:10	5	6	22	27.0698	99.5839	100
3:6:21:25	5	6	22	27.0698	99.5839	100
3:6:22:35	5	6	22	27.0698	99.5839	100
3:6:23:50	5	6	22	27.0698	99.5839	100
3:6:25:0	5	6	22	27.0698	99.5839	100
3:6:26:15	5	6	22	27.0698	99.5839	100
3:6:27:25	5	6	22	27.0698	99.5839	100
3:6:28:40	5	6	22	27.0698	99.5839	100
3:6:29:50	5	6	22	27.0698	99.5839	100
3:6:31:5	5	6	22	27.0698	99.5839	100
3:6:32:20	5	6	22	27.0698	99.5839	100
3:6:33:30	5	6	22	27.0698	99.5839	100
3:6:34:45	5	6	22	27.0698	99.5839	100
3:6:35:55	5	6	22	27.0698	99.5839	100
3:6:37:10	5	6	22	27.0698	99.5839	100
3:6:38:20	5	6	22	27.0698	99.5839	100
3:6:39:35	5	6	22	27.0698	99.5839	100
3:6:40:50	5	6	22	27.0698	99.5839	100
3:6:42:0	5	6	22	27.0698	99.5839	100
3:6:43:15	5	6	22	27.0698	99.5839	100
3:6:44:25	5	6	22	27.0698	99.5839	100
3:6:45:40	5	6	22	27.0698	99.5839	100
3:6:46:55	5	6	22	27.0698	99.5839	100
3:6:48:5	5	6	22	27.0698	99.5839	100
3:6:49:20	5	6	22	27.0698	99.5839	100
3:6:50:30	5	6	22	27.0698	99.5839	100
3:6:51:45	5	6	22	27.0698	99.5839	100
3:6:52:55	5	6	22	27.0698	99.5839	100
3:6:54:10	5	6	22	27.0698	99.5839	100
3:6:55:20	5	6	22	27.0698	99.5839	100
3:6:56:35	5	6	22	27.0698	99.5839	100
3:6:57:50	5	6	22	27.0698	99.5839	100
3:6:59:0	5	6	22	27.0698	99.5839	100
3:7:0:15	5	6	22	27.0698	99.5839	100
3:7:1:25	5	6	22	27.0698	99.5839	100
3:7:2:40	5	6	22	27.0698	99.5839	100
3:7:3:50	5	6	22	27.0698	99.5839	100
3:7:5:5	5	6	22	27.0698	99.5839	100
3:7:6:15	5	6	22	27.0698	99.5839	100
3:7:7:30	5	6	22	27.0698	99.5839	100
3:7:8:45	5	6	22	27.0698	99.5839	100
3:7:9:55	5	6	22	27.0698	99.5839	100
3:7:11:10	5	6	22	27.0698	99.5839	100
3:7:12:20	5	6	22	27.0698	99.5839	100
3:7:13:35	5	6	22	27.0698	99.5839	100
3:7:14:45	5	6	22	27.0698	99.5839	100
3:7:16:0	5	6	22	27.0698	99.5839	100
3:7:17:10	5	6	22	27.0698	99.5839	100
3:7:18:25	5	6	22	27.0698	99.5839	100
3:7:19:40	5	6	22	27.0698	99.5839	100
3:7:20:50	5	6	22	27.0698	99.5839	100
3:7:22:5	5	6	22	27.0698	99.5839	100
3:7:23:15	5	6	22	27.0698	99.5839	100
3:7:24:30	5	6	22	27.0698	99.5839	100
3:7:25:45	5	6	22	27.0698	99.5839	100
3:7:26:55	5	6	22	27.0698	99.5839	100
3:7:28:10	5	6	22	27.0698	99.5839	100
3:7:29:20	5	6	22	27.0698	99.5839	100
3:7:30:35	5	6	22	27.0698	99.5839	100
3:7:31:45	5	6	22	27.0698	99.5839	100
3:7:33:0	5	6	22	27.0698	99.5839	100
3:7:34:15	5	6	22	27.0698	99.5839	100
3:7:35:25	5	6	22	27.0698	99.5839	100
3:7:36:40	5	6	22	27.0698	99.5839	100
3:7:37:50	5	6	22	27.0698	99.5839	100
3:7:39:5	5	6	22	27.0698	99.5839	100
3:7:40:15	5	6	22	27.0698	99.5839	100
3:7:41:30	5	6	22	27.0698	99.5839	100
3:7:42:45	5	6	22	27.0698	99.5839	100
3:7:43:55	5	6	22	27.0698	99.5839	100
3:7:45:10	5	6	22	27.0698	99.5839	100
3:7:46:20	5	6	22	27.0698	99.5839	100
3:7:47:35	5	6	22	27.0698	99.5839	100
3:7:48:45	5	6	22	27.0698	99.5839	100
3:7:50:0	5	6	22	27.0698	99.5839	100
3:7:51:10	5	6	22	27.0698	99.5839	100
3:7:52:25	5	6	22	27.0698	99.5839	100
3:7:53:40	5	6	22	27.0698	99.5839	100
3:7:54:50	5	6	22	27.0698	99.5839	100
3:7:56:5	5	6	22	27.0698	99.5839	100
3:7:57:15	5	6	22	27.0698	99.5839	100
3:7:58:30	5	6	22	27.0698	99.5839	100
3:7:59:40	5	6	22	27.0698	99.5839	100
3:8:0:55	5	6	22	27.0698	99.5839	100
3:8:2:5	5	6	22	27.0698	99.5839	100
3:8:3:20	5	6	22	27.0698	99.5839	100
3:8:4:35	5	6	22	27.0698	99.5839	100
3:8:5:45	5	6	22	27.0698	99.5839	100
3:8:7:0	5	6	22	27.0698	99.5839	100
3:8:8:10	5	6	22	27.0698	99.5839	100
3:8:9:25	5	6	22	27.0698	99.5839	100
3:8:10:35	5	6	22	27.0698	99.5839	100
3:8:11:50	5	6	22	27.0698	99.5839	100
3:8:13:0	5	6	22	27.0698	99.5839	100
3:8:14:15	5	6	22	27.0698	99.5839	100
3:8:15:25	5	6	22	27.0698	99.5839	100
3:8:16:40	5	6	22	27.0698	99.5839	100
3:8:17:50	5	6	22	27.0698	99.5839	100
3:8:19:5	5	6	22	27.0698	99.5839	100
3:8:20:20	5	6	22	27.0698	99.5839	100
3:8:21:30	5	6	22	27.0698	99.5839	100
3:8:22:45	5	6	22	27.0698	99.5839	100
3:8:23:55	5	6	22	27.0698	99.5839	100
3:8:25:10	5	6	22	27.0698	99.5839	100
3:8:26:20	5	6	22	27.0698	99.5839	100
3:8:27:35	5	6	22	27.0698	99.5839	100
3:8:28:50	5	6	22	27.0698	99.5839	100
3:8:30:0	5	6	22	27.0698	99.5839	100
3:8:31:15	5	6	22	27.0698	99.5839	100
3:8:32:25	5	6	22	27.0698	99.5839	100
3:8:33:40	5	6	22	27.0698	99.5839	100
3:8:34:50	5	6	22	27.0698	99.5839	100
3:8:36:5	5	6	22	27.0698	99.5839	100
3:8:37:20	5	6	22	27.0698	99.5839	100
3:8:38:30	5	6	22	27.0698	99.5839	100
3:8:39:45	5	6	22	27.0698	99.5839	100
3:8:40:55	5	6	22	27.0698	99.5839	100
3:8:42:10	5	6	22	27.0698	99.5839	100
3:8:43:20	5	6	22	27.0698	99.5839	100
3:8:44:35	5	6	22	27.0698	99.5839	100
3:8:45:45	5	6	22	27.0698	99.5839	100
3:8:47:0	5	6	22	27.0698	99.5839	100
3:8:48:15	5	6	22	27.0698	99.5839	100
3:8:49:25	5	6	22	27.0698	99.5839	100
3:8:50:40	5	6	22	27.0698	99.5839	100
3:8:51:50	5	6	22	27.0698	99.5839	100
3:8:53:5	5	6	22	27.0698	99.5839	100
3:8:54:15	5	6	22	27.0698	99.5839	100
3:8:55:30	5	6	22	27.0698	99.5839	100
3:8:56:45	5	6	22	27.0698	99.5839	100
3:8:57:55	5	6	22	27.0698	99.5839	100
3:8:59:10	5	6	22	27.0698	99.5839	100
3:9:0:20	5	6	22	27.0698	99.5839	100
3:9:1:35	5	6	22	27.0698	99.5839	100
3:9:2:50	5	6	22	27.0698	99.5839	100
3:9:4:0	5	6	22	27.0698	99.5839	100
3:9:5:15	5	6	22	27.0698	99.5839	100
3:9:6:25	5	6	22	27.0698	99.5839	100
3:9:7:40	5	6	22	27.0698	99.5839	100
3:9:8:50	5	6	22	27.0698	99.5839	100
3:9:10:5	5	6	22	27.0698	99.5839	100
3:9:11:20	5	6	22	27.0698	99.5839	100
3:9:12:30	5	6	22	27.0698	99.5839	100
3:9:13:45	5	6	22	27.0698	99.5839	100
3:9:14:55	5	6	22	27.0698	99.5839	100
3:9:16:10	5	6	22	27.0698	99.5839	100
3:9:17:20	5	6	22	27.0698	99.5839	100
3:9:18:35	5	6	22	27.0698	99.5839	100
3:9:19:45	5	6	22	27.0698	99.5839	100
3:9:21:0	5	6	22	27.0698	99.5839	100
3:9:22:10	5	6	22	27.0698	99.5839	100
3:9:23:25	5	6	22	27.0698	99.5839	100
3:9:24:40	5	6	22	27.0698	99.5839	100
3:9:25:50	5	6	22	27.0698	99.5839	100
3:9:27:5	5	6	22	27.0698	99.5839	100
3:9:28:15	5	6	22	27.0698	99.5839	100
3:9:29:30	5	6	22	27.0698	99.5839	100
3:9:30:40	5	6	22	27.0698	99.5839	100
3:9:31:55	5	6	22	27.0698	99.5839	100
3:9:33:10	5	6	22	27.0698	99.5839	100
3:9:34:20	5	6	22	27.0698	99.5839	100
3:9:35:35	5	6	22	27.0698	99.5839	100
3:9:36:45	5	6	22	27.0698	99.5839	100
3:9:38:0	5	6	22	27.0698	99.5839	100
3:9:39:10	5	6	22	27.0698	99.5839	100
3:9:40:25	5	6	22	27.0698	99.5839	100
3:9:41:35	5	6	22	27.0698	99.5839	100
3:9:42:50	5	6	22	27.0698	99.5839	100
3:9:44:5	5	6	22	27.0698	99.5839	100
3:9:45:15	5	6	22	27.0698	99.5839	100
3:9:46:30	5	6	22	27.0698	99.5839	100
3:9:47:40	5	6	22	27.0698	99.5839	100
3:9:48:55	5	6	22	27.0698	99.5839	100
3:9:50:5	5	6	22	27.0698	99.5839	100
3:9:51:20	5	6	22	27.0698	99.5839	100
3:9:52:35	5	6	22	27.0698	99.5839	100
3:9:53:45	5	6	22	27.0698	99.5839	100
3:9:55:0	5	6	22	27.0698	99.5839	100
3:9:56:10	5	6	22	27.0698	99.5839	100
3:9:57:25	5	6	22	27.0698	99.5839	100
3:9:58:40	5	6	22	27.0698	99.5839	100
3:9:59:50	5	6	22	27.0698	99.5839	100
3:10:1:5	5	6	22	27.0698	99.5839	100
3:10:2:15	5	6	22	27.0698	99.5839	100
3:10:3:30	5	6	22	27.0698	99.5839	100
3:10:4:40	5	6	22	27.0698	99.5839	100
3:10:5:55	5	6	22	27.0698	99.5839	100
3:10:7:10	5	6	22	27.0698	99.5839	100
3:10:8:20	5	6	22	27.0698	99.5839	100
3:10:9:35	5	6	22	27.0698	99.5839	100
3:10:10:45	5	6	22	27.0698	99.5839	100
3:10:12:0	5	6	22	27.0698	99.5839	100
3:10:13:10	5	6	22	27.0698	99.5839	100
3:10:14:25	5	6	22	27.0698	99.5839	100
3:10:15:40	5	6	22	27.0698	99.5839	100
3:10:16:50	5	6	22	27.0698	99.5839	100
3:10:18:5	5	6	22	27.0698	99.5839	100
3:10:19:15	5	6	22	27.0698	99.5839	100
3:10:20:30	5	6	22	27.0698	99.5839	100
3:10:21:40	5	6	22	27.0698	99.5839	100
3:10:22:55	5	6	22	27.0698	99.5839	100
3:10:24:10	5	6	22	27.0698	99.5839	100
3:10:25:20	5	6	22	27.0698	99.5839	100
3:10:26:35	5	6	22	27.0698	99.5839	100
3:10:27:45	5	6	22	27.0698	99.5839	100
3:10:29:0	5	6	22	27.0698	99.5839	100
3:10:30:10	5	6	22	27.0698	99.5839	100
3:10:31:25	5	6	22	27.0698	99.5839	100
3:10:32:40	5	6	22	27.0698	99.5839	100
3:10:33:50	5	6	22	27.0698	99.5839	100
3:10:35:5	5	6	22	27.0698	99.5839	100
3:10:36:15	5	6	22	27.0698	99.5839	100
3:10:37:30	5	6	22	27.0698	99.5839	100
3:10:38:40	5	6	22	27.0698	99.5839	100
3:10:39:55	5	6	22	27.0698	99.5839	100
3:10:41:5	5	6	22	27.0698	99.5839	100
3:10:42:20	5	6	22	27.0698	99.5839	100
3:10:43:30	5	6	22	27.0698	99.5839	100
3:10:44:45	5	6	22	27.0698	99.5839	100
3:10:45:10	5	6	22	27.0698	99.5839	100
3:10:45:10	5	6	22	27.0698	99.5839	100
3:10:45:10	5	6	22	27.0698	99.5839	100
3:10:45:10	5	6	22	27.0698	99.5839	100
3:10:45:10	5	6	22	27.0698	99.5839	100
3:10:45:10	5	6	22	27.0698	99.5839	100
3:10:45:10	5	6	22	27.0698	99.5839	100
3:10:45:10	5	6	22	27.0698	99.5839	100
3:10:45:10	5	6	22	27.0698	99.5839	100
3:10:45:10	5	6	22	27.0698	99.5839	100
3:10:45:10	5	6	22	27.0698	99.5839	100
3:10:45:10	5	6	22	27.0698	99.5839	100
3:10:45:10	5	6	22	27.0698	99.5839	100
3:10:45:10	5	6	22	27.0698	99.5839	100
3:10:45:10	5	6	22	27.0698	99.5839	100
3:10:45:10	5	6	22	27.0698	99.5839	100
3:10:45:10	5	6	22	27.0698	99.5839	100
3:10:45:10	5	6	22	27.0698	99.5839	100
3:10:45:10	5	6	22	27.0698	99.5839	100
3:10:45:10	5	6	22	27.0698	99.5839	100
3:10:45:10	5	6	22	27.0698	99.5839	100
3:10:45:10	5	6	22	27.0698	99.5839	100
3:10:45:10	5	6	22	27.0698	99.5839	100
3:10:45:10	5	6	22	27.0698	99.5839	100
3:10:45:10	5	6	22	27.0698	99.5839	100
3:10:45:10	5	6	22	27.0698	99.5839	100
3:10:45:10	5	6	22	27.0698	99.5839	100
3:10:45:10	5	6	22	27.0698	99.5839	100
3:10:45:10	5	6	22	27.0698	99.5839	100
3:10:45:10	5	6	22	27.0698	99.5839	100
3:10:45:10	5	6	22	27.0698	99.5839	100
3:10:45:10	5	6	22	27.0698	99.5839	100
3:10:45:10	5	6	22	27.0698	99.5839	100
3:10:45:10	5	6	22	27.0698	99.5839	100
3:10:45:10	5	6	22	27.0698	99.5839	100
3:10:45:10	5	6	22	27.0698	99.5839	100
3:10:45:10	5	6	22	27.0698	99.5839	100
3:10:45:10	5	6	22	27.0698	99.5839	100
3:10:45:10	5	6	22	27.0698	99.5839	100
3:10:45:10	5	6	22	27.0698	99.5839	100
3:10:45:10	5	6	22	27.0698	99.5839	100
3:10:45:10	5	6	22	27.0698	99.5839	100
3:10:45:10	5	6	22	27.0698	99.5839	100
3:10:45:10	5	6	22	27.0698	99.5839	100
3:10:45:10	5	6	22	27.0698	99.5839	100
3:10:45:10	5	6	22	27.0698	99.5839	100
3:10:45:10	5	6	22	27.0698	99.5839	100
3:10:45:10	5	6	22	27.0698	99.5839	100
3:10:45:10	5	6	22	27.0698	99.5839	100
3:10:45:10	5	6	22	27.0698	99.5839	100
3:10:45:10	5	6	22	27.0698	99.5839	100
3:10:45:10	5	6	22	27.0698	99.5839	100
3:10:45:10	5	6	22	27.0698	99.5839	100
3:10:45:10	5	6	22	27.0698	99.5839	100
3:10:45:10	5	6	22	27.0698	99.5839	100
3:10:45:10	5	6	22	27.0698	99.5839	100
3:10:45:10	5	6	22	27.0698	99.5839	100
3:10:45:10	5	6	22	27.0698	99.5839	100
3:10:45:10	5	6	22	27.0698	99.5839	100
3:10:45:10	5	6	22	27.0698	99.5839	100
3:10:45:10	5	6	22	27.0698	99.5839	100
3:10:45:10	5	6	22	27.0698	99.5839	100
3:10:45:10	5	6	22	27.0698	99.5839	100
3:10:45:10	5	6	22	27.0698	99.5839	100
3:10:45:10	5	6	22	27.0698	99.5839	100
3:10:45:10	5	6	22	27.0698	99.5839	100
3:10:45:10	5	6	22	27.0698	99.5839	100
3:10:45:10	5	6	22	27.0698	99.5839	100
3:10:45:10	5	6	22	27.0698	99.5839	100
3:10:45:10	5	6	22	27.0698	99.5839	100
3:10:45:10	5	6	22	27.0698	99.5839	100
3:10:45:10	5	6	22	27.0698	99.5839	100
3:10:45:10	5	6	22	27.0698	99.5839	100
3:8:1:15	5	6	22	29.7474	99.3262	100
3:8:2:25	5	6	22	28.2464	99.5172	100
3:8:3:40	5	6	22	28.0323	21.1109	20.279000000000167
3:8:4:55	5	6	22	27.315	43.7355	44.029000000000025
3:8:6:5	5	6	22	27.1681	25.5913	25.050000000000168
3:8:7:15	5	6	22	27.1681	44.5255	44.92850000000001
3:8:8:25	5	6	22	24.5959	71.1062	71.50350000000002
3:8:9:40	5	6	22	24.4331	0.0	0
3:8:10:50	5	6	22	24.5329	14.0104	14.444499999999945
3:8:12:5	5	6	22	24.1979	33.9716	34.41000000000008
3:8:13:20	5	6	22	24.4048	23.6951	23.12550000000002
3:8:14:30	5	6	22	24.7011	49.884	50.273000000000096
3:8:15:45	5	6	22	22.9737	81.7097	82.0035
3:8:16:55	5	6	22	21.0646	1.0655	0
3:8:18:5	5	6	22	21.2282	0.0	0
3:8:19:20	5	6	22	21.3556	16.0276	16.320500000000173
3:8:20:30	5	6	22	21.3556	20.2073	20.561500000000024
3:8:21:45	5	6	22	21.8607	17.1621	16.70250000000003
3:8:22:55	5	6	22	21.5162	48.5518	48.83750000000019
3:8:24:10	5	6	22	21.5162	21.9807	21.500500000000184
3:8:25:20	5	6	22	21.5162	21.2696	20.80400000000019
3:8:26:35	5	6	22	21.5162	18.8646	18.385000000000197
3:8:27:50	5	6	22	22.04	16.4466	15.966000000000204
3:8:29:0	5	6	22	21.307	49.8891	50.213000000000065
3:8:30:15	5	6	22	21.4916	0.0	0
3:8:31:25	5	6	22	21.6477	12.7538	13.121999999999971
3:8:32:40	5	6	22	21.7275	20.0956	20.584000000000113
3:8:33:50	5	6	22	22.0242	23.2042	23.628000000000018
3:8:35:5	5	6	22	21.4183	42.2316	42.63550000000011
3:8:36:20	5	6	22	21.5997	0.0	0
3:8:37:30	5	6	22	21.7644	12.4658	12.819000000000003
3:8:38:45	5	6	22	21.8545	21.0951	21.439499999999985
3:8:39:55	5	6	22	22.08	25.3751	25.7450000000002
3:8:41:10	5	6	22	21.416	39.8914	40.35199999999996
3:8:42:20	5	6	22	21.5965	0.0	0
3:8:43:35	5	6	22	21.7484	12.6711	13.03499999999989
3:8:44:45	5	6	22	22.2215	20.4659	20.74799999999998
3:8:46:0	5	6	22	22.6145	51.5672	51.84749999999988
3:8:47:10	5	6	22	20.3744	77.7136	78.09949999999994
3:8:48:25	5	6	22	20.4862	1.028	0
3:8:49:40	5	6	22	20.6853	10.4918	10.898499999999913
3:8:50:50	5	6	22	21.1006	16.3757	16.707500000000017
3:8:52:5	5	6	22	21.4815	37.7199	38.209499999999906
3:8:53:15	5	6	22	20.4056	57.8542	58.29899999999995
3:8:54:25	5	6	22	20.5698	0.0	0
3:8:55:35	5	6	22	20.7924	8.5621	8.901500000000073
3:8:56:50	5	6	22	21.0847	16.0115	16.511500000000066
3:8:58:5	5	6	22	21.4075	29.419	29.821500000000132
3:8:59:15	5	6	22	20.877	46.0638	46.37949999999995
3:9:0:30	5	6	22	20.9914	5.2449	4.667999999999957
3:9:1:40	5	6	22	21.4049	9.3681	9.71349999999994
3:9:2:55	5	6	22	21.772	32.7307	33.04350000000012
3:9:4:5	5	6	22	22.2972	53.2388	53.69749999999991
3:9:5:20	5	6	22	19.2962	87.1532	87.48600000000005
3:9:6:25	5	6	22	19.1072	1.4398	0
3:9:7:40	5	6	22	19.5696	0.0	0
3:9:8:55	5	6	22	19.7827	18.4659	18.84900000000016
3:9:10:5	5	6	22	20.1196	19.0187	19.301999999999957
3:9:11:20	5	6	22	20.1196	30.4348	30.73299999999996
3:9:12:30	5	6	22	20.1196	20.1386	19.646499999999953
3:9:13:45	5	6	22	20.4333	10.7897	10.244499999999945
3:9:14:55	5	6	22	20.7486	22.4851	22.80149999999999
3:9:16:10	5	6	22	20.5873	35.1091	35.47050000000002
3:9:17:25	5	6	22	20.6885	16.8883	16.34599999999997
3:9:18:35	5	6	22	20.8926	16.8883	17.173000000000123
3:9:19:50	5	6	22	20.8926	23.9327	24.396500000000145
3:9:21:0	5	6	22	20.9077	18.2871	17.83900000000015
3:9:22:15	5	6	22	21.0592	13.8894	13.358999999999934
3:9:23:25	5	6	22	21.3596	18.0635	18.427000000000096
3:9:24:40	5	6	22	21.5581	18.0635	33.99350000000007
3:9:25:55	5	6	22	22.0397	42.8347	43.184500000000014
3:9:27:5	5	6	22	22.8	73.198	73.69450000000003
3:9:28:20	5	6	22	18.712	99.5091	100
3:9:29:30	5	6	22	17.9688	1.2329	0
3:9:30:45	5	6	22	18.5096	0.0	0
3:9:31:55	5	6	22	18.7059	20.9413	21.41599999999981
3:9:33:10	5	6	22	19.0699	15.4452	15.000999999999873
3:9:34:20	5	6	22	19.2376	22.5645	23.02899999999992
3:9:35:35	5	6	22	19.4134	18.795	18.297499999999918
3:9:36:50	5	6	22	19.7368	16.4995	15.95299999999984
3:9:38:0	5	6	22	20.0953	24.478	24.778999999999805
3:9:39:15	5	6	22	19.9803	36.6056	36.941
3:9:40:25	5	6	22	20.1078	18.0511	17.574999999999857
3:9:41:40	5	6	22	20.3577	17.4807	16.976499999999955
3:9:42:50	5	6	22	20.3577	23.9681	24.37099999999997
3:9:44:5	5	6	22	20.475	15.3704	14.909999999999975
3:9:45:10	5	6	22	20.6086	15.3704	14.909499999999994
3:9:46:25	5	6	22	20.7821	15.6481	16.04999999999984
3:9:47:40	5	6	22	21.2326	20.1633	20.569999999999894
3:9:48:50	5	6	22	20.6492	44.8017	45.14800000000001
3:9:50:5	5	6	22	20.6492	44.8017	0
3:9:51:20	5	6	22	20.7985	0.0	0
3:9:52:30	5	6	22	21.2641	3.2421	3.697000000000017
3:9:53:45	5	6	22	21.6318	29.1552	29.53499999999991
3:9:54:55	5	6	22	21.0273	48.8383	49.266499999999866
3:9:56:10	5	6	22	21.237	3.877	3.2719999999999914
3:9:57:20	5	6	22	21.4538	15.786	16.109999999999843
3:9:58:35	5	6	22	21.7042	25.9626	26.42250000000004
3:9:59:45	5	6	22	22.1321	39.7149	40.135499999999965
3:10:1:0	5	6	22	20.9379	66.9432	67.35750000000004
3:10:2:15	5	6	22	21.1112	0.0	0
3:10:3:25	5	6	22	21.3676	12.4397	12.791500000000084
3:10:4:40	5	6	22	21.7819	25.0674	25.42900000000003
3:10:5:50	5	6	22	22.2599	49.6414	49.98600000000009
3:10:7:5	5	6	22	20.4648	79.7931	80.28399999999995
3:10:8:20	5	6	22	20.5115	0.0	0
3:10:9:30	5	6	22	21.014	4.2096	4.568500000000082
3:10:10:45	5	6	22	21.4187	31.6477	32.067499999999924
3:10:11:55	5	6	22	20.4548	52.4832	52.954000000000065
3:10:13:10	5	6	22	20.7011	0.0	0
3:10:14:20	5	6	22	20.9443	13.9059	14.334500000000112
3:10:15:35	5	6	22	21.4338	13.9059	23.632499999999972
3:10:16:50	5	6	22	21.6719	51.0107	51.40300000000019
3:10:18:0	5	6	22	20.846	62.49	62.791500000000134
3:10:19:15	5	6	22	21.0332	2.8521	2.1475000000000932
3:10:20:25	5	6	22	21.2895	13.1426	13.611000000000146
3:10:21:40	5	6	22	21.396	25.4378	25.782000000000114
3:10:22:50	5	6	22	21.2416	28.0863	28.40300000000015
3:10:24:5	5	6	22	21.5452	14.5942	14.042499999999976
3:10:25:15	5	6	22	21.9173	31.9305	32.27450000000019
3:10:26:30	5	6	22	21.5754	54.2442	54.529500000000155
3:10:27:40	5	6	22	21.5754	28.8634	28.322499999999984
3:10:28:55	5	6	22	21.6158	28.3635	27.90899999999999
3:10:30:10	5	6	22	21.8415	28.3635	28.614000000000104
3:10:31:20	5	6	22	22.2741	41.8817	42.29000000000008
3:10:32:35	5	6	22	20.8294	70.2079	70.65100000000012
3:10:33:45	5	6	22	21.1054	0.0	0
3:10:35:0	5	6	22	21.26	20.2417	20.69049999999999
3:10:36:10	5	6	22	21.26	25.1857	25.659500000000133
3:10:37:25	5	6	22	21.6767	21.6707	21.18650000000013
3:10:38:40	5	6	22	21.7123	46.3092	46.655500000000046
3:10:39:50	5	6	22	21.2164	45.8956	45.44749999999996
3:10:41:5	5	6	22	21.417	9.6638	9.118000000000038
3:10:42:15	5	6	22	21.5419	21.4062	21.721500000000134
3:10:43:30	5	6	22	21.9576	26.1102	26.546499999999902
3:10:44:40	5	6	22	22.5391	52.3424	52.730499999999985
3:10:45:55	5	6	22	21.0818	90.7288	91.14500000000012
3:10:47:10	5	6	22	21.3046	0.0	0
3:10:48:20	5	6	22	21.5676	17.9283	18.291499999999967
3:10:49:35	5	6	22	21.5136	31.6895	32.110499999999845
3:10:50:45	5	6	22	21.4547	25.3867	24.853499999999954
3:10:52:0	5	6	22	21.5251	19.0987	18.568499999999858
3:10:53:15	5	6	22	21.5251	20.75	21.064499999999814
3:10:54:25	5	6	22	21.9605	18.7848	18.33799999999981
3:10:55:40	5	6	22	21.9695	46.0269	46.44149999999989
3:10:56:50	5	6	22	21.4191	45.1915	44.6969999999999
3:10:58:5	5	6	22	21.6407	6.5337	5.971499999999921
3:10:59:20	5	6	22	21.7865	20.8794	21.33099999999983
3:11:0:30	5	6	22	22.2472	28.1516	28.63249999999992
3:11:1:45	5	6	22	21.4957	58.5866	59.08499999999986
3:11:2:55	5	6	22	21.7452	6.2097	5.412499999999859
3:11:4:10	5	6	22	21.914	23.7641	24.113499999999938
3:11:5:20	5	6	22	21.8311	33.0171	33.408
3:11:6:35	5	6	22	21.5537	26.7942	26.33099999999985
3:11:7:50	5	6	22	21.793	6.9712	6.482999999999851
3:11:9:0	5	6	22	21.8466	21.9069	22.389499999999853
3:11:10:15	5	6	22	21.8466	23.6029	23.90999999999981
3:11:11:25	5	6	22	22.2385	23.3947	22.874999999999805
3:11:12:40	5	6	22	22.7142	23.3947	49.54099999999978
3:11:13:50	5	6	22	19.8453	81.5982	82.07300000000001
3:11:15:5	5	6	22	20.077	1.0645	0
3:11:16:20	5	6	22	20.296	19.4113	19.79000000000001
3:11:17:30	5	6	22	20.4155	23.938	24.346499999999853
3:11:18:45	5	6	22	20.4155	23.5957	23.096500000000013
3:11:19:55	5	6	22	20.6552	15.0994	14.57650000000001
3:11:21:10	5	6	22	21.0829	23.1287	23.432999999999957
3:11:22:20	5	6	22	21.0829	45.1713	45.44949999999982
3:11:23:35	5	6	22	19.8619	45.1713	38.725499999999826
3:11:24:50	5	6	22	20.1707	0.0	0
3:11:26:0	5	6	22	20.3704	16.7123	17.0305000000001
3:11:27:15	5	6	22	20.494	19.8811	20.31900000000009
3:11:28:25	5	6	22	20.5975	19.8811	19.82450000000007
3:11:29:40	5	6	22	21.3726	19.3954	18.921500000000098
3:11:30:50	5	6	22	20.6198	65.3375	65.64849999999998
3:11:32:5	5	6	22	20.8672	6.6382	5.94000000000019
3:11:33:15	5	6	22	21.1008	19.7348	20.12100000000011
3:11:34:30	5	6	22	21.6284	29.1676	29.572000000000056
3:11:35:40	5	6	22	20.6097	60.5544	60.84000000000003
3:11:36:55	5	6	22	20.9069	0.0	0
3:11:38:5	5	6	22	21.1208	18.5594	18.946000000000005
3:11:39:20	5	6	22	21.2652	26.6624	26.967499999999927
3:11:40:35	5	6	22	21.6643	31.1998	31.609999999999996
3:11:41:45	5	6	22	20.8527	54.8311	55.15100000000004
3:11:43:0	5	6	22	21.1457	0.0	0
3:11:44:10	5	6	22	21.3548	18.449	18.8315000000002
3:11:45:25	5	6	22	21.3548	27.3661	27.732000000000152
3:11:46:35	5	6	22	21.8177	23.94	23.46050000000016
3:11:47:50	5	6	22	21.2174	52.1963	52.6375
3:11:49:0	5	6	22	21.4508	8.109	7.390500000000202
3:11:50:15	5	6	22	21.6255	22.3639	22.817000000000167
3:11:51:30	5	6	22	22.1008	30.8028	31.133000000000024
3:11:52:40	5	6	22	21.2232	61.1616	61.65800000000008
3:11:53:55	5	6	22	21.5182	0.0	0
3:11:55:5	5	6	22	21.7133	20.6887	21.154000000000117
3:11:56:20	5	6	22	21.8324	30.4948	30.927000000000113
3:11:57:35	5	6	22	22.1531	36.5091	36.85500000000008
3:11:58:45	5	6	22	21.2543	57.3978	57.87049999999999
3:12:0:0	5	6	22	21.5447	0.0	0
3:12:1:10	5	6	22	21.7333	20.6303	21.093499999999867
3:12:2:25	5	6	22	21.7333	30.1557	30.56699999999994
3:12:3:35	5	6	22	22.1764	28.7423	28.290499999999934
3:12:4:50	5	6	22	21.2273	57.5191	57.97400000000002
3:12:6:0	5	6	22	21.5036	0.0	0
3:12:7:15	5	6	22	21.7079	19.7909	20.222999999999942
3:12:8:25	5	6	22	21.7079	30.1844	30.660499999999935
3:12:9:40	5	6	22	22.1106	28.6439	28.17849999999993
3:12:10:55	5	6	22	21.2588	54.528	54.907000000000124
3:12:12:5	5	6	22	21.5198	0.0	0
3:12:13:20	5	6	22	21.765	18.4408	18.822999999999954
3:12:14:30	5	6	22	21.7927	31.877	32.28099999999999
3:12:15:45	5	6	22	21.566	31.877	31.81899999999995
3:12:16:55	5	6	22	21.7251	15.2955	14.774999999999881
3:12:18:10	5	6	22	21.7251	24.4847	24.875500000000038
3:12:19:25	5	6	22	22.14	23.1489	22.705500000000033
3:12:20:35	5	6	22	22.0353	49.9704	50.373999999999995
3:12:21:50	5	6	22	21.731	42.175	41.67049999999992
3:12:23:0	5	6	22	21.8369	21.5646	21.069500000000076
3:12:24:15	5	6	22	21.8369	28.242	28.658999999999956
3:12:25:25	5	6	22	21.911	27.7795	27.313999999999965
3:12:26:40	5	6	22	21.911	31.1911	31.68550000000006
3:12:27:55	5	6	22	21.8776	31.1911	30.87000000000006
3:12:29:5	5	6	22	21.8776	28.5818	28.087000000000046
3:12:30:20	5	6	22	21.9992	28.1774	27.642000000000053
3:12:31:30	5	6	22	21.8243	35.0923	35.54199999999987
3:12:32:45	5	6	22	21.8243	23.1459	22.687000000000054
3:12:33:55	5	6	22	21.9542	23.1459	22.683000000000046
3:12:35:10	5	6	22	22.4241	30.4167	30.897499999999997
3:12:36:20	5	6	22	22.9832	62.6113	62.911999999999935
3:12:37:35	5	6	22	20.1268	99.5093	100
3:12:38:50	5	6	22	20.4456	0.0	0
3:12:40:0	5	6	22	20.6476	26.8282	27.231999999999967
3:12:41:15	5	6	22	20.578	31.5647	32.006000000000085
3:12:42:25	5	6	22	20.578	19.88	19.361999999999995
3:12:43:40	5	6	22	20.879	13.0768	12.599999999999998
3:12:44:50	5	6	22	20.9514	26.1738	26.56000000000013
3:12:46:5	5	6	22	21.028	25.0741	24.518000000000004
3:12:47:20	5	6	22	21.1935	24.794	24.27499999999995
3:12:48:30	5	6	22	21.0977	30.3172	30.617000000000054
3:12:49:45	5	6	22	21.2364	19.4949	19.05100000000001
3:12:50:55	5	6	22	21.2364	24.2787	24.727500000000013
3:12:52:10	5	6	22	21.3621	20.7774	20.21600000000001
3:12:53:20	5	6	22	21.5929	24.8482	25.197000000000145
3:12:54:35	5	6	22	22.3057	37.1884	37.53500000000004
3:12:55:45	5	6	22	20.961	83.9201	84.24150000000014
3:12:57:0	5	6	22	21.2383	1.0863	0
3:12:58:15	5	6	22	21.4787	20.5206	20.93950000000003
3:12:59:25	5	6	22	21.5526	32.2575	32.5725000000001
3:13:0:40	5	6	22	21.2275	33.5088	33.937000000000225
3:13:1:50	5	6	22	21.4696	9.1968	8.573500000000042
3:13:3:5	5	6	22	21.5785	22.8627	23.283500000000096
3:13:4:15	5	6	22	21.9844	26.7375	27.043999999999983
3:13:5:30	5	6	22	21.9927	52.431	52.80500000000016
3:13:6:40	5	6	22	21.5435	51.7395	51.278500000000044
3:13:7:55	5	6	22	21.6822	20.3544	19.756500000000216
3:13:9:10	5	6	22	21.6822	29.0776	29.429000000000215
3:13:10:20	5	6	22	21.6822	27.6672	27.146500000000223
3:13:11:35	5	6	22	21.59	26.094	25.557500000000232
3:13:12:45	5	6	22	21.6924	17.9649	17.514500000000112
3:13:14:0	5	6	22	21.7067	22.6588	23.093500000000077
3:13:15:10	5	6	22	21.7067	22.5697	22.04450000000023
3:13:16:25	5	6	22	22.1251	20.9713	20.506500000000226
3:13:17:40	5	6	22	22.2576	47.9211	48.32800000000012
3:13:18:50	5	6	22	21.8177	55.8448	56.13650000000014
3:13:20:5	5	6	22	21.8177	26.4683	25.969000000000033
3:13:21:15	5	6	22	21.9318	26.7769	27.257000000000033
3:13:22:30	5	6	22	21.6704	33.8707	34.33250000000007
3:13:23:40	5	6	22	21.8422	15.5965	15.123000000000179
3:13:24:55	5	6	22	22.0151	15.5965	26.808
3:13:26:10	5	6	22	22.5131	36.7794	37.26300000000015
3:13:27:20	5	6	22	21.2812	70.9956	71.33400000000022
3:13:28:35	5	6	22	20.598	0.0	0
3:13:29:45	5	6	22	20.8853	0.0	0
3:13:31:0	5	6	22	21.1109	16.2171	16.517000000000124
3:13:32:10	5	6	22	21.1109	24.9471	25.29900000000012
3:13:33:25	5	6	22	21.629	24.9471	19.725500000000125
3:13:34:35	5	6	22	21.2528	51.1594	51.54700000000016
3:13:35:45	5	6	22	21.3946	21.3505	20.767500000000112
3:13:37:0	5	6	22	21.4791	28.3833	28.838500000000113
3:13:38:10	5	6	22	21.3264	30.544	31.01750000000001
3:13:39:25	5	6	22	21.4148	17.7714	17.301500000000054
3:13:40:35	5	6	22	21.5077	20.5402	20.88500000000005
3:13:41:50	5	6	22	21.6117	23.6061	24.020000000000064
3:13:43:5	5	6	22	22.0506	27.9881	28.374000000000006
3:13:44:15	5	6	22	21.9891	56.1956	56.63550000000002
3:13:45:30	5	6	22	21.2142	50.8854	50.3890000000001
3:13:46:40	5	6	22	21.5221	0.0	0
3:13:47:55	5	6	22	21.6972	21.0209	21.49849999999976
3:13:49:5	5	6	22	21.6972	29.4938	29.8264999999998
3:13:50:20	5	6	22	21.5214	27.9748	27.43699999999979
3:13:51:35	5	6	22	21.6086	14.1732	13.616999999999866
3:13:52:45	5	6	22	21.7362	17.9107	18.20699999999981
3:13:54:0	5	6	22	21.8615	24.3541	24.74599999999988
3:13:55:10	5	6	22	22.0012	31.1321	31.559999999999828
3:13:56:25	5	6	22	21.5014	39.6816	40.01999999999992
3:13:57:35	5	6	22	21.7764	4.971	4.34149999999989
3:13:58:50	5	6	22	21.8167	23.219	23.597499999999794
3:14:0:5	5	6	22	21.8167	23.5043	23.925499999999936
3:14:1:15	5	6	22	22.0356	23.2535	22.80749999999993
3:14:2:30	5	6	22	22.7968	36.804	37.213999999999785
3:14:3:40	5	6	22	21.1386	89.1849	89.58149999999995
3:14:4:55	5	6	22	21.424	0.0	0
3:14:6:5	5	6	22	21.6444	23.6418	23.96199999999995
3:14:7:20	5	6	22	21.6444	34.7984	35.083000000000055
3:14:8:30	5	6	22	21.3064	32.6625	32.20300000000005
3:14:9:45	5	6	22	21.559	7.3057	6.76499999999999
3:14:11:0	5	6	22	21.6355	22.1892	22.669000000000068
3:14:12:10	5	6	22	22.0156	24.153	24.556000000000022
3:14:13:25	5	6	22	22.4664	48.6163	48.95799999999994
3:14:14:35	5	6	22	21.6433	78.2151	78.69150000000002
3:14:15:50	5	6	22	21.8037	21.835	21.152500000000003
3:14:17:0	5	6	22	21.8037	34.3564	34.71249999999995
3:14:18:15	5	6	22	21.7052	34.3564	32.928999999999945
3:14:19:25	5	6	22	21.6128	25.5827	25.052500000000094
3:14:20:35	5	6	22	21.7531	18.0976	17.602999999999994
3:14:21:50	5	6	22	21.7531	25.4594	25.949999999999992
3:14:23:0	5	6	22	21.7531	24.469	24.013999999999992
3:14:24:15	5	6	22	21.6956	23.2675	22.77949999999999
3:14:25:25	5	6	22	22.1324	18.0912	17.51999999999992
3:14:26:40	5	6	22	21.6823	46.4165	46.861500000000035
3:14:27:50	5	6	22	21.8762	14.4361	13.832500000000095
3:14:29:5	5	6	22	21.9725	27.6696	28.06750000000005
3:14:30:15	5	6	22	21.9725	32.7282	33.22000000000001
3:14:31:30	5	6	22	22.1101	32.7282	32.60100000000001
3:14:32:45	5	6	22	21.8462	41.7238	42.095499999999944
3:14:33:55	5	6	22	21.9413	23.9537	23.484999999999975
3:14:35:10	5	6	22	21.9413	30.3099	30.692499999999875
3:14:36:20	5	6	22	21.6034	30.3099	29.923499999999873
3:14:37:35	5	6	22	21.8542	6.4389	5.977000000000029
3:14:38:45	5	6	22	21.8542	22.9295	23.23949999999989
3:14:40:0	5	6	22	21.9686	21.7423	21.256499999999892
3:14:41:15	5	6	22	22.4052	28.1477	28.535499999999875
3:14:42:25	5	6	22	21.6853	57.8883	58.36850000000001
3:14:43:40	5	6	22	21.9279	8.4538	7.818500000000064
3:14:44:50	5	6	22	21.9279	26.4604	26.82650000000003
3:14:46:5	5	6	22	22.0142	25.7922	25.25300000000004
3:14:47:15	5	6	22	22.3688	30.4879	30.933499999999892
3:14:48:30	5	6	22	20.7704	55.0507	55.394999999999996
3:14:49:40	5	6	22	21.0521	0.0	0
3:14:50:55	5	6	22	21.1774	21.0831	21.563000000000052
3:14:52:10	5	6	22	21.5154	23.8433	24.185999999999996
3:14:53:20	5	6	22	22.4342	42.7086	43.10650000000006
3:14:54:35	5	6	22	20.8543	99.614	100
3:14:55:45	5	6	22	21.1296	1.2339	0
3:14:57:0	5	6	22	21.3726	20.9664	21.442000000000103
3:14:58:10	5	6	22	21.4336	32.4232	32.723499999999994
3:14:59:25	5	6	22	21.2799	32.4232	32.64149999999999
3:15:0:40	5	6	22	21.4072	19.2905	18.74550000000019
3:15:1:50	5	6	22	21.4072	24.3256	24.824500000000057
3:15:3:5	5	6	22	21.5781	21.7957	21.224000000000064
3:15:4:15	5	6	22	21.5781	29.9112	30.223000000000035
3:15:5:30	5	6	22	21.3982	27.7871	27.259000000000032
3:15:6:45	5	6	22	21.5758	13.0516	12.556500000000032
3:15:7:55	5	6	22	21.7719	22.4753	22.87900000000015
3:15:9:10	5	6	22	21.589	33.1034	33.59699999999999
3:15:10:20	5	6	22	21.5725	19.1584	18.672999999999988
3:15:11:35	5	6	22	21.6922	16.8499	16.377500000000186
3:15:12:45	5	6	22	21.6922	22.405	22.70150000000005
3:15:14:0	5	6	22	21.7312	21.0725	20.564000000000057
3:15:15:15	5	6	22	21.7312	21.3087	21.75500000000016
3:15:16:25	5	6	22	22.522	20.6657	20.216000000000157
3:15:17:40	5	6	22	21.6816	73.8211	74.22799999999998
3:15:18:50	5	6	22	21.8462	14.9152	14.056000000000068
3:15:20:5	5	6	22	21.9536	27.8123	28.188000000000066
3:15:21:15	5	6	22	21.8371	33.7738	34.1140000000002
3:15:22:30	5	6	22	21.6622	25.6417	25.190000000000058
3:15:23:45	5	6	22	21.8361	13.1807	12.715
3:15:24:55	5	6	22	21.9391	23.5958	24.073499999999978
3:15:26:10	5	6	22	22.3312	29.2837	29.594500000000078
3:15:27:20	5	6	22	22.4084	55.8257	56.222000000000016
3:15:28:35	5	6	22	21.8008	60.8371	61.3215000000001
3:15:29:45	5	6	22	21.9144	21.1225	20.44549999999999
3:15:31:0	5	6	22	21.9144	30.0713	30.43950000000011
3:15:32:15	5	6	22	21.8362	29.9784	29.443500000000103
3:15:33:25	5	6	22	21.7284	23.9967	23.54150000000018
3:15:34:40	5	6	22	21.8706	16.0753	15.567500000000113
3:15:35:50	5	6	22	21.8706	24.3781	24.70250000000005
3:15:37:5	5	6	22	22.2613	23.8379	23.344500000000053
3:15:38:15	5	6	22	22.6029	49.6689	50.04649999999998
3:15:39:30	5	6	22	20.8474	72.9995	73.31150000000021
3:15:40:40	5	6	22	21.0992	0.0	0
3:15:41:55	5	6	22	21.2733	20.1935	20.640499999999964
3:15:43:5	5	6	22	21.3533	26.6691	27.064499999999914
3:15:44:20	5	6	22	21.2082	27.8015	28.16050000000004
3:15:45:35	5	6	22	21.3392	14.8423	14.370000000000083
3:15:46:45	5	6	22	21.3392	19.8264	20.306500000000103
3:15:48:0	5	6	22	21.5256	16.8684	16.34750000000011
3:15:49:10	5	6	22	21.897	25.7255	26.09150000000005
3:15:50:25	5	6	22	21.5412	48.4884	48.7854999999999
3:15:51:35	5	6	22	21.6019	22.0584	21.507500000000004
3:15:52:50	5	6	22	21.5785	24.8702	25.24150000000004
3:15:54:0	5	6	22	21.5785	21.7718	21.30949999999988
3:15:55:15	5	6	22	21.6884	19.7686	19.318999999999882
3:15:56:30	5	6	22	22.3858	24.4688	24.9045000000001
3:15:57:40	5	6	22	21.6035	71.2923	71.61499999999997
3:15:58:55	5	6	22	21.7323	15.9713	15.29600000000002
3:16:0:5	5	6	22	21.8286	25.8066	26.240999999999897
3:16:1:20	5	6	22	21.6141	30.5561	30.999500000000104
3:16:2:30	5	6	22	21.7281	15.0928	14.646000000000026
3:16:3:45	5	6	22	21.7281	21.3925	21.769000000000087
3:16:5:0	5	6	22	21.9145	20.3762	19.83950000000009
3:16:6:10	5	6	22	22.2895	31.2545	31.528000000000027
3:16:7:25	5	6	22	22.3342	56.0676	56.41850000000004
3:16:8:35	5	6	22	21.7363	58.7868	59.11999999999996
3:16:9:50	5	6	22	21.8368	19.2825	18.714500000000015
3:16:11:0	5	6	22	21.8368	27.1342	27.42050000000003
3:16:12:15	5	6	22	21.8368	26.595	26.10200000000003
3:16:13:30	5	6	22	21.6517	25.7766	25.28600000000003
3:16:14:40	5	6	22	21.7796	11.9963	11.513000000000137
3:16:15:55	5	6	22	21.8341	19.1787	19.649999999999913
3:16:17:5	5	6	22	22.005	21.2736	21.723499999999984
3:16:18:20	5	6	22	22.324	32.3064	32.58449999999995
3:16:19:30	5	6	22	21.5477	53.5974	54.08500000000013
3:16:20:45	5	6	22	21.7521	0.0	0
3:16:22:0	5	6	22	21.8887	15.6491	15.927999999999987
3:16:23:10	5	6	22	21.9426	22.7644	23.22850000000008
3:16:24:25	5	6	22	22.5983	25.4392	25.761999999999983
3:16:25:35	5	6	22	21.8128	70.8013	71.10449999999994
3:16:26:50	5	6	22	21.9205	16.5009	15.83250000000001
3:16:28:0	5	6	22	21.9205	25.9569	26.36300000000009
3:16:29:15	5	6	22	21.8774	25.8917	25.427000000000085
3:16:30:30	5	6	22	21.7636	22.4907	22.012500000000156
3:16:31:40	5	6	22	21.8159	14.1673	13.649000000000072
3:16:32:55	5	6	22	21.8159	16.2348	16.697000000000003
3:16:34:5	5	6	22	22.0167	15.9694	15.515000000000004
3:16:35:20	5	6	22	22.3003	28.3042	28.65050000000007
3:16:36:30	5	6	22	21.7196	47.1836	47.58200000000005
3:16:37:45	5	6	22	21.8781	7.5851	7.016500000000036
3:16:38:55	5	6	22	21.9373	19.2992	19.613000000000042
3:16:40:10	5	6	22	21.9373	22.0212	22.355000000000082
3:16:41:20	5	6	22	22.5233	22.0212	21.74550000000008
3:16:42:35	5	6	22	21.8864	62.006	62.451999999999984
3:16:43:50	5	6	22	21.9439	18.153	17.555499999999938
3:16:45:0	5	6	22	21.9439	23.8818	24.197000000000003
3:16:46:15	5	6	22	22.0209	23.8818	23.628999999999994
3:16:47:25	5	6	22	22.5178	28.3406	28.738500000000112
3:16:48:40	5	6	22	21.8836	62.8963	63.24100000000011
3:16:49:50	5	6	22	21.9382	19.6619	18.951500000000124
3:16:51:5	5	6	22	22.0105	19.4622	25.362499999999926
3:16:52:20	5	6	22	22.0105	29.3953	29.841500000000075
3:16:53:30	5	6	22	22.3496	29.3953	29.532500000000066
3:16:54:45	5	6	22	21.6245	53.0027	53.32199999999996
3:16:55:55	5	6	22	21.7734	3.3885	2.6175000000001205
3:16:57:10	5	6	22	21.9265	14.506	14.788499999999946
3:16:58:20	5	6	22	22.3043	23.2733	23.628000000000092
3:16:59:35	5	6	22	21.7543	48.5772	48.94100000000013
3:17:0:45	5	6	22	21.8761	10.6309	10.073500000000081
3:17:2:0	5	6	22	21.997	19.7408	20.121000000000112
3:17:3:15	5	6	22	22.0669	26.888	27.35550000000004
3:17:4:25	5	6	22	22.1805	31.2468	31.62900000000008
3:17:5:40	5	6	22	21.923	39.2671	39.565999999999946
3:17:6:50	5	6	22	21.923	22.3998	21.875499999999928
3:17:8:5	5	6	22	21.923	22.3998	22.77799999999992
3:17:9:15	5	6	22	21.923	22.3998	22.392999999999912
3:17:10:30	5	6	22	22.246	22.3998	22.007999999999903
3:17:11:40	5	6	22	22.7175	43.7412	44.23299999999992
3:17:12:55	5	6	22	22.3735	43.7412	76.85300000000008
3:17:14:5	5	6	22	21.8876	53.5691	54.002999999999986
3:17:15:20	5	6	22	20.8792	24.1567	23.57749999999993
3:17:16:35	5	6	22	21.0605	0.0	0
3:17:17:45	5	6	22	21.2155	11.8102	12.129000000000012
3:17:19:0	5	6	22	21.4587	16.8813	17.374999999999847
3:17:20:10	5	6	22	21.7607	29.3483	29.701499999999967
3:17:21:25	5	6	22	20.9925	46.5815	46.91899999999993
3:17:22:35	5	6	22	21.154	0.0	0
3:17:23:50	5	6	22	21.2651	9.6853	10.108500000000014
3:17:25:0	5	6	22	21.3443	12.494	12.848000000000042
3:17:26:15	5	6	22	21.4214	13.738	14.162000000000052
3:17:27:30	5	6	22	21.8499	15.5396	15.88449999999991
3:17:28:40	5	6	22	21.5274	42.2016	42.60100000000014
3:17:29:55	5	6	22	21.4918	17.5999	17.133000000000024
3:17:31:5	5	6	22	21.7247	14.3602	13.89050000000012
3:17:32:20	5	6	22	21.964	14.3602	27.830499999999926
3:17:33:35	5	6	22	21.6398	41.6253	42.04049999999994
3:17:34:45	5	6	22	21.7065	18.4896	17.9700000000001
3:17:36:0	5	6	22	21.7065	22.1812	22.458999999999904
3:17:37:10	5	6	22	21.8091	21.189	20.65799999999991
3:17:38:25	5	6	22	21.6856	25.9215	26.372500000000073
3:17:39:40	5	6	22	21.8949	16.7993	16.26000000000007
3:17:40:50	5	6	22	21.7716	29.5831	29.9565
3:17:42:5	5	6	22	21.7716	20.2971	19.753499999999974
3:17:43:15	5	6	22	21.7716	19.7855	19.227999999999973
3:17:44:30	5	6	22	21.7716	18.5655	18.08599999999997
3:17:45:40	5	6	22	21.9394	17.4936	16.943999999999967
3:17:46:55	5	6	22	21.8108	27.1236	27.547999999999945
3:17:48:10	5	6	22	21.8108	17.8765	17.404000000000032
3:17:49:20	5	6	22	21.7962	17.5759	17.101000000000028
3:17:50:35	5	6	22	21.8356	15.5819	15.132999999999925
3:17:51:45	5	6	22	21.993	16.6332	16.944999999999965
3:17:53:0	5	6	22	22.2729	26.5067	26.943999999999896
3:17:54:10	5	6	22	21.9095	45.3191	45.71499999999999
3:17:55:25	5	6	22	21.327	20.775	20.24200000000008
3:17:56:40	5	6	22	21.4631	0.0	0
3:17:57:50	5	6	22	21.5705	8.7231	9.074499999999937
3:17:59:5	5	6	22	21.6578	12.8773	13.227499999999832
3:18:0:15	5	6	22	21.7393	16.184	16.654000000000018
3:18:1:30	5	6	22	21.7393	19.9258	20.211499999999898
3:18:2:40	5	6	22	21.7393	18.9528	18.500499999999906
3:18:3:55	5	6	22	21.929	17.694	17.196999999999907
3:18:5:5	5	6	22	22.194	28.8861	29.172499999999797
3:18:6:20	5	6	22	21.0992	46.0828	46.41899999999984
3:18:7:35	5	6	22	21.2206	0.0	0
3:18:8:45	5	6	22	21.2206	9.0893	9.468000000000085
3:18:10:0	5	6	22	21.382	5.4545	4.964000000000084
3:18:11:10	5	6	22	21.4485	11.9658	12.36500000000012
3:18:12:25	5	6	22	21.7784	12.6748	13.12299999999997
3:18:13:35	5	6	22	21.7784	32.6857	33.12600000000012
3:18:14:50	5	6	22	21.5988	30.8641	30.368500000000115
3:18:16:5	5	6	22	21.8215	17.1706	16.688500000000076
3:18:17:15	5	6	22	22.0536	30.7576	31.16950000000006
3:18:18:30	5	6	22	21.661	44.966	45.4105
3:18:19:35	5	6	22	21.661	17.5958	17.036000000000136
3:18:20:50	5	6	22	21.661	17.5958	17.304000000000133
3:18:22:0	5	6	22	21.7073	16.0726	15.60900000000014
3:18:23:15	5	6	22	21.8803	16.7452	17.155000000000054
3:18:24:30	5	6	22	22.1407	27.097	27.56999999999994
3:18:25:40	5	6	22	21.4987	44.0089	44.334499999999984
3:18:26:55	5	6	22	21.5823	0.0	0
3:18:28:5	5	6	22	21.6838	6.1907	6.555500000000034
