1:22:33:20	5	15	22	28.6166	99.5623	99.5623
1:22:34:30	5	15	22	28.6166	99.5623	100
1:22:35:45	5	15	22	28.6166	99.5623	100
1:22:36:55	5	15	22	28.6166	99.5623	100
1:22:38:10	5	15	22	28.6166	99.5623	100
1:22:39:20	5	15	22	28.6166	99.5623	100
1:22:40:35	5	15	22	28.6166	99.5623	100
1:22:41:50	5	15	22	28.6166	99.5623	100
1:22:43:0	5	15	22	28.6166	99.5623	100
1:22:44:15	5	15	22	28.6166	99.5623	100
1:22:45:25	5	15	22	28.6166	99.5623	100
1:22:46:35	5	15	22	28.6166	99.5623	100
1:22:47:50	5	15	22	28.6166	99.5623	100
1:22:49:0	5	15	22	28.6166	99.5623	100
1:22:50:15	5	15	22	28.6166	99.5623	100
1:22:51:25	5	15	22	28.6166	99.5623	100
1:22:52:40	5	15	22	28.6166	99.5623	100
1:22:53:55	5	15	22	28.6166	99.5623	100
1:22:55:5	5	15	22	28.6166	99.5623	100
1:22:56:20	5	15	22	28.6166	99.5623	100
1:22:57:30	5	15	22	28.6166	99.5623	100
1:22:58:40	5	15	22	28.6166	99.5623	100
1:22:59:55	5	15	22	28.6166	99.5623	100
1:23:1:5	5	15	22	28.6166	99.5623	100
1:23:2:20	5	15	22	28.6166	99.5623	100
1:23:3:30	5	15	22	28.6166	99.5623	100
1:23:4:45	5	15	22	28.6166	99.5623	100
1:23:5:55	5	15	22	28.6166	99.5623	100
1:23:7:10	5	15	22	28.6166	99.5623	100
1:23:8:20	5	15	22	28.6166	99.5623	100
1:23:9:35	5	15	22	28.6166	99.5623	100
1:23:10:45	5	15	22	28.6166	99.5623	100
1:23:12:0	5	15	22	28.6166	99.5623	100
1:23:13:10	5	15	22	28.6166	99.5623	100
1:23:14:25	5	15	22	28.6166	99.5623	100
1:23:15:35	5	15	22	28.6166	99.5623	100
1:23:16:50	5	15	22	28.6166	99.5623	100
1:23:18:0	5	15	22	28.6166	99.5623	100
1:23:19:15	5	15	22	28.6166	99.5623	100
1:23:20:25	5	15	22	28.6166	99.5623	100
1:23:21:40	5	15	22	28.6166	99.5623	100
1:23:22:50	5	15	22	28.6166	99.5623	100
1:23:24:5	5	15	22	28.6166	99.5623	100
1:23:25:15	5	15	22	28.6166	99.5623	100
1:23:26:30	5	15	22	28.6166	99.5623	100
1:23:27:40	5	15	22	28.6166	99.5623	100
1:23:28:55	5	15	22	28.6166	99.5623	100
1:23:30:5	5	15	22	28.6166	99.5623	100
1:23:31:20	5	15	22	28.6166	99.5623	100
1:23:32:30	5	15	22	28.6166	99.5623	100
1:23:33:45	5	15	22	28.6166	99.5623	100
1:23:34:55	5	15	22	28.6166	99.5623	100
1:23:36:10	5	15	22	28.6166	99.5623	100
1:23:37:20	5	15	22	28.6166	99.5623	100
1:23:38:35	5	15	22	28.6166	99.5623	100
1:23:39:45	5	15	22	28.6166	99.5623	100
1:23:41:0	5	15	22	28.6166	99.5623	100
1:23:42:10	5	15	22	28.6166	99.5623	100
1:23:43:25	5	15	22	28.6166	99.5623	100
1:23:44:35	5	15	22	28.6166	99.5623	100
1:23:45:50	5	15	22	28.6166	99.5623	100
1:23:47:5	5	15	22	28.6166	99.5623	100
1:23:48:15	5	15	22	28.6166	99.5623	100
1:23:49:30	5	15	22	28.6166	99.5623	100
1:23:50:40	5	15	22	28.6166	99.5623	100
1:23:51:50	5	15	22	28.6166	99.5623	100
1:23:53:5	5	15	22	28.6166	99.5623	100
1:23:54:15	5	15	22	28.6166	99.5623	100
1:23:55:30	5	15	22	28.6166	99.5623	100
1:23:56:40	5	15	22	28.6166	99.5623	100
1:23:57:55	5	15	22	28.6166	99.5623	100
1:23:59:5	5	15	22	28.6166	99.5623	100
2:0:0:20	5	15	22	28.6166	99.5623	100
2:0:1:30	5	15	22	28.6166	99.5623	100
2:0:2:45	5	15	22	28.6166	99.5623	100
2:0:3:55	5	15	22	28.6166	99.5623	100
2:0:5:10	5	15	22	28.6166	99.5623	100
2:0:6:20	5	15	22	28.6166	99.5623	100
2:0:7:35	5	15	22	28.6166	99.5623	100
2:0:8:45	5	15	22	28.6166	99.5623	100
2:0:10:0	5	15	22	28.6166	99.5623	100
2:0:11:10	5	15	22	28.6166	99.5623	100
2:0:12:25	5	15	22	28.6166	99.5623	100
2:0:13:35	5	15	22	28.6166	99.5623	100
2:0:14:50	5	15	22	28.6166	99.5623	100
2:0:16:0	5	15	22	28.6166	99.5623	100
2:0:17:15	5	15	22	28.6166	99.5623	100
2:0:18:25	5	15	22	28.6166	99.5623	100
2:0:19:40	5	15	22	28.6166	99.5623	100
2:0:20:50	5	15	22	28.6166	99.5623	100
2:0:22:5	5	15	22	28.6166	99.5623	100
2:0:23:15	5	15	22	28.6166	99.5623	100
2:0:24:30	5	15	22	28.6166	99.5623	100
2:0:25:40	5	15	22	28.6166	99.5623	100
2:0:26:55	5	15	22	28.6166	99.5623	100
2:0:28:5	5	15	22	28.6166	99.5623	100
2:0:29:15	5	15	22	28.6166	99.5623	100
2:0:30:25	5	15	22	28.6166	99.5623	100
2:0:31:40	5	15	22	28.6166	99.5623	100
2:0:32:50	5	15	22	28.6166	99.5623	100
2:0:34:5	5	15	22	28.6166	99.5623	100
2:0:35:15	5	15	22	28.6166	99.5623	100
2:0:36:30	5	15	22	28.6166	99.5623	100
2:0:37:40	5	15	22	28.6166	99.5623	100
2:0:38:55	5	15	22	28.6166	99.5623	100
2:0:40:5	5	15	22	28.6166	99.5623	100
2:0:41:20	5	15	22	28.6166	99.5623	100
2:0:42:30	5	15	22	28.6166	99.5623	100
2:0:43:45	5	15	22	28.6166	99.5623	100
2:0:44:55	5	15	22	28.6166	99.5623	100
2:0:46:10	5	15	22	28.6166	99.5623	100
2:0:47:20	5	15	22	28.6166	99.5623	100
2:0:48:35	5	15	22	28.6166	99.5623	100
2:0:49:45	5	15	22	28.6166	99.5623	100
2:0:51:0	5	15	22	28.6166	99.5623	100
2:0:52:10	5	15	22	28.6166	99.5623	100
2:0:53:25	5	15	22	28.6166	99.5623	100
2:0:54:35	5	15	22	28.6166	99.5623	100
2:0:55:50	5	15	22	28.6166	99.5623	100
2:0:57:0	5	15	22	28.6166	99.5623	100
2:0:58:15	5	15	22	28.6166	99.5623	100
2:0:59:30	5	15	22	28.6166	99.5623	100
2:1:0:40	5	15	22	28.6166	99.5623	100
2:1:1:50	5	15	22	28.6166	99.5623	100
2:1:3:5	5	15	22	28.6166	99.5623	100
2:1:4:20	5	15	22	28.6166	99.5623	100
2:1:5:30	5	15	22	28.6166	99.5623	100
2:1:6:40	5	15	22	28.6166	99.5623	100
2:1:7:55	5	15	22	28.6166	99.5623	100
2:1:9:10	5	15	22	28.6166	99.5623	100
2:1:10:20	5	15	22	28.6166	99.5623	100
2:1:11:35	5	15	22	28.6166	99.5623	100
2:1:12:45	5	15	22	28.6166	99.5623	100
2:1:14:0	5	15	22	28.6166	99.5623	100
2:1:15:10	5	15	22	28.6166	99.5623	100
2:1:16:20	5	15	22	28.6166	99.5623	100
2:1:17:35	5	15	22	28.6166	99.5623	100
2:1:18:50	5	15	22	28.6166	99.5623	100
2:1:20:0	5	15	22	28.6166	99.5623	100
2:1:21:15	5	15	22	28.6166	99.5623	100
2:1:22:25	5	15	22	28.6166	99.5623	100
2:1:23:40	5	15	22	28.6166	99.5623	100
2:1:24:50	5	15	22	28.6166	99.5623	100
2:1:26:5	5	15	22	28.6166	99.5623	100
2:1:27:15	5	15	22	28.6166	99.5623	100
2:1:28:30	5	15	22	28.6166	99.5623	100
2:1:29:40	5	15	22	28.6166	99.5623	100
2:1:30:55	5	15	22	28.6166	99.5623	100
2:1:32:5	5	15	22	28.6166	99.5623	100
2:1:33:20	5	15	22	28.6166	99.5623	100
2:1:34:30	5	15	22	28.6166	99.5623	100
2:1:35:45	5	15	22	28.6166	99.5623	100
2:1:36:55	5	15	22	28.6166	99.5623	100
2:1:38:10	5	15	22	28.6166	99.5623	100
2:1:39:20	5	15	22	28.6166	99.5623	100
2:1:40:35	5	15	22	28.6166	99.5623	100
2:1:41:45	5	15	22	28.6166	99.5623	100
2:1:43:0	5	15	22	28.6166	99.5623	100
2:1:44:10	5	15	22	28.6166	99.5623	100
2:1:45:25	5	15	22	28.6166	99.5623	100
2:1:46:35	5	15	22	28.6166	99.5623	100
2:1:47:50	5	15	22	28.6166	99.5623	100
2:1:49:0	5	15	22	28.6166	99.5623	100
2:1:50:15	5	15	22	28.6166	99.5623	100
2:1:51:25	5	15	22	28.6166	99.5623	100
2:1:52:40	5	15	22	28.6166	99.5623	100
2:1:53:50	5	15	22	28.6166	99.5623	100
2:1:55:5	5	15	22	28.6166	99.5623	100
2:1:56:15	5	15	22	28.6166	99.5623	100
2:1:57:30	5	15	22	28.6166	99.5623	100
2:1:58:40	5	15	22	28.6166	99.5623	100
2:1:59:55	5	15	22	28.6166	99.5623	100
2:2:1:5	5	15	22	28.6166	99.5623	100
2:2:2:20	5	15	22	28.6166	99.5623	100
2:2:3:30	5	15	22	28.6166	99.5623	100
2:2:4:45	5	15	22	28.6166	99.5623	100
2:2:5:55	5	15	22	28.6166	99.5623	100
2:2:7:10	5	15	22	28.6166	99.5623	100
2:2:8:20	5	15	22	28.6166	99.5623	100
2:2:9:35	5	15	22	28.6166	99.5623	100
2:2:10:45	5	15	22	28.6166	99.5623	100
2:2:12:0	5	15	22	28.6166	99.5623	100
2:2:13:10	5	15	22	28.6166	99.5623	100
2:2:14:25	5	15	22	28.6166	99.5623	100
2:2:15:35	5	15	22	28.6166	99.5623	100
2:2:16:50	5	15	22	28.6166	99.5623	100
2:2:18:0	5	15	22	28.6166	99.5623	100
2:2:19:15	5	15	22	28.6166	99.5623	100
2:2:20:25	5	15	22	28.6166	99.5623	100
2:2:21:40	5	15	22	28.6166	99.5623	100
2:2:22:50	5	15	22	28.6166	99.5623	100
2:2:24:5	5	15	22	28.6166	99.5623	100
2:2:25:15	5	15	22	28.6166	99.5623	100
2:2:26:30	5	15	22	28.6166	99.5623	100
2:2:27:40	5	15	22	28.6166	99.5623	100
2:2:28:55	5	15	22	28.6166	99.5623	100
2:2:30:5	5	15	22	28.6166	99.5623	100
2:2:31:20	5	15	22	28.6166	99.5623	100
2:2:32:30	5	15	22	28.6166	99.5623	100
2:2:33:45	5	15	22	28.6166	99.5623	100
2:2:34:55	5	15	22	28.6166	99.5623	100
2:2:36:10	5	15	22	28.6166	99.5623	100
2:2:37:20	5	15	22	28.6166	99.5623	100
2:2:38:35	5	15	22	28.6166	99.5623	100
2:2:39:45	5	15	22	28.6166	99.5623	100
2:2:41:0	5	15	22	28.6166	99.5623	100
2:2:42:10	5	15	22	28.6166	99.5623	100
2:2:43:25	5	15	22	28.6166	99.5623	100
2:2:44:35	5	15	22	28.6166	99.5623	100
2:2:45:50	5	15	22	28.6166	99.5623	100
2:2:47:0	5	15	22	28.6166	99.5623	100
2:2:48:15	5	15	22	28.6166	99.5623	100
2:2:49:25	5	15	22	28.6166	99.5623	100
2:2:50:40	5	15	22	28.6166	99.5623	100
2:2:51:50	5	15	22	28.6166	99.5623	100
2:2:53:5	5	15	22	28.6166	99.5623	100
2:2:54:15	5	15	22	28.6166	99.5623	100
2:2:55:30	5	15	22	28.6166	99.5623	100
2:2:56:40	5	15	22	28.6166	99.5623	100
2:2:57:55	5	15	22	28.6166	99.5623	100
2:2:59:5	5	15	22	28.6166	99.5623	100
2:3:0:20	5	15	22	28.6166	99.5623	100
2:3:1:30	5	15	22	28.6166	99.5623	100
2:3:2:45	5	15	22	28.6166	99.5623	100
2:3:3:55	5	15	22	28.6166	99.5623	100
2:3:5:10	5	15	22	28.6166	99.5623	100
2:3:6:20	5	15	22	28.6166	99.5623	100
2:3:7:35	5	15	22	28.6166	99.5623	100
2:3:8:45	5	15	22	28.6166	99.5623	100
2:3:10:0	5	15	22	28.6166	99.5623	100
2:3:11:10	5	15	22	28.6166	99.5623	100
2:3:12:25	5	15	22	28.6166	99.5623	100
2:3:13:35	5	15	22	28.6166	99.5623	100
2:3:14:50	5	15	22	28.6166	99.5623	100
2:3:16:0	5	15	22	28.6166	99.5623	100
2:3:17:15	5	15	22	28.6166	99.5623	100
2:3:18:25	5	15	22	28.6166	99.5623	100
2:3:19:40	5	15	22	28.6166	99.5623	100
2:3:20:50	5	15	22	28.6166	99.5623	100
2:3:22:5	5	15	22	28.6166	99.5623	100
2:3:23:15	5	15	22	28.6166	99.5623	100
2:3:24:30	5	15	22	28.6166	99.5623	100
2:3:25:40	5	15	22	28.6166	99.5623	100
2:3:26:55	5	15	22	28.6166	99.5623	100
2:3:28:5	5	15	22	28.6166	99.5623	100
2:3:29:20	5	15	22	28.6166	99.5623	100
2:3:30:30	5	15	22	28.6166	99.5623	100
2:3:31:45	5	15	22	28.6166	99.5623	100
2:3:32:55	5	15	22	28.6166	99.5623	100
2:3:34:10	5	15	22	28.6166	99.5623	100
2:3:35:20	5	15	22	28.6166	99.5623	100
2:3:36:35	5	15	22	28.6166	99.5623	100
2:3:37:45	5	15	22	28.6166	99.5623	100
2:3:39:0	5	15	22	28.6166	99.5623	100
2:3:40:10	5	15	22	28.6166	99.5623	100
2:3:41:25	5	15	22	28.6166	99.5623	100
2:3:42:35	5	15	22	28.6166	99.5623	100
2:3:43:50	5	15	22	28.6166	99.5623	100
2:3:45:0	5	15	22	28.6166	99.5623	100
2:3:46:15	5	15	22	28.6166	99.5623	100
2:3:47:25	5	15	22	28.6166	99.5623	100
2:3:48:40	5	15	22	28.6166	99.5623	100
2:3:49:50	5	15	22	28.6166	99.5623	100
2:3:51:5	5	15	22	28.6166	99.5623	100
2:3:52:15	5	15	22	28.6166	99.5623	100
2:3:53:30	5	15	22	28.6166	99.5623	100
2:3:54:40	5	15	22	28.6166	99.5623	100
2:3:55:55	5	15	22	28.6166	99.5623	100
2:3:57:5	5	15	22	28.6166	99.5623	100
2:3:58:20	5	15	22	28.6166	99.5623	100
2:3:59:30	5	15	22	28.6166	99.5623	100
2:4:0:45	5	15	22	28.6166	99.5623	100
2:4:1:55	5	15	22	28.6166	99.5623	100
2:4:3:10	5	15	22	28.6166	99.5623	100
2:4:4:20	5	15	22	28.6166	99.5623	100
2:4:5:35	5	15	22	28.6166	99.5623	100
2:4:6:45	5	15	22	28.6166	99.5623	100
2:4:8:0	5	15	22	28.6166	99.5623	100
2:4:9:10	5	15	22	28.6166	99.5623	100
2:4:10:25	5	15	22	28.6166	99.5623	100
2:4:11:35	5	15	22	28.6166	99.5623	100
2:4:12:50	5	15	22	28.6166	99.5623	100
2:4:14:0	5	15	22	28.6166	99.5623	100
2:4:15:15	5	15	22	28.6166	99.5623	100
2:4:16:25	5	15	22	28.6166	99.5623	100
2:4:17:40	5	15	22	28.6166	99.5623	100
2:4:18:50	5	15	22	28.6166	99.5623	100
2:4:20:5	5	15	22	28.6166	99.5623	100
2:4:21:15	5	15	22	28.6166	99.5623	100
2:4:22:30	5	15	22	28.6166	99.5623	100
2:4:23:40	5	15	22	28.6166	99.5623	100
2:4:24:55	5	15	22	28.6166	99.5623	100
2:4:26:5	5	15	22	28.6166	99.5623	100
2:4:27:20	5	15	22	28.6166	99.5623	100
2:4:28:30	5	15	22	28.6166	99.5623	100
2:4:29:45	5	15	22	28.6166	99.5623	100
2:4:30:55	5	15	22	28.6166	99.5623	100
2:4:32:10	5	15	22	28.6166	99.5623	100
2:4:33:20	5	15	22	28.6166	99.5623	100
2:4:34:35	5	15	22	28.6166	99.5623	100
2:4:35:45	5	15	22	28.6166	99.5623	100
2:4:37:0	5	15	22	28.6166	99.5623	100
2:4:38:10	5	15	22	28.6166	99.5623	100
2:4:39:25	5	15	22	28.6166	99.5623	100
2:4:40:35	5	15	22	28.6166	99.5623	100
2:4:41:50	5	15	22	28.6166	99.5623	100
2:4:43:0	5	15	22	28.6166	99.5623	100
2:4:44:15	5	15	22	28.6166	99.5623	100
2:4:45:25	5	15	22	28.6166	99.5623	100
2:4:46:40	5	15	22	28.6166	99.5623	100
2:4:47:50	5	15	22	28.6166	99.5623	100
2:4:49:5	5	15	22	28.6166	99.5623	100
2:4:50:15	5	15	22	28.6166	99.5623	100
2:4:51:30	5	15	22	28.6166	99.5623	100
2:4:52:40	5	15	22	28.6166	99.5623	100
2:4:53:55	5	15	22	28.6166	99.5623	100
2:4:55:5	5	15	22	28.6166	99.5623	100
2:4:56:20	5	15	22	28.6166	99.5623	100
2:4:57:30	5	15	22	28.6166	99.5623	100
2:4:58:45	5	15	22	28.6166	99.5623	100
2:4:59:55	5	15	22	28.6166	99.5623	100
2:5:1:10	5	15	22	28.6166	99.5623	100
2:5:2:20	5	15	22	28.6166	99.5623	100
2:5:3:35	5	15	22	28.6166	99.5623	100
2:5:4:45	5	15	22	28.6166	99.5623	100
2:5:6:0	5	15	22	28.6166	99.5623	100
2:5:7:10	5	15	22	28.6166	99.5623	100
2:5:8:25	5	15	22	28.6166	99.5623	100
2:5:9:35	5	15	22	28.6166	99.5623	100
2:5:10:50	5	15	22	28.6166	99.5623	100
2:5:12:0	5	15	22	28.6166	99.5623	100
2:5:13:15	5	15	22	28.6166	99.5623	100
2:5:14:25	5	15	22	28.6166	99.5623	100
2:5:15:40	5	15	22	28.6166	99.5623	100
2:5:16:50	5	15	22	28.6166	99.5623	100
2:5:18:5	5	15	22	28.6166	99.5623	100
2:5:19:15	5	15	22	28.6166	99.5623	100
2:5:20:30	5	15	22	28.6166	99.5623	100
2:5:21:40	5	15	22	28.6166	99.5623	100
2:5:22:55	5	15	22	28.6166	99.5623	100
2:5:24:5	5	15	22	28.6166	99.5623	100
2:5:25:20	5	15	22	28.6166	99.5623	100
2:5:26:30	5	15	22	28.6166	99.5623	100
2:5:27:45	5	15	22	28.6166	99.5623	100
2:5:28:55	5	15	22	28.6166	99.5623	100
2:5:30:10	5	15	22	28.6166	99.5623	100
2:5:31:20	5	15	22	28.6166	99.5623	100
2:5:32:35	5	15	22	28.6166	99.5623	100
2:5:33:45	5	15	22	28.6166	99.5623	100
2:5:35:0	5	15	22	28.6166	99.5623	100
2:5:36:10	5	15	22	28.6166	99.5623	100
2:5:37:25	5	15	22	28.6166	99.5623	100
2:5:38:35	5	15	22	28.6166	99.5623	100
2:5:39:50	5	15	22	28.6166	99.5623	100
2:5:41:0	5	15	22	28.6166	99.5623	100
2:5:42:15	5	15	22	28.6166	99.5623	100
2:5:43:25	5	15	22	28.6166	99.5623	100
2:5:44:40	5	15	22	28.6166	99.5623	100
2:5:45:50	5	15	22	28.6166	99.5623	100
2:5:47:5	5	15	22	28.6166	99.5623	100
2:5:48:15	5	15	22	28.6166	99.5623	100
2:5:49:30	5	15	22	28.6166	99.5623	100
2:5:50:40	5	15	22	28.6166	99.5623	100
2:5:51:55	5	15	22	28.6166	99.5623	100
2:5:53:5	5	15	22	28.6166	99.5623	100
2:5:54:20	5	15	22	28.6166	99.5623	100
2:5:55:30	5	15	22	28.6166	99.5623	100
2:5:56:45	5	15	22	28.6166	99.5623	100
2:5:57:55	5	15	22	28.6166	99.5623	100
2:5:59:10	5	15	22	28.6166	99.5623	100
2:6:0:20	5	15	22	28.6166	99.5623	100
2:6:1:35	5	15	22	28.6166	99.5623	100
2:6:2:45	5	15	22	28.6166	99.5623	100
2:6:4:0	5	15	22	28.6166	99.5623	100
2:6:5:10	5	15	22	28.6166	99.5623	100
2:6:6:25	5	15	22	28.6166	99.5623	100
2:6:7:35	5	15	22	28.6166	99.5623	100
2:6:8:50	5	15	22	28.6166	99.5623	100
2:6:10:0	5	15	22	28.6166	99.5623	100
2:6:11:15	5	15	22	28.6166	99.5623	100
2:6:12:25	5	15	22	28.6166	99.5623	100
2:6:13:40	5	15	22	28.6166	99.5623	100
2:6:14:50	5	15	22	28.6166	99.5623	100
2:6:16:5	5	15	22	28.6166	99.5623	100
2:6:17:15	5	15	22	28.6166	99.5623	100
2:6:18:30	5	15	22	28.6166	99.5623	100
2:6:19:40	5	15	22	28.6166	99.5623	100
2:6:20:55	5	15	22	28.6166	99.5623	100
2:6:22:5	5	15	22	28.6166	99.5623	100
2:6:23:20	5	15	22	28.6166	99.5623	100
2:6:24:30	5	15	22	28.6166	99.5623	100
2:6:25:45	5	15	22	28.6166	99.5623	100
2:6:26:55	5	15	22	28.6166	99.5623	100
2:6:28:10	5	15	22	28.6166	99.5623	100
2:6:29:20	5	15	22	28.6166	99.5623	100
2:6:30:35	5	15	22	28.6166	99.5623	100
2:6:31:50	5	15	22	28.6166	99.5623	100
2:6:33:0	5	15	22	28.6166	99.5623	100
2:6:34:15	5	15	22	28.6166	99.5623	100
2:6:35:25	5	15	22	28.6166	99.5623	100
2:6:36:40	5	15	22	28.6166	99.5623	100
2:6:37:50	5	15	22	28.6166	99.5623	100
2:6:39:5	5	15	22	28.6166	99.5623	100
2:6:40:15	5	15	22	28.6166	99.5623	100
2:6:41:30	5	15	22	28.6166	99.5623	100
2:6:42:40	5	15	22	28.6166	99.5623	100
2:6:43:55	5	15	22	28.6166	99.5623	100
2:6:45:5	5	15	22	28.6166	99.5623	100
2:6:46:20	5	15	22	28.6166	99.5623	100
2:6:47:30	5	15	22	28.6166	99.5623	100
2:6:48:45	5	15	22	28.6166	99.5623	100
2:6:49:55	5	15	22	28.6166	99.5623	100
2:6:51:10	5	15	22	28.6166	99.5623	100
2:6:52:20	5	15	22	28.6166	99.5623	100
2:6:53:35	5	15	22	28.6166	99.5623	100
2:6:54:45	5	15	22	28.6166	99.5623	100
2:6:56:0	5	15	22	28.6166	99.5623	100
2:6:57:10	5	15	22	28.6166	99.5623	100
2:6:58:25	5	15	22	28.6166	99.5623	100
2:6:59:35	5	15	22	28.6166	99.5623	100
2:7:0:50	5	15	22	28.6166	99.5623	100
2:7:2:0	5	15	22	28.6166	99.5623	100
2:7:3:15	5	15	22	28.6166	99.5623	100
2:7:4:25	5	15	22	28.6166	99.5623	100
2:7:5:40	5	15	22	28.6166	99.5623	100
2:7:6:50	5	15	22	28.6166	99.5623	100
2:7:8:5	5	15	22	28.6166	99.5623	100
2:7:9:15	5	15	22	28.6166	99.5623	100
2:7:10:30	5	15	22	28.6166	99.5623	100
2:7:11:40	5	15	22	28.6166	99.5623	100
2:7:12:55	5	15	22	28.6166	99.5623	100
2:7:14:5	5	15	22	28.6166	99.5623	100
2:7:15:20	5	15	22	28.6166	99.5623	100
2:7:16:30	5	15	22	28.6166	99.5623	100
2:7:17:45	5	15	22	28.6166	99.5623	100
2:7:18:55	5	15	22	28.6166	99.5623	100
2:7:20:10	5	15	22	28.6166	99.5623	100
2:7:21:20	5	15	22	28.6166	99.5623	100
2:7:22:35	5	15	22	28.6166	99.5623	100
2:7:23:45	5	15	22	28.6166	99.5623	100
2:7:25:0	5	15	22	28.6166	99.5623	100
2:7:26:10	5	15	22	28.6166	99.5623	100
2:7:27:25	5	15	22	28.6166	99.5623	100
2:7:28:35	5	15	22	28.6166	99.5623	100
2:7:29:50	5	15	22	28.6166	99.5623	100
2:7:31:0	5	15	22	28.6166	99.5623	100
2:7:32:15	5	15	22	28.6166	99.5623	100
2:7:33:25	5	15	22	28.6166	99.5623	100
2:7:34:40	5	15	22	28.6166	99.5623	100
2:7:35:50	5	15	22	28.6166	99.5623	100
2:7:37:5	5	15	22	28.6166	99.5623	100
2:7:38:15	5	15	22	28.6166	99.5623	100
2:7:39:30	5	15	22	28.6166	99.5623	100
2:7:40:40	5	15	22	28.6166	99.5623	100
2:7:41:55	5	15	22	28.6166	99.5623	100
2:7:43:5	5	15	22	28.6166	99.5623	100
2:7:44:20	5	15	22	28.6166	99.5623	100
2:7:45:30	5	15	22	28.6166	99.5623	100
2:7:46:45	5	15	22	28.6166	99.5623	100
2:7:47:55	5	15	22	28.6166	99.5623	100
2:7:49:10	5	15	22	28.6166	99.5623	100
2:7:50:25	5	15	22	28.6166	99.5623	100
2:7:51:35	5	15	22	28.6166	99.5623	100
2:7:52:50	5	15	22	28.6166	99.5623	100
2:7:54:0	5	15	22	28.6166	99.5623	100
2:7:55:15	5	15	22	28.6166	99.5623	100
2:7:56:25	5	15	22	28.6166	99.5623	100
2:7:57:40	5	15	22	28.6166	99.5623	100
2:7:58:50	5	15	22	28.6166	99.5623	100
2:8:0:5	5	15	22	28.6166	99.5623	100
2:8:1:15	5	15	22	28.6166	99.5623	100
2:8:2:30	5	15	22	28.6166	99.5623	100
2:8:3:40	5	15	22	28.6166	99.5623	100
2:8:4:55	5	15	22	28.6166	99.5623	100
2:8:6:5	5	15	22	28.6166	99.5623	100
2:8:7:20	5	15	22	28.6166	99.5623	100
2:8:8:30	5	15	22	28.6166	99.5623	100
2:8:9:45	5	15	22	28.6166	99.5623	100
2:8:10:55	5	15	22	28.6166	99.5623	100
2:8:12:10	5	15	22	28.6166	99.5623	100
2:8:13:20	5	15	22	28.6166	99.5623	100
2:8:14:35	5	15	22	28.6166	99.5623	100
2:8:15:45	5	15	22	28.6166	99.5623	100
2:8:17:0	5	15	22	28.6166	99.5623	100
2:8:18:10	5	15	22	28.6166	99.5623	100
2:8:19:25	5	15	22	28.6166	99.5623	100
2:8:20:35	5	15	22	28.6166	99.5623	100
2:8:21:50	5	15	22	28.6166	99.5623	100
2:8:23:0	5	15	22	28.6166	99.5623	100
2:8:24:15	5	15	22	28.6166	99.5623	100
2:8:25:25	5	15	22	28.6166	99.5623	100
2:8:26:40	5	15	22	28.6166	99.5623	100
2:8:27:50	5	15	22	28.6166	99.5623	100
2:8:29:5	5	15	22	28.6166	99.5623	100
2:8:30:15	5	15	22	28.6166	99.5623	100
2:8:31:30	5	15	22	28.6166	99.5623	100
2:8:32:40	5	15	22	28.6166	99.5623	100
2:8:33:55	5	15	22	28.6166	99.5623	100
2:8:35:5	5	15	22	28.6166	99.5623	100
2:8:36:20	5	15	22	28.6166	99.5623	100
2:8:37:30	5	15	22	28.6166	99.5623	100
2:8:38:45	5	15	22	28.6166	99.5623	100
2:8:40:0	5	15	22	28.6166	99.5623	100
2:8:41:10	5	15	22	28.6166	99.5623	100
2:8:42:25	5	15	22	28.6166	99.5623	100
2:8:43:35	5	15	22	28.6166	99.5623	100
2:8:44:45	5	15	22	28.6166	99.5623	100
2:8:46:0	5	15	22	28.6166	99.5623	100
2:8:47:10	5	15	22	28.6166	99.5623	100
2:8:48:25	5	15	22	28.6166	99.5623	100
2:8:49:40	5	15	22	28.6166	99.5623	100
2:8:50:50	5	15	22	28.6166	99.5623	100
2:8:52:5	5	15	22	28.6166	99.5623	100
2:8:53:15	5	15	22	28.6166	99.5623	100
2:8:54:30	5	15	22	28.6166	99.5623	100
2:8:55:40	5	15	22	28.6166	99.5623	100
2:8:56:55	5	15	22	28.6166	99.5623	100
2:8:58:5	5	15	22	28.6166	99.5623	100
2:8:59:20	5	15	22	28.6166	99.5623	100
2:9:0:30	5	15	22	28.6166	99.5623	100
2:9:1:45	5	15	22	28.6166	99.5623	100
2:9:2:55	5	15	22	28.6166	99.5623	100
2:9:4:10	5	15	22	28.6166	99.5623	100
2:9:5:20	5	15	22	28.6166	99.5623	100
2:9:6:35	5	15	22	28.6166	99.5623	100
2:9:7:45	5	15	22	28.6166	99.5623	100
2:9:9:0	5	15	22	28.6166	99.5623	100
2:9:10:10	5	15	22	28.6166	99.5623	100
2:9:11:25	5	15	22	28.6166	99.5623	100
2:9:12:35	5	15	22	28.6166	99.5623	100
2:9:13:50	5	15	22	28.6166	99.5623	100
2:9:15:5	5	15	22	28.6166	99.5623	100
2:9:16:15	5	15	22	28.6166	99.5623	100
2:9:17:30	5	15	22	28.6166	99.5623	100
2:9:18:40	5	15	22	28.6166	99.5623	100
2:9:19:55	5	15	22	28.6166	99.5623	100
2:9:21:5	5	15	22	28.6166	99.5623	100
2:9:22:20	5	15	22	28.6166	99.5623	100
2:9:23:30	5	15	22	28.6166	99.5623	100
2:9:24:45	5	15	22	28.6166	99.5623	100
2:9:25:55	5	15	22	28.6166	99.5623	100
2:9:27:10	5	15	22	28.6166	99.5623	100
2:9:28:20	5	15	22	28.6166	99.5623	100
2:9:29:35	5	15	22	28.6166	99.5623	100
2:9:30:45	5	15	22	28.6166	99.5623	100
2:9:32:0	5	15	22	28.6166	99.5623	100
2:9:33:10	5	15	22	28.6166	99.5623	100
2:9:34:25	5	15	22	28.6166	99.5623	100
2:9:35:35	5	15	22	28.6166	99.5623	100
2:9:36:50	5	15	22	28.6166	99.5623	100
2:9:38:0	5	15	22	28.6166	99.5623	100
2:9:39:15	5	15	22	28.6166	99.5623	100
2:9:40:25	5	15	22	28.6166	99.5623	100
2:9:41:40	5	15	22	28.6166	99.5623	100
2:9:42:50	5	15	22	28.6166	99.5623	100
2:9:44:5	5	15	22	28.6166	99.5623	100
2:9:45:15	5	15	22	28.6166	99.5623	100
2:9:46:30	5	15	22	28.6166	99.5623	100
2:9:47:40	5	15	22	28.6166	99.5623	100
2:9:48:55	5	15	22	28.6166	99.5623	100
2:9:50:5	5	15	22	28.6166	99.5623	100
2:9:51:20	5	15	22	28.6166	99.5623	100
2:9:52:30	5	15	22	28.6166	99.5623	100
2:9:53:45	5	15	22	28.6166	99.5623	100
2:9:54:55	5	15	22	28.6166	99.5623	100
2:9:56:10	5	15	22	28.6166	99.5623	100
2:9:57:20	5	15	22	28.6166	99.5623	100
2:9:58:35	5	15	22	28.6166	99.5623	100
2:9:59:45	5	15	22	28.6166	99.5623	100
2:10:1:0	5	15	22	28.6166	99.5623	100
2:10:2:10	5	15	22	28.6166	99.5623	100
2:10:3:25	5	15	22	28.6166	99.5623	100
2:10:4:35	5	15	22	28.6166	99.5623	100
2:10:5:50	5	15	22	28.6166	99.5623	100
2:10:7:0	5	15	22	28.6166	99.5623	100
2:10:8:15	5	15	22	28.6166	99.5623	100
2:10:9:25	5	15	22	28.6166	99.5623	100
2:10:10:40	5	15	22	28.6166	99.5623	100
2:10:11:50	5	15	22	28.6166	99.5623	100
2:10:13:5	5	15	22	28.6166	99.5623	100
2:10:14:15	5	15	22	28.6166	99.5623	100
2:10:15:30	5	15	22	28.6166	99.5623	100
2:10:16:40	5	15	22	28.6166	99.5623	100
2:10:17:55	5	15	22	28.6166	99.5623	100
2:10:19:5	5	15	22	28.6166	99.5623	100
2:10:20:20	5	15	22	28.6166	99.5623	100
2:10:21:35	5	15	22	28.6166	99.5623	100
2:10:22:45	5	15	22	28.6166	99.5623	100
2:10:24:0	5	15	22	28.6166	99.5623	100
2:10:25:10	5	15	22	28.6166	99.5623	100
2:10:26:25	5	15	22	28.6166	99.5623	100
2:10:27:35	5	15	22	28.6166	99.5623	100
2:10:28:50	5	15	22	28.6166	99.5623	100
2:10:30:0	5	15	22	28.6166	99.5623	100
2:10:31:15	5	15	22	28.6166	99.5623	100
2:10:32:25	5	15	22	28.6166	99.5623	100
2:10:33:40	5	15	22	28.6166	99.5623	100
2:10:34:50	5	15	22	28.6166	99.5623	100
2:10:36:5	5	15	22	28.6166	99.5623	100
2:10:37:15	5	15	22	28.6166	99.5623	100
2:10:38:30	5	15	22	28.6166	99.5623	100
2:10:39:40	5	15	22	28.6166	99.5623	100
2:10:40:55	5	15	22	28.6166	99.5623	100
2:10:42:5	5	15	22	28.6166	99.5623	100
2:10:43:20	5	15	22	28.6166	99.5623	100
2:10:44:30	5	15	22	28.6166	99.5623	100
2:10:45:45	5	15	22	28.6166	99.5623	100
2:10:46:55	5	15	22	28.6166	99.5623	100
2:10:48:10	5	15	22	28.6166	99.5623	100
2:10:49:20	5	15	22	28.6166	99.5623	100
2:10:50:35	5	15	22	28.6166	99.5623	100
2:10:51:45	5	15	22	28.6166	99.5623	100
2:10:53:0	5	15	22	28.6166	99.5623	100
2:10:54:10	5	15	22	28.6166	99.5623	100
2:10:55:25	5	15	22	28.6166	99.5623	100
2:10:56:35	5	15	22	28.6166	99.5623	100
2:10:57:50	5	15	22	28.6166	99.5623	100
2:10:59:0	5	15	22	28.6166	99.5623	100
2:11:0:15	5	15	22	28.6166	99.5623	100
2:11:1:25	5	15	22	28.6166	99.5623	100
2:11:2:40	5	15	22	28.6166	99.5623	100
2:11:3:50	5	15	22	28.6166	99.5623	100
2:11:5:5	5	15	22	28.6166	99.5623	100
2:11:6:15	5	15	22	28.6166	99.5623	100
2:11:7:30	5	15	22	28.6166	99.5623	100
2:11:8:45	5	15	22	28.6166	99.5623	100
2:11:9:55	5	15	22	28.6166	99.5623	100
2:11:11:10	5	15	22	28.6166	99.5623	100
2:11:12:20	5	15	22	28.6166	99.5623	100
2:11:13:35	5	15	22	28.6166	99.5623	100
2:11:14:45	5	15	22	28.6166	99.5623	100
2:11:16:0	5	15	22	28.6166	99.5623	100
2:11:17:10	5	15	22	28.6166	99.5623	100
2:11:18:25	5	15	22	28.6166	99.5623	100
2:11:19:35	5	15	22	28.6166	99.5623	100
2:11:20:50	5	15	22	28.6166	99.5623	100
2:11:22:0	5	15	22	28.6166	99.5623	100
2:11:23:15	5	15	22	28.6166	99.5623	100
2:11:24:25	5	15	22	28.6166	99.5623	100
2:11:25:40	5	15	22	28.6166	99.5623	100
2:11:26:50	5	15	22	28.6166	99.5623	100
2:11:28:5	5	15	22	28.6166	99.5623	100
2:11:29:15	5	15	22	28.6166	99.5623	100
2:11:30:30	5	15	22	28.6166	99.5623	100
2:11:31:40	5	15	22	28.6166	99.5623	100
2:11:32:55	5	15	22	28.6166	99.5623	100
2:11:34:5	5	15	22	28.6166	99.5623	100
2:11:35:20	5	15	22	28.6166	99.5623	100
2:11:36:30	5	15	22	28.6166	99.5623	100
2:11:37:45	5	15	22	28.6166	99.5623	100
2:11:39:0	5	15	22	28.6166	99.5623	100
2:11:40:10	5	15	22	28.6166	99.5623	100
2:11:41:25	5	15	22	28.6166	99.5623	100
2:11:42:35	5	15	22	28.6166	99.5623	100
2:11:43:50	5	15	22	28.6166	99.5623	100
2:11:45:0	5	15	22	28.6166	99.5623	100
2:11:46:15	5	15	22	28.6166	99.5623	100
2:11:47:25	5	15	22	28.6166	99.5623	100
2:11:48:40	5	15	22	28.6166	99.5623	100
2:11:49:50	5	15	22	28.6166	99.5623	100
2:11:51:5	5	15	22	28.6166	99.5623	100
2:11:52:15	5	15	22	28.6166	99.5623	100
2:11:53:30	5	15	22	28.6166	99.5623	100
2:11:54:40	5	15	22	28.6166	99.5623	100
2:11:55:55	5	15	22	28.6166	99.5623	100
2:11:57:5	5	15	22	28.6166	99.5623	100
2:11:58:20	5	15	22	28.6166	99.5623	100
2:11:59:30	5	15	22	28.6166	99.5623	100
2:12:0:45	5	15	22	28.6166	99.5623	100
2:12:1:55	5	15	22	28.6166	99.5623	100
2:12:3:10	5	15	22	28.6166	99.5623	100
2:12:4:20	5	15	22	28.6166	99.5623	100
2:12:5:35	5	15	22	28.6166	99.5623	100
2:12:6:45	5	15	22	28.6166	99.5623	100
2:12:8:0	5	15	22	28.6166	99.5623	100
2:12:9:10	5	15	22	28.6166	99.5623	100
2:12:10:25	5	15	22	28.6166	99.5623	100
2:12:11:35	5	15	22	28.6166	99.5623	100
2:12:12:50	5	15	22	28.6166	99.5623	100
2:12:14:0	5	15	22	28.6166	99.5623	100
2:12:15:15	5	15	22	28.6166	99.5623	100
2:12:16:25	5	15	22	28.6166	99.5623	100
2:12:17:40	5	15	22	28.6166	99.5623	100
2:12:18:50	5	15	22	28.6166	99.5623	100
2:12:20:5	5	15	22	28.6166	99.5623	100
2:12:21:15	5	15	22	28.6166	99.5623	100
2:12:22:30	5	15	22	28.6166	99.5623	100
2:12:23:40	5	15	22	28.6166	99.5623	100
2:12:24:55	5	15	22	28.6166	99.5623	100
2:12:26:5	5	15	22	28.6166	99.5623	100
2:12:27:20	5	15	22	28.6166	99.5623	100
2:12:28:30	5	15	22	28.6166	99.5623	100
2:12:29:45	5	15	22	28.6166	99.5623	100
2:12:30:55	5	15	22	28.6166	99.5623	100
2:12:32:10	5	15	22	28.6166	99.5623	100
2:12:33:20	5	15	22	28.6166	99.5623	100
2:12:34:35	5	15	22	28.6166	99.5623	100
2:12:35:50	5	15	22	28.6166	99.5623	100
2:12:37:0	5	15	22	28.6166	99.5623	100
2:12:38:15	5	15	22	28.6166	99.5623	100
2:12:39:25	5	15	22	28.6166	99.5623	100
2:12:40:40	5	15	22	28.6166	99.5623	100
2:12:41:50	5	15	22	28.6166	99.5623	100
2:12:43:5	5	15	22	28.6166	99.5623	100
2:12:44:20	5	15	22	28.6166	99.5623	100
2:12:45:35	5	15	22	28.6166	99.5623	100
2:12:46:45	5	15	22	28.6166	99.5623	100
2:12:48:0	5	15	22	28.6166	99.5623	100
2:12:49:10	5	15	22	28.6166	99.5623	100
2:12:50:25	5	15	22	28.6166	99.5623	100
2:12:51:40	5	15	22	28.6166	99.5623	100
2:12:52:50	5	15	22	28.6166	99.5623	100
2:12:54:5	5	15	22	28.6166	99.5623	100
2:12:55:15	5	15	22	28.6166	99.5623	100
2:12:56:30	5	15	22	28.6166	99.5623	100
2:12:57:40	5	15	22	28.6166	99.5623	100
2:12:58:55	5	15	22	28.6166	99.5623	100
2:13:0:10	5	15	22	28.6166	99.5623	100
2:13:1:20	5	15	22	28.6166	99.5623	100
2:13:2:35	5	15	22	28.6166	99.5623	100
2:13:3:45	5	15	22	28.6166	99.5623	100
2:13:5:0	5	15	22	28.6166	99.5623	100
2:13:6:10	5	15	22	28.6166	99.5623	100
2:13:7:25	5	15	22	28.6166	99.5623	100
2:13:8:40	5	15	22	28.6166	99.5623	100
2:13:9:50	5	15	22	28.6166	99.5623	100
2:13:11:5	5	15	22	28.6166	99.5623	100
2:13:12:15	5	15	22	28.6166	99.5623	100
2:13:13:30	5	15	22	28.6166	99.5623	100
2:13:14:40	5	15	22	28.6166	99.5623	100
2:13:15:55	5	15	22	28.6166	99.5623	100
2:13:17:10	5	15	22	28.6166	99.5623	100
2:13:18:20	5	15	22	28.6166	99.5623	100
2:13:19:35	5	15	22	28.6166	99.5623	100
2:13:20:45	5	15	22	28.6166	99.5623	100
2:13:22:0	5	15	22	28.6166	99.5623	100
2:13:23:10	5	15	22	28.6166	99.5623	100
2:13:24:25	5	15	22	28.6166	99.5623	100
2:13:25:35	5	15	22	28.6166	99.5623	100
2:13:26:50	5	15	22	28.6166	99.5623	100
2:13:28:5	5	15	22	28.6166	99.5623	100
2:13:29:15	5	15	22	28.6166	99.5623	100
2:13:30:30	5	15	22	28.6166	99.5623	100
2:13:31:40	5	15	22	28.6166	99.5623	100
2:13:32:55	5	15	22	28.6166	99.5623	100
2:13:34:5	5	15	22	28.6166	99.5623	100
2:13:35:20	5	15	22	28.6166	99.5623	100
2:13:36:35	5	15	22	28.6166	99.5623	100
2:13:37:45	5	15	22	28.6166	99.5623	100
2:13:39:0	5	15	22	28.6166	99.5623	100
2:13:40:10	5	15	22	28.6166	99.5623	100
2:13:41:25	5	15	22	28.6166	99.5623	100
2:13:42:40	5	15	22	28.6166	99.5623	100
2:13:43:50	5	15	22	28.6166	99.5623	100
2:13:45:5	5	15	22	28.6166	99.5623	100
2:13:46:15	5	15	22	28.6166	99.5623	100
2:13:47:30	5	15	22	28.6166	99.5623	100
2:13:48:40	5	15	22	28.6166	99.5623	100
2:13:49:55	5	15	22	28.6166	99.5623	100
2:13:51:10	5	15	22	28.6166	99.5623	100
2:13:52:20	5	15	22	28.6166	99.5623	100
2:13:53:35	5	15	22	28.6166	99.5623	100
2:13:54:45	5	15	22	28.6166	99.5623	100
2:13:56:0	5	15	22	28.6166	99.5623	100
2:13:57:10	5	15	22	28.6166	99.5623	100
2:13:58:25	5	15	22	28.6166	99.5623	100
2:13:59:40	5	15	22	28.6166	99.5623	100
2:14:0:50	5	15	22	28.6166	99.5623	100
2:14:2:5	5	15	22	28.6166	99.5623	100
2:14:3:15	5	15	22	28.6166	99.5623	100
2:14:4:30	5	15	22	28.6166	99.5623	100
2:14:5:40	5	15	22	28.6166	99.5623	100
2:14:6:55	5	15	22	28.6166	99.5623	100
2:14:8:5	5	15	22	28.6166	99.5623	100
2:14:9:20	5	15	22	28.6166	99.5623	100
2:14:10:35	5	15	22	28.6166	99.5623	100
2:14:11:45	5	15	22	28.6166	99.5623	100
2:14:13:0	5	15	22	28.6166	99.5623	100
2:14:14:10	5	15	22	28.6166	99.5623	100
2:14:15:25	5	15	22	28.6166	99.5623	100
2:14:16:35	5	15	22	28.6166	99.5623	100
2:14:17:50	5	15	22	28.6166	99.5623	100
2:14:19:5	5	15	22	28.6166	99.5623	100
2:14:20:15	5	15	22	28.6166	99.5623	100
2:14:21:30	5	15	22	28.6166	99.5623	100
2:14:22:40	5	15	22	28.6166	99.5623	100
2:14:23:55	5	15	22	28.6166	99.5623	100
2:14:25:5	5	15	22	28.6166	99.5623	100
2:14:26:20	5	15	22	28.6166	99.5623	100
2:14:27:30	5	15	22	28.6166	99.5623	100
2:14:28:45	5	15	22	28.6166	99.5623	100
2:14:29:55	5	15	22	28.6166	99.5623	100
2:14:31:10	5	15	22	28.6166	99.5623	100
2:14:32:25	5	15	22	28.6166	99.5623	100
2:14:33:35	5	15	22	28.6166	99.5623	100
2:14:34:50	5	15	22	28.6166	99.5623	100
2:14:36:0	5	15	22	28.6166	99.5623	100
2:14:37:15	5	15	22	28.6166	99.5623	100
2:14:38:25	5	15	22	28.6166	99.5623	100
2:14:39:40	5	15	22	28.6166	99.5623	100
2:14:40:50	5	15	22	28.6166	99.5623	100
2:14:42:5	5	15	22	28.6166	99.5623	100
2:14:43:20	5	15	22	28.6166	99.5623	100
2:14:44:30	5	15	22	28.6166	99.5623	100
2:14:45:45	5	15	22	28.6166	99.5623	100
2:14:46:55	5	15	22	28.6166	99.5623	100
2:14:48:10	5	15	22	28.6166	99.5623	100
2:14:49:20	5	15	22	28.6166	99.5623	100
2:14:50:35	5	15	22	28.6166	99.5623	100
2:14:51:50	5	15	22	28.6166	99.5623	100
2:14:53:0	5	15	22	28.6166	99.5623	100
2:14:54:15	5	15	22	28.6166	99.5623	100
2:14:55:25	5	15	22	28.6166	99.5623	100
2:14:56:40	5	15	22	28.6166	99.5623	100
2:14:57:50	5	15	22	28.6166	99.5623	100
2:14:59:5	5	15	22	28.6166	99.5623	100
2:15:0:15	5	15	22	28.6166	99.5623	100
2:15:1:30	5	15	22	28.6166	99.5623	100
2:15:2:45	5	15	22	28.6166	99.5623	100
2:15:3:55	5	15	22	28.6166	99.5623	100
2:15:5:10	5	15	22	28.6166	99.5623	100
2:15:6:20	5	15	22	28.6166	99.5623	100
2:15:7:35	5	15	22	28.6166	99.5623	100
2:15:8:50	5	15	22	28.6166	99.5623	100
2:15:10:0	5	15	22	28.6166	99.5623	100
2:15:11:15	5	15	22	28.6166	99.5623	100
2:15:12:25	5	15	22	28.6166	99.5623	100
2:15:13:40	5	15	22	28.6166	99.5623	100
2:15:14:50	5	15	22	28.6166	99.5623	100
2:15:16:5	5	15	22	28.6166	99.5623	100
2:15:17:20	5	15	22	28.6166	99.5623	100
2:15:18:30	5	15	22	28.6166	99.5623	100
2:15:19:45	5	15	22	28.6166	99.5623	100
2:15:20:55	5	15	22	28.6166	99.5623	100
2:15:22:10	5	15	22	28.6166	99.5623	100
2:15:23:20	5	15	22	28.6166	99.5623	100
2:15:24:35	5	15	22	28.6166	99.5623	100
2:15:25:50	5	15	22	28.6166	99.5623	100
2:15:27:0	5	15	22	28.6166	99.5623	100
2:15:28:15	5	15	22	28.6166	99.5623	100
2:15:29:25	5	15	22	28.6166	99.5623	100
2:15:30:40	5	15	22	28.6166	99.5623	100
2:15:31:50	5	15	22	28.6166	99.5623	100
2:15:33:5	5	15	22	28.6166	99.5623	100
2:15:34:20	5	15	22	28.6166	99.5623	100
2:15:35:30	5	15	22	28.6166	99.5623	100
2:15:36:45	5	15	22	28.6166	99.5623	100
2:15:37:55	5	15	22	28.6166	99.5623	100
2:15:39:10	5	15	22	28.6166	99.5623	100
2:15:40:20	5	15	22	28.6166	99.5623	100
2:15:41:35	5	15	22	28.6166	99.5623	100
2:15:42:45	5	15	22	28.6166	99.5623	100
2:15:44:0	5	15	22	28.6166	99.5623	100
2:15:45:15	5	15	22	28.6166	99.5623	100
2:15:46:25	5	15	22	28.6166	99.5623	100
2:15:47:40	5	15	22	28.6166	99.5623	100
2:15:48:50	5	15	22	28.6166	99.5623	100
2:15:50:5	5	15	22	28.6166	99.5623	100
2:15:51:15	5	15	22	28.6166	99.5623	100
2:15:52:30	5	15	22	28.6166	99.5623	100
2:15:53:45	5	15	22	28.6166	99.5623	100
2:15:54:55	5	15	22	28.6166	99.5623	100
2:15:56:10	5	15	22	28.6166	99.5623	100
2:15:57:20	5	15	22	28.6166	99.5623	100
2:15:58:35	5	15	22	28.6166	99.5623	100
2:15:59:45	5	15	22	28.6166	99.5623	100
2:16:1:0	5	15	22	28.6166	99.5623	100
2:16:2:10	5	15	22	28.6166	99.5623	100
2:16:3:25	5	15	22	28.6166	99.5623	100
2:16:4:40	5	15	22	28.6166	99.5623	100
2:16:5:50	5	15	22	28.6166	99.5623	100
2:16:7:5	5	15	22	28.6166	99.5623	100
2:16:8:15	5	15	22	28.6166	99.5623	100
2:16:9:30	5	15	22	28.6166	99.5623	100
2:16:10:45	5	15	22	28.6166	99.5623	100
2:16:11:55	5	15	22	28.6166	99.5623	100
2:16:13:10	5	15	22	28.6166	99.5623	100
2:16:14:20	5	15	22	28.6166	99.5623	100
2:16:15:35	5	15	22	28.6166	99.5623	100
2:16:16:45	5	15	22	28.6166	99.5623	100
2:16:18:0	5	15	22	28.6166	99.5623	100
2:16:19:15	5	15	22	28.6166	99.5623	100
2:16:20:25	5	15	22	28.6166	99.5623	100
2:16:21:40	5	15	22	28.6166	99.5623	100
2:16:22:50	5	15	22	28.6166	99.5623	100
2:16:24:5	5	15	22	28.6166	99.5623	100
2:16:25:15	5	15	22	28.6166	99.5623	100
2:16:26:30	5	15	22	28.6166	99.5623	100
2:16:27:45	5	15	22	28.6166	99.5623	100
2:16:28:55	5	15	22	28.6166	99.5623	100
2:16:30:10	5	15	22	28.6166	99.5623	100
2:16:31:20	5	15	22	28.6166	99.5623	100
2:16:32:35	5	15	22	28.6166	99.5623	100
2:16:33:45	5	15	22	28.6166	99.5623	100
2:16:35:0	5	15	22	28.6166	99.5623	100
2:16:36:10	5	15	22	28.6166	99.5623	100
2:16:37:25	5	15	22	28.6166	99.5623	100
2:16:38:40	5	15	22	28.6166	99.5623	100
2:16:39:50	5	15	22	28.6166	99.5623	100
2:16:41:5	5	15	22	28.6166	99.5623	100
2:16:42:15	5	15	22	28.6166	99.5623	100
2:16:43:30	5	15	22	28.6166	99.5623	100
2:16:44:40	5	15	22	28.6166	99.5623	100
2:16:45:55	5	15	22	28.6166	99.5623	100
2:16:47:5	5	15	22	28.6166	99.5623	100
2:16:48:20	5	15	22	28.6166	99.5623	100
2:16:49:35	5	15	22	28.6166	99.5623	100
2:16:50:45	5	15	22	28.6166	99.5623	100
2:16:52:0	5	15	22	28.6166	99.5623	100
2:16:53:10	5	15	22	28.6166	99.5623	100
2:16:54:25	5	15	22	28.6166	99.5623	100
2:16:55:35	5	15	22	28.6166	99.5623	100
2:16:56:50	5	15	22	28.6166	99.5623	100
2:16:58:0	5	15	22	28.6166	99.5623	100
2:16:59:15	5	15	22	28.6166	99.5623	100
2:17:0:25	5	15	22	28.6166	99.5623	100
2:17:1:40	5	15	22	28.6166	99.5623	100
2:17:2:55	5	15	22	28.6166	99.5623	100
2:17:4:5	5	15	22	28.6166	99.5623	100
2:17:5:20	5	15	22	28.6166	99.5623	100
2:17:6:30	5	15	22	28.6166	99.5623	100
2:17:7:45	5	15	22	28.6166	99.5623	100
2:17:8:55	5	15	22	28.6166	99.5623	100
2:17:10:10	5	15	22	28.6166	99.5623	100
2:17:11:25	5	15	22	28.6166	99.5623	100
2:17:12:35	5	15	22	28.6166	99.5623	100
2:17:13:50	5	15	22	28.6166	99.5623	100
2:17:15:0	5	15	22	28.6166	99.5623	100
2:17:16:15	5	15	22	28.6166	99.5623	100
2:17:17:25	5	15	22	28.6166	99.5623	100
2:17:18:40	5	15	22	28.6166	99.5623	100
2:17:19:55	5	15	22	28.6166	99.5623	100
2:17:21:5	5	15	22	28.6166	99.5623	100
2:17:22:20	5	15	22	28.6166	99.5623	100
2:17:23:30	5	15	22	28.6166	99.5623	100
2:17:24:45	5	15	22	28.6166	99.5623	100
2:17:25:55	5	15	22	28.6166	99.5623	100
2:17:27:10	5	15	22	28.6166	99.5623	100
2:17:28:20	5	15	22	28.6166	99.5623	100
2:17:29:35	5	15	22	28.6166	99.5623	100
2:17:30:50	5	15	22	28.6166	99.5623	100
2:17:32:0	5	15	22	28.6166	99.5623	100
2:17:33:15	5	15	22	28.6166	99.5623	100
2:17:34:25	5	15	22	28.6166	99.5623	100
2:17:35:40	5	15	22	28.6166	99.5623	100
2:17:36:50	5	15	22	28.6166	99.5623	100
2:17:38:5	5	15	22	28.6166	99.5623	100
2:17:39:20	5	15	22	28.6166	99.5623	100
2:17:40:30	5	15	22	28.6166	99.5623	100
2:17:41:45	5	15	22	28.6166	99.5623	100
2:17:42:55	5	15	22	28.6166	99.5623	100
2:17:44:10	5	15	22	28.6166	99.5623	100
2:17:45:25	5	15	22	28.6166	99.5623	100
2:17:46:35	5	15	22	28.6166	99.5623	100
2:17:47:50	5	15	22	28.6166	99.5623	100
2:17:49:0	5	15	22	28.6166	99.5623	100
2:17:50:15	5	15	22	28.6166	99.5623	100
2:17:51:25	5	15	22	28.6166	99.5623	100
2:17:52:40	5	15	22	28.6166	99.5623	100
2:17:53:50	5	15	22	28.6166	99.5623	100
2:17:55:5	5	15	22	28.6166	99.5623	100
2:17:56:15	5	15	22	28.6166	99.5623	100
2:17:57:30	5	15	22	28.6166	99.5623	100
2:17:58:45	5	15	22	28.6166	99.5623	100
2:17:59:55	5	15	22	28.6166	99.5623	100
2:18:1:10	5	15	22	28.6166	99.5623	100
2:18:2:20	5	15	22	28.6166	99.5623	100
2:18:3:35	5	15	22	28.6166	99.5623	100
2:18:4:45	5	15	22	28.6166	99.5623	100
2:18:6:0	5	15	22	28.6166	99.5623	100
2:18:7:15	5	15	22	28.6166	99.5623	100
2:18:8:25	5	15	22	28.6166	99.5623	100
2:18:9:40	5	15	22	28.6166	99.5623	100
2:18:10:50	5	15	22	28.6166	99.5623	100
2:18:12:5	5	15	22	28.6166	99.5623	100
2:18:13:15	5	15	22	28.6166	99.5623	100
2:18:14:30	5	15	22	28.6166	99.5623	100
2:18:15:40	5	15	22	28.6166	99.5623	100
2:18:16:55	5	15	22	28.6166	99.5623	100
2:18:18:10	5	15	22	28.6166	99.5623	100
2:18:19:20	5	15	22	28.6166	99.5623	100
2:18:20:35	5	15	22	28.6166	99.5623	100
2:18:21:45	5	15	22	28.6166	99.5623	100
2:18:23:0	5	15	22	28.6166	99.5623	100
2:18:24:10	5	15	22	28.6166	99.5623	100
2:18:25:25	5	15	22	28.6166	99.5623	100
2:18:26:35	5	15	22	28.6166	99.5623	100
2:18:27:50	5	15	22	28.6166	99.5623	100
2:18:29:5	5	15	22	28.6166	99.5623	100
2:18:30:15	5	15	22	28.6166	99.5623	100
2:18:31:30	5	15	22	28.6166	99.5623	100
2:18:32:40	5	15	22	28.6166	99.5623	100
2:18:33:55	5	15	22	28.6166	99.5623	100
2:18:35:5	5	15	22	28.6166	99.5623	100
2:18:36:20	5	15	22	28.6166	99.5623	100
2:18:37:35	5	15	22	28.6166	99.5623	100
2:18:38:45	5	15	22	28.6166	99.5623	100
2:18:40:0	5	15	22	28.6166	99.5623	100
2:18:41:10	5	15	22	28.6166	99.5623	100
2:18:42:25	5	15	22	28.6166	99.5623	100
2:18:43:40	5	15	22	28.6166	99.5623	100
2:18:44:50	5	15	22	28.6166	99.5623	100
2:18:46:5	5	15	22	28.6166	99.5623	100
2:18:47:15	5	15	22	28.6166	99.5623	100
2:18:48:30	5	15	22	28.6166	99.5623	100
2:18:49:45	5	15	22	28.6166	99.5623	100
2:18:50:55	5	15	22	28.6166	99.5623	100
2:18:52:10	5	15	22	28.6166	99.5623	100
2:18:53:20	5	15	22	28.6166	99.5623	100
2:18:54:35	5	15	22	28.6166	99.5623	100
2:18:55:45	5	15	22	28.6166	99.5623	100
2:18:57:0	5	15	22	28.6166	99.5623	100
2:18:58:15	5	15	22	28.6166	99.5623	100
2:18:59:25	5	15	22	28.6166	99.5623	100
2:19:0:40	5	15	22	28.6166	99.5623	100
2:19:1:50	5	15	22	28.6166	99.5623	100
2:19:3:5	5	15	22	28.6166	99.5623	100
2:19:4:15	5	15	22	28.6166	99.5623	100
2:19:5:30	5	15	22	28.6166	99.5623	100
2:19:6:45	5	15	22	28.6166	99.5623	100
2:19:7:55	5	15	22	28.6166	99.5623	100
2:19:9:10	5	15	22	28.6166	99.5623	100
2:19:10:20	5	15	22	28.6166	99.5623	100
2:19:11:35	5	15	22	28.6166	99.5623	100
2:19:12:45	5	15	22	28.6166	99.5623	100
2:19:14:0	5	15	22	28.6166	99.5623	100
2:19:15:15	5	15	22	28.6166	99.5623	100
2:19:16:25	5	15	22	28.6166	99.5623	100
2:19:17:40	5	15	22	28.6166	99.5623	100
2:19:18:50	5	15	22	28.6166	99.5623	100
2:19:20:5	5	15	22	28.6166	99.5623	100
2:19:21:15	5	15	22	28.6166	99.5623	100
2:19:22:30	5	15	22	28.6166	99.5623	100
2:19:23:40	5	15	22	28.6166	99.5623	100
2:19:24:55	5	15	22	28.6166	99.5623	100
2:19:26:5	5	15	22	28.6166	99.5623	100
2:19:27:20	5	15	22	28.6166	99.5623	100
2:19:28:35	5	15	22	28.6166	99.5623	100
2:19:29:45	5	15	22	28.6166	99.5623	100
2:19:31:0	5	15	22	28.6166	99.5623	100
2:19:32:10	5	15	22	28.6166	99.5623	100
2:19:33:25	5	15	22	28.6166	99.5623	100
2:19:34:35	5	15	22	28.6166	99.5623	100
2:19:35:50	5	15	22	28.6166	99.5623	100
2:19:37:5	5	15	22	28.6166	99.5623	100
2:19:38:15	5	15	22	28.6166	99.5623	100
2:19:39:30	5	15	22	28.6166	99.5623	100
2:19:40:40	5	15	22	28.6166	99.5623	100
2:19:41:55	5	15	22	28.6166	99.5623	100
2:19:43:5	5	15	22	28.6166	99.5623	100
2:19:44:20	5	15	22	28.6166	99.5623	100
2:19:45:35	5	15	22	28.6166	99.5623	100
2:19:46:45	5	15	22	28.6166	99.5623	100
2:19:48:0	5	15	22	28.6166	99.5623	100
2:19:49:10	5	15	22	28.6166	99.5623	100
2:19:50:25	5	15	22	28.6166	99.5623	100
2:19:51:35	5	15	22	28.6166	99.5623	100
2:19:52:50	5	15	22	28.6166	99.5623	100
2:19:54:0	5	15	22	28.6166	99.5623	100
2:19:55:15	5	15	22	28.6166	99.5623	100
2:19:56:30	5	15	22	28.6166	99.5623	100
2:19:57:40	5	15	22	28.6166	99.5623	100
2:19:58:55	5	15	22	28.6166	99.5623	100
2:20:0:5	5	15	22	28.6166	99.5623	100
2:20:1:20	5	15	22	28.6166	99.5623	100
2:20:2:30	5	15	22	28.6166	99.5623	100
2:20:3:45	5	15	22	28.6166	99.5623	100
2:20:4:55	5	15	22	28.6166	99.5623	100
2:20:6:10	5	15	22	28.6166	99.5623	100
2:20:7:25	5	15	22	28.6166	99.5623	100
2:20:8:35	5	15	22	28.6166	99.5623	100
2:20:9:50	5	15	22	28.6166	99.5623	100
2:20:11:0	5	15	22	28.6166	99.5623	100
2:20:12:15	5	15	22	28.6166	99.5623	100
2:20:13:30	5	15	22	28.6166	99.5623	100
2:20:14:40	5	15	22	28.6166	99.5623	100
2:20:15:55	5	15	22	28.6166	99.5623	100
2:20:17:5	5	15	22	28.6166	99.5623	100
2:20:18:20	5	15	22	28.6166	99.5623	100
2:20:19:30	5	15	22	28.6166	99.5623	100
2:20:20:45	5	15	22	28.6166	99.5623	100
2:20:21:55	5	15	22	28.6166	99.5623	100
2:20:23:10	5	15	22	28.6166	99.5623	100
2:20:24:20	5	15	22	28.6166	99.5623	100
2:20:25:35	5	15	22	28.6166	99.5623	100
2:20:26:50	5	15	22	28.6166	99.5623	100
2:20:28:0	5	15	22	28.6166	99.5623	100
2:20:29:15	5	15	22	28.6166	99.5623	100
2:20:30:25	5	15	22	28.6166	99.5623	100
2:20:31:40	5	15	22	28.6166	99.5623	100
2:20:32:55	5	15	22	28.6166	99.5623	100
2:20:34:5	5	15	22	28.6166	99.5623	100
2:20:35:20	5	15	22	28.6166	99.5623	100
2:20:36:30	5	15	22	28.6166	99.5623	100
2:20:37:45	5	15	22	28.6166	99.5623	100
2:20:38:55	5	15	22	28.6166	99.5623	100
2:20:40:10	5	15	22	28.6166	99.5623	100
2:20:41:20	5	15	22	28.6166	99.5623	100
2:20:42:35	5	15	22	28.6166	99.5623	100
2:20:43:50	5	15	22	28.6166	99.5623	100
2:20:45:0	5	15	22	28.6166	99.5623	100
2:20:46:15	5	15	22	28.6166	99.5623	100
2:20:47:25	5	15	22	28.6166	99.5623	100
2:20:48:40	5	15	22	28.6166	99.5623	100
2:20:49:50	5	15	22	28.6166	99.5623	100
2:20:51:5	5	15	22	28.6166	99.5623	100
2:20:52:15	5	15	22	28.6166	99.5623	100
2:20:53:30	5	15	22	28.6166	99.5623	100
2:20:54:45	5	15	22	28.6166	99.5623	100
2:20:55:55	5	15	22	28.6166	99.5623	100
2:20:57:10	5	15	22	28.6166	99.5623	100
2:20:58:20	5	15	22	28.6166	99.5623	100
2:20:59:35	5	15	22	28.6166	99.5623	100
2:21:0:45	5	15	22	28.6166	99.5623	100
2:21:2:0	5	15	22	28.6166	99.5623	100
2:21:3:10	5	15	22	28.6166	99.5623	100
2:21:4:25	5	15	22	28.6166	99.5623	100
2:21:5:40	5	15	22	28.6166	99.5623	100
2:21:6:50	5	15	22	28.6166	99.5623	100
2:21:8:5	5	15	22	28.6166	99.5623	100
2:21:9:15	5	15	22	28.6166	99.5623	100
2:21:10:30	5	15	22	28.6166	99.5623	100
2:21:11:40	5	15	22	28.6166	99.5623	100
2:21:12:55	5	15	22	28.6166	99.5623	100
2:21:14:10	5	15	22	28.6166	99.5623	100
2:21:15:20	5	15	22	28.6166	99.5623	100
2:21:16:35	5	15	22	28.6166	99.5623	100
2:21:17:45	5	15	22	28.6166	99.5623	100
2:21:19:0	5	15	22	28.6166	99.5623	100
2:21:20:10	5	15	22	28.6166	99.5623	100
2:21:21:25	5	15	22	28.6166	99.5623	100
2:21:22:35	5	15	22	28.6166	99.5623	100
2:21:23:50	5	15	22	28.6166	99.5623	100
2:21:25:5	5	15	22	28.6166	99.5623	100
2:21:26:15	5	15	22	28.6166	99.5623	100
2:21:27:30	5	15	22	28.6166	99.5623	100
2:21:28:40	5	15	22	28.6166	99.5623	100
2:21:29:55	5	15	22	28.6166	99.5623	100
2:21:31:5	5	15	22	28.6166	99.5623	100
2:21:32:20	5	15	22	28.6166	99.5623	100
2:21:33:35	5	15	22	28.6166	99.5623	100
2:21:34:45	5	15	22	28.6166	99.5623	100
2:21:36:0	5	15	22	28.6166	99.5623	100
2:21:37:10	5	15	22	28.6166	99.5623	100
2:21:38:25	5	15	22	28.6166	99.5623	100
2:21:39:40	5	15	22	28.6166	99.5623	100
2:21:40:50	5	15	22	28.6166	99.5623	100
2:21:42:5	5	15	22	28.6166	99.5623	100
2:21:43:15	5	15	22	28.6166	99.5623	100
2:21:44:30	5	15	22	28.6166	99.5623	100
2:21:45:40	5	15	22	28.6166	99.5623	100
2:21:46:55	5	15	22	28.6166	99.5623	100
2:21:48:10	5	15	22	28.6166	99.5623	100
2:21:49:20	5	15	22	28.6166	99.5623	100
2:21:50:35	5	15	22	28.6166	99.5623	100
2:21:51:45	5	15	22	28.6166	99.5623	100
2:21:53:0	5	15	22	28.6166	99.5623	100
2:21:54:10	5	15	22	28.6166	99.5623	100
2:21:55:25	5	15	22	28.6166	99.5623	100
2:21:56:35	5	15	22	28.6166	99.5623	100
2:21:57:50	5	15	22	28.6166	99.5623	100
2:21:59:0	5	15	22	28.6166	99.5623	100
2:22:0:15	5	15	22	28.6166	99.5623	100
2:22:1:25	5	15	22	28.6166	99.5623	100
2:22:2:40	5	15	22	28.6166	99.5623	100
2:22:3:55	5	15	22	28.6166	99.5623	100
2:22:5:5	5	15	22	28.6166	99.5623	100
2:22:6:20	5	15	22	28.6166	99.5623	100
2:22:7:30	5	15	22	28.6166	99.5623	100
2:22:8:45	5	15	22	28.6166	99.5623	100
2:22:9:55	5	15	22	28.6166	99.5623	100
2:22:11:10	5	15	22	28.6166	99.5623	100
2:22:12:25	5	15	22	28.6166	99.5623	100
2:22:13:35	5	15	22	28.6166	99.5623	100
2:22:14:50	5	15	22	28.6166	99.5623	100
2:22:16:0	5	15	22	28.6166	99.5623	100
2:22:17:15	5	15	22	28.6166	99.5623	100
2:22:18:25	5	15	22	28.6166	99.5623	100
2:22:19:40	5	15	22	28.6166	99.5623	100
2:22:20:50	5	15	22	28.6166	99.5623	100
2:22:22:5	5	15	22	28.6166	99.5623	100
2:22:23:20	5	15	22	28.6166	99.5623	100
2:22:24:30	5	15	22	28.6166	99.5623	100
2:22:25:45	5	15	22	28.6166	99.5623	100
2:22:26:55	5	15	22	28.6166	99.5623	100
2:22:28:10	5	15	22	28.6166	99.5623	100
2:22:29:20	5	15	22	28.6166	99.5623	100
2:22:30:35	5	15	22	28.6166	99.5623	100
2:22:31:50	5	15	22	28.6166	99.5623	100
2:22:33:0	5	15	22	28.6166	99.5623	100
2:22:34:15	5	15	22	28.6166	99.5623	100
2:22:35:25	5	15	22	28.6166	99.5623	100
2:22:36:40	5	15	22	28.6166	99.5623	100
2:22:37:50	5	15	22	28.6166	99.5623	100
2:22:39:5	5	15	22	28.6166	99.5623	100
2:22:40:15	5	15	22	28.6166	99.5623	100
2:22:41:30	5	15	22	28.6166	99.5623	100
2:22:42:45	5	15	22	28.6166	99.5623	100
2:22:43:55	5	15	22	28.6166	99.5623	100
2:22:45:10	5	15	22	28.6166	99.5623	100
2:22:46:20	5	15	22	28.6166	99.5623	100
2:22:47:35	5	15	22	28.6166	99.5623	100
2:22:48:45	5	15	22	28.6166	99.5623	100
2:22:50:0	5	15	22	28.6166	99.5623	100
2:22:51:15	5	15	22	28.6166	99.5623	100
2:22:52:25	5	15	22	28.6166	99.5623	100
2:22:53:40	5	15	22	28.6166	99.5623	100
2:22:54:50	5	15	22	28.6166	99.5623	100
2:22:56:5	5	15	22	28.6166	99.5623	100
2:22:57:15	5	15	22	28.6166	99.5623	100
2:22:58:30	5	15	22	28.6166	99.5623	100
2:22:59:45	5	15	22	28.6166	99.5623	100
2:23:0:55	5	15	22	28.6166	99.5623	100
2:23:2:10	5	15	22	28.6166	99.5623	100
2:23:3:20	5	15	22	28.6166	99.5623	100
2:23:4:35	5	15	22	28.6166	99.5623	100
2:23:5:50	5	15	22	28.6166	99.5623	100
2:23:7:0	5	15	22	28.6166	99.5623	100
2:23:8:15	5	15	22	28.6166	99.5623	100
2:23:9:25	5	15	22	28.6166	99.5623	100
2:23:10:40	5	15	22	28.6166	99.5623	100
2:23:11:50	5	15	22	28.6166	99.5623	100
2:23:13:5	5	15	22	28.6166	99.5623	100
2:23:14:20	5	15	22	28.6166	99.5623	100
2:23:15:30	5	15	22	28.6166	99.5623	100
2:23:16:45	5	15	22	28.6166	99.5623	100
2:23:17:55	5	15	22	28.6166	99.5623	100
2:23:19:10	5	15	22	28.6166	99.5623	100
2:23:20:20	5	15	22	28.6166	99.5623	100
2:23:21:35	5	15	22	28.6166	99.5623	100
2:23:22:45	5	15	22	28.6166	99.5623	100
2:23:24:0	5	15	22	28.6166	99.5623	100
2:23:25:15	5	15	22	28.6166	99.5623	100
2:23:26:25	5	15	22	28.6166	99.5623	100
2:23:27:40	5	15	22	28.6166	99.5623	100
2:23:28:50	5	15	22	28.6166	99.5623	100
2:23:30:5	5	15	22	28.6166	99.5623	100
2:23:31:15	5	15	22	28.6166	99.5623	100
2:23:32:30	5	15	22	28.6166	99.5623	100
2:23:33:45	5	15	22	28.6166	99.5623	100
2:23:34:55	5	15	22	28.6166	99.5623	100
2:23:36:10	5	15	22	28.6166	99.5623	100
2:23:37:20	5	15	22	28.6166	99.5623	100
2:23:38:35	5	15	22	28.6166	99.5623	100
2:23:39:45	5	15	22	28.6166	99.5623	100
2:23:41:0	5	15	22	28.6166	99.5623	100
2:23:42:10	5	15	22	28.6166	99.5623	100
2:23:43:25	5	15	22	28.6166	99.5623	100
2:23:44:40	5	15	22	28.6166	99.5623	100
2:23:45:50	5	15	22	28.6166	99.5623	100
2:23:47:5	5	15	22	28.6166	99.5623	100
2:23:48:15	5	15	22	28.6166	99.5623	100
2:23:49:30	5	15	22	28.6166	99.5623	100
2:23:50:40	5	15	22	28.6166	99.5623	100
2:23:51:55	5	15	22	28.6166	99.5623	100
2:23:53:5	5	15	22	28.6166	99.5623	100
2:23:54:20	5	15	22	28.6166	99.5623	100
2:23:55:35	5	15	22	28.6166	99.5623	100
2:23:56:45	5	15	22	28.6166	99.5623	100
2:23:58:0	5	15	22	28.6166	99.5623	100
2:23:59:10	5	15	22	28.6166	99.5623	100
3:0:0:25	5	15	22	28.6166	99.5623	100
3:0:1:35	5	15	22	28.6166	99.5623	100
3:0:2:50	5	15	22	28.6166	99.5623	100
3:0:4:5	5	15	22	28.6166	99.5623	100
3:0:5:15	5	15	22	28.6166	99.5623	100
3:0:6:30	5	15	22	28.6166	99.5623	100
3:0:7:40	5	15	22	28.6166	99.5623	100
3:0:8:55	5	15	22	28.6166	99.5623	100
3:0:10:5	5	15	22	28.6166	99.5623	100
3:0:11:20	5	15	22	28.6166	99.5623	100
3:0:12:35	5	15	22	28.6166	99.5623	100
3:0:13:45	5	15	22	28.6166	99.5623	100
3:0:15:0	5	15	22	28.6166	99.5623	100
3:0:16:10	5	15	22	28.6166	99.5623	100
3:0:17:25	5	15	22	28.6166	99.5623	100
3:0:18:40	5	15	22	28.6166	99.5623	100
3:0:19:50	5	15	22	28.6166	99.5623	100
3:0:21:5	5	15	22	28.6166	99.5623	100
3:0:22:15	5	15	22	28.6166	99.5623	100
3:0:23:30	5	15	22	28.6166	99.5623	100
3:0:24:40	5	15	22	28.6166	99.5623	100
3:0:25:55	5	15	22	28.6166	99.5623	100
3:0:27:5	5	15	22	28.6166	99.5623	100
3:0:28:20	5	15	22	28.6166	99.5623	100
3:0:29:30	5	15	22	28.6166	99.5623	100
3:0:30:45	5	15	22	28.6166	99.5623	100
3:0:32:0	5	15	22	28.6166	99.5623	100
3:0:33:10	5	15	22	28.6166	99.5623	100
3:0:34:25	5	15	22	28.6166	99.5623	100
3:0:35:35	5	15	22	28.6166	99.5623	100
3:0:36:50	5	15	22	28.6166	99.5623	100
3:0:38:0	5	15	22	28.6166	99.5623	100
3:0:39:15	5	15	22	28.6166	99.5623	100
3:0:40:25	5	15	22	28.6166	99.5623	100
3:0:41:40	5	15	22	28.6166	99.5623	100
3:0:42:55	5	15	22	28.6166	99.5623	100
3:0:44:5	5	15	22	28.6166	99.5623	100
3:0:45:20	5	15	22	28.6166	99.5623	100
3:0:46:30	5	15	22	28.6166	99.5623	100
3:0:47:45	5	15	22	28.6166	99.5623	100
3:0:48:55	5	15	22	28.6166	99.5623	100
3:0:50:10	5	15	22	28.6166	99.5623	100
3:0:51:25	5	15	22	28.6166	99.5623	100
3:0:52:35	5	15	22	28.6166	99.5623	100
3:0:53:50	5	15	22	28.6166	99.5623	100
3:0:55:0	5	15	22	28.6166	99.5623	100
3:0:56:15	5	15	22	28.6166	99.5623	100
3:0:57:25	5	15	22	28.6166	99.5623	100
3:0:58:40	5	15	22	28.6166	99.5623	100
3:0:59:50	5	15	22	28.6166	99.5623	100
3:1:1:5	5	15	22	28.6166	99.5623	100
3:1:2:20	5	15	22	28.6166	99.5623	100
3:1:3:30	5	15	22	28.6166	99.5623	100
3:1:4:45	5	15	22	28.6166	99.5623	100
3:1:5:55	5	15	22	28.6166	99.5623	100
3:1:7:10	5	15	22	28.6166	99.5623	100
3:1:8:20	5	15	22	28.6166	99.5623	100
3:1:9:35	5	15	22	28.6166	99.5623	100
3:1:10:45	5	15	22	28.6166	99.5623	100
3:1:12:0	5	15	22	28.6166	99.5623	100
3:1:13:15	5	15	22	28.6166	99.5623	100
3:1:14:25	5	15	22	28.6166	99.5623	100
3:1:15:40	5	15	22	28.6166	99.5623	100
3:1:16:50	5	15	22	28.6166	99.5623	100
3:1:18:5	5	15	22	28.6166	99.5623	100
3:1:19:15	5	15	22	28.6166	99.5623	100
3:1:20:30	5	15	22	28.6166	99.5623	100
3:1:21:45	5	15	22	28.6166	99.5623	100
3:1:22:55	5	15	22	28.6166	99.5623	100
3:1:24:10	5	15	22	28.6166	99.5623	100
3:1:25:20	5	15	22	28.6166	99.5623	100
3:1:26:35	5	15	22	28.6166	99.5623	100
3:1:27:45	5	15	22	28.6166	99.5623	100
3:1:29:0	5	15	22	28.6166	99.5623	100
3:1:30:15	5	15	22	28.6166	99.5623	100
3:1:31:25	5	15	22	28.6166	99.5623	100
3:1:32:40	5	15	22	28.6166	99.5623	100
3:1:33:50	5	15	22	28.6166	99.5623	100
3:1:35:5	5	15	22	28.6166	99.5623	100
3:1:36:15	5	15	22	28.6166	99.5623	100
3:1:37:30	5	15	22	28.6166	99.5623	100
3:1:38:45	5	15	22	28.6166	99.5623	100
3:1:39:55	5	15	22	28.6166	99.5623	100
3:1:41:10	5	15	22	28.6166	99.5623	100
3:1:42:20	5	15	22	28.6166	99.5623	100
3:1:43:35	5	15	22	28.6166	99.5623	100
3:1:44:50	5	15	22	28.6166	99.5623	100
3:1:46:0	5	15	22	28.6166	99.5623	100
3:1:47:15	5	15	22	28.6166	99.5623	100
3:1:48:25	5	15	22	28.6166	99.5623	100
3:1:49:40	5	15	22	28.6166	99.5623	100
3:1:50:50	5	15	22	28.6166	99.5623	100
3:1:52:5	5	15	22	28.6166	99.5623	100
3:1:53:15	5	15	22	28.6166	99.5623	100
3:1:54:30	5	15	22	28.6166	99.5623	100
3:1:55:45	5	15	22	28.6166	99.5623	100
3:1:56:55	5	15	22	28.6166	99.5623	100
3:1:58:10	5	15	22	28.6166	99.5623	100
3:1:59:20	5	15	22	28.6166	99.5623	100
3:2:0:35	5	15	22	28.6166	99.5623	100
3:2:1:45	5	15	22	28.6166	99.5623	100
3:2:3:0	5	15	22	28.6166	99.5623	100
3:2:4:15	5	15	22	28.6166	99.5623	100
3:2:5:25	5	15	22	28.6166	99.5623	100
3:2:6:40	5	15	22	28.6166	99.5623	100
3:2:7:50	5	15	22	28.6166	99.5623	100
3:2:9:5	5	15	22	28.6166	99.5623	100
3:2:10:15	5	15	22	28.6166	99.5623	100
3:2:11:30	5	15	22	28.6166	99.5623	100
3:2:12:40	5	15	22	28.6166	99.5623	100
3:2:13:55	5	15	22	28.6166	99.5623	100
3:2:15:10	5	15	22	28.6166	99.5623	100
3:2:16:20	5	15	22	28.6166	99.5623	100
3:2:17:35	5	15	22	28.6166	99.5623	100
3:2:18:45	5	15	22	28.6166	99.5623	100
3:2:20:0	5	15	22	28.6166	99.5623	100
3:2:21:10	5	15	22	28.6166	99.5623	100
3:2:22:25	5	15	22	28.6166	99.5623	100
3:2:23:40	5	15	22	28.6166	99.5623	100
3:2:24:50	5	15	22	28.6166	99.5623	100
3:2:26:5	5	15	22	28.6166	99.5623	100
3:2:27:15	5	15	22	28.6166	99.5623	100
3:2:28:30	5	15	22	28.6166	99.5623	100
3:2:29:45	5	15	22	28.6166	99.5623	100
3:2:30:55	5	15	22	28.6166	99.5623	100
3:2:32:10	5	15	22	28.6166	99.5623	100
3:2:33:20	5	15	22	28.6166	99.5623	100
3:2:34:35	5	15	22	28.6166	99.5623	100
3:2:35:45	5	15	22	28.6166	99.5623	100
3:2:37:0	5	15	22	28.6166	99.5623	100
3:2:38:10	5	15	22	28.6166	99.5623	100
3:2:39:25	5	15	22	28.6166	99.5623	100
3:2:40:40	5	15	22	28.6166	99.5623	100
3:2:41:50	5	15	22	28.6166	99.5623	100
3:2:43:5	5	15	22	28.6166	99.5623	100
3:2:44:15	5	15	22	28.6166	99.5623	100
3:2:45:30	5	15	22	28.6166	99.5623	100
3:2:46:45	5	15	22	28.6166	99.5623	100
3:2:47:55	5	15	22	28.6166	99.5623	100
3:2:49:10	5	15	22	28.6166	99.5623	100
3:2:50:20	5	15	22	28.6166	99.5623	100
3:2:51:35	5	15	22	28.6166	99.5623	100
3:2:52:45	5	15	22	28.6166	99.5623	100
3:2:54:0	5	15	22	28.6166	99.5623	100
3:2:55:10	5	15	22	28.6166	99.5623	100
3:2:56:25	5	15	22	28.6166	99.5623	100
3:2:57:40	5	15	22	28.6166	99.5623	100
3:2:58:50	5	15	22	28.6166	99.5623	100
3:3:0:5	5	15	22	28.6166	99.5623	100
3:3:1:15	5	15	22	28.6166	99.5623	100
3:3:2:30	5	15	22	28.6166	99.5623	100
3:3:3:40	5	15	22	28.6166	99.5623	100
3:3:4:55	5	15	22	28.6166	99.5623	100
3:3:6:10	5	15	22	28.6166	99.5623	100
3:3:7:20	5	15	22	28.6166	99.5623	100
3:3:8:35	5	15	22	28.6166	99.5623	100
3:3:9:45	5	15	22	28.6166	99.5623	100
3:3:11:0	5	15	22	28.6166	99.5623	100
3:3:12:10	5	15	22	28.6166	99.5623	100
3:3:13:25	5	15	22	28.6166	99.5623	100
3:3:14:35	5	15	22	28.6166	99.5623	100
3:3:15:50	5	15	22	28.6166	99.5623	100
3:3:17:5	5	15	22	28.6166	99.5623	100
3:3:18:15	5	15	22	28.6166	99.5623	100
3:3:19:30	5	15	22	28.6166	99.5623	100
3:3:20:40	5	15	22	28.6166	99.5623	100
3:3:21:55	5	15	22	28.6166	99.5623	100
3:3:23:5	5	15	22	28.6166	99.5623	100
3:3:24:20	5	15	22	28.6166	99.5623	100
3:3:25:35	5	15	22	28.6166	99.5623	100
3:3:26:45	5	15	22	28.6166	99.5623	100
3:3:28:0	5	15	22	28.6166	99.5623	100
3:3:29:10	5	15	22	28.6166	99.5623	100
3:3:30:25	5	15	22	28.6166	99.5623	100
3:3:31:35	5	15	22	28.6166	99.5623	100
3:3:32:50	5	15	22	28.6166	99.5623	100
3:3:34:0	5	15	22	28.6166	99.5623	100
3:3:35:15	5	15	22	28.6166	99.5623	100
3:3:36:25	5	15	22	28.6166	99.5623	100
3:3:37:40	5	15	22	28.6166	99.5623	100
3:3:38:55	5	15	22	28.6166	99.5623	100
3:3:40:5	5	15	22	28.6166	99.5623	100
3:3:41:20	5	15	22	28.6166	99.5623	100
3:3:42:30	5	15	22	28.6166	99.5623	100
3:3:43:45	5	15	22	28.6166	99.5623	100
3:3:44:55	5	15	22	28.6166	99.5623	100
3:3:46:10	5	15	22	28.6166	99.5623	100
3:3:47:20	5	15	22	28.6166	99.5623	100
3:3:48:35	5	15	22	28.6166	99.5623	100
3:3:49:50	5	15	22	28.6166	99.5623	100
3:3:51:0	5	15	22	28.6166	99.5623	100
3:3:52:15	5	15	22	28.6166	99.5623	100
3:3:53:25	5	15	22	28.6166	99.5623	100
3:3:54:40	5	15	22	28.6166	99.5623	100
3:3:55:50	5	15	22	28.6166	99.5623	100
3:3:57:5	5	15	22	28.6166	99.5623	100
3:3:58:20	5	15	22	28.6166	99.5623	100
3:3:59:30	5	15	22	28.6166	99.5623	100
3:4:0:45	5	15	22	28.6166	99.5623	100
3:4:1:55	5	15	22	28.6166	99.5623	100
3:4:3:10	5	15	22	28.6166	99.5623	100
3:4:4:20	5	15	22	28.6166	99.5623	100
3:4:5:35	5	15	22	28.6166	99.5623	100
3:4:6:45	5	15	22	28.6166	99.5623	100
3:4:8:0	5	15	22	28.6166	99.5623	100
3:4:9:15	5	15	22	28.6166	99.5623	100
3:4:10:25	5	15	22	28.6166	99.5623	100
3:4:11:40	5	15	22	28.6166	99.5623	100
3:4:12:50	5	15	22	28.6166	99.5623	100
3:4:14:5	5	15	22	28.6166	99.5623	100
3:4:15:15	5	15	22	28.6166	99.5623	100
3:4:16:30	5	15	22	28.6166	99.5623	100
3:4:17:45	5	15	22	28.6166	99.5623	100
3:4:18:55	5	15	22	28.6166	99.5623	100
3:4:20:10	5	15	22	28.6166	99.5623	100
3:4:21:20	5	15	22	28.6166	99.5623	100
3:4:22:35	5	15	22	28.6166	99.5623	100
3:4:23:45	5	15	22	28.6166	99.5623	100
3:4:25:0	5	15	22	28.6166	99.5623	100
3:4:26:15	5	15	22	28.6166	99.5623	100
3:4:27:25	5	15	22	28.6166	99.5623	100
3:4:28:40	5	15	22	28.6166	99.5623	100
3:4:29:50	5	15	22	28.6166	99.5623	100
3:4:31:5	5	15	22	28.6166	99.5623	100
3:4:32:15	5	15	22	28.6166	99.5623	100
3:4:33:30	5	15	22	28.6166	99.5623	100
3:4:34:40	5	15	22	28.6166	99.5623	100
3:4:35:55	5	15	22	28.6166	99.5623	100
3:4:37:10	5	15	22	28.6166	99.5623	100
3:4:38:20	5	15	22	28.6166	99.5623	100
3:4:39:35	5	15	22	28.6166	99.5623	100
3:4:40:45	5	15	22	28.6166	99.5623	100
3:4:42:0	5	15	22	28.6166	99.5623	100
3:4:43:10	5	15	22	28.6166	99.5623	100
3:4:44:25	5	15	22	28.6166	99.5623	100
3:4:45:40	5	15	22	28.6166	99.5623	100
3:4:46:50	5	15	22	28.6166	99.5623	100
3:4:48:5	5	15	22	28.6166	99.5623	100
3:4:49:15	5	15	22	28.6166	99.5623	100
3:4:50:30	5	15	22	28.6166	99.5623	100
3:4:51:40	5	15	22	28.6166	99.5623	100
3:4:52:55	5	15	22	28.6166	99.5623	100
3:4:54:5	5	15	22	28.6166	99.5623	100
3:4:55:20	5	15	22	28.6166	99.5623	100
3:4:56:35	5	15	22	28.6166	99.5623	100
3:4:57:45	5	15	22	28.6166	99.5623	100
3:4:59:0	5	15	22	28.6166	99.5623	100
3:5:0:10	5	15	22	28.6166	99.5623	100
3:5:1:25	5	15	22	28.6166	99.5623	100
3:5:2:35	5	15	22	28.6166	99.5623	100
3:5:3:50	5	15	22	28.6166	99.5623	100
3:5:5:5	5	15	22	28.6166	99.5623	100
3:5:6:15	5	15	22	28.6166	99.5623	100
3:5:7:30	5	15	22	28.6166	99.5623	100
3:5:8:40	5	15	22	28.6166	99.5623	100
3:5:9:55	5	15	22	28.6166	99.5623	100
3:5:11:5	5	15	22	28.6166	99.5623	100
3:5:12:20	5	15	22	28.6166	99.5623	100
3:5:13:35	5	15	22	28.6166	99.5623	100
3:5:14:45	5	15	22	28.6166	99.5623	100
3:5:16:0	5	15	22	28.6166	99.5623	100
3:5:17:10	5	15	22	28.6166	99.5623	100
3:5:18:25	5	15	22	28.6166	99.5623	100
3:5:19:35	5	15	22	28.6166	99.5623	100
3:5:20:50	5	15	22	28.6166	99.5623	100
3:5:22:5	5	15	22	28.6166	99.5623	100
3:5:23:15	5	15	22	28.6166	99.5623	100
3:5:24:30	5	15	22	28.6166	99.5623	100
3:5:25:40	5	15	22	28.6166	99.5623	100
3:5:26:55	5	15	22	28.6166	99.5623	100
3:5:28:5	5	15	22	28.6166	99.5623	100
3:5:29:20	5	15	22	28.6166	99.5623	100
3:5:30:35	5	15	22	28.6166	99.5623	100
3:5:31:45	5	15	22	28.6166	99.5623	100
3:5:33:0	5	15	22	28.6166	99.5623	100
3:5:34:10	5	15	22	28.6166	99.5623	100
3:5:35:25	5	15	22	28.6166	99.5623	100
3:5:36:35	5	15	22	28.6166	99.5623	100
3:5:37:50	5	15	22	28.6166	99.5623	100
3:5:39:0	5	15	22	28.6166	99.5623	100
3:5:40:15	5	15	22	28.6166	99.5623	100
3:5:41:25	5	15	22	28.6166	99.5623	100
3:5:42:40	5	15	22	28.6166	99.5623	100
3:5:43:55	5	15	22	28.6166	99.5623	100
3:5:45:5	5	15	22	28.6166	99.5623	100
3:5:46:20	5	15	22	28.6166	99.5623	100
3:5:47:30	5	15	22	28.6166	99.5623	100
3:5:48:45	5	15	22	28.6166	99.5623	100
3:5:49:55	5	15	22	28.6166	99.5623	100
3:5:51:10	5	15	22	28.6166	99.5623	100
3:5:52:20	5	15	22	28.6166	99.5623	100
3:5:53:35	5	15	22	28.6166	99.5623	100
3:5:54:50	5	15	22	28.6166	99.5623	100
3:5:56:0	5	15	22	28.6166	99.5623	100
3:5:57:15	5	15	22	28.6166	99.5623	100
3:5:58:25	5	15	22	28.6166	99.5623	100
3:5:59:40	5	15	22	28.6166	99.5623	100
3:6:0:50	5	15	22	28.6166	99.5623	100
3:6:2:5	5	15	22	28.6166	99.5623	100
3:6:3:15	5	15	22	28.6166	99.5623	100
3:6:4:30	5	15	22	28.6166	99.5623	100
3:6:5:45	5	15	22	28.6166	99.5623	100
3:6:6:55	5	15	22	28.6166	99.5623	100
3:6:8:10	5	15	22	28.6166	99.5623	100
3:6:9:20	5	15	22	28.6166	99.5623	100
3:6:10:35	5	15	22	28.6166	99.5623	100
3:6:11:45	5	15	22	28.6166	99.5623	100
3:6:13:0	5	15	22	28.6166	99.5623	100
3:6:14:15	5	15	22	28.6166	99.5623	100
3:6:15:25	5	15	22	28.6166	99.5623	100
3:6:16:40	5	15	22	28.6166	99.5623	100
3:6:17:50	5	15	22	28.6166	99.5623	100
3:6:19:5	5	15	22	28.6166	99.5623	100
3:6:20:15	5	15	22	28.6166	99.5623	100
3:6:21:30	5	15	22	28.6166	99.5623	100
3:6:22:45	5	15	22	28.6166	99.5623	100
3:6:23:55	5	15	22	28.6166	99.5623	100
3:6:25:10	5	15	22	28.6166	99.5623	100
3:6:26:20	5	15	22	28.6166	99.5623	100
3:6:27:35	5	15	22	28.6166	99.5623	100
3:6:28:45	5	15	22	28.6166	99.5623	100
3:6:30:0	5	15	22	28.6166	99.5623	100
3:6:31:10	5	15	22	28.6166	99.5623	100
3:6:32:25	5	15	22	28.6166	99.5623	100
3:6:33:40	5	15	22	28.6166	99.5623	100
3:6:34:50	5	15	22	28.6166	99.5623	100
3:6:36:5	5	15	22	28.6166	99.5623	100
3:6:37:15	5	15	22	28.6166	99.5623	100
3:6:38:30	5	15	22	28.6166	99.5623	100
3:6:39:45	5	15	22	28.6166	99.5623	100
3:6:40:55	5	15	22	28.6166	99.5623	100
3:6:42:10	5	15	22	28.6166	99.5623	100
3:6:43:20	5	15	22	28.6166	99.5623	100
3:6:44:35	5	15	22	28.6166	99.5623	100
3:6:45:45	5	15	22	28.6166	99.5623	100
3:6:47:0	5	15	22	28.6166	99.5623	100
3:6:48:10	5	15	22	28.6166	99.5623	100
3:6:49:25	5	15	22	28.6166	99.5623	100
3:6:50:40	5	15	22	28.6166	99.5623	100
3:6:51:50	5	15	22	28.6166	99.5623	100
3:6:53:5	5	15	22	28.6166	99.5623	100
3:6:54:15	5	15	22	28.6166	99.5623	100
3:6:55:30	5	15	22	28.6166	99.5623	100
3:6:56:40	5	15	22	28.6166	99.5623	100
3:6:57:55	5	15	22	28.6166	99.5623	100
3:6:59:10	5	15	22	28.6166	99.5623	100
3:7:0:20	5	15	22	28.6166	99.5623	100
3:7:1:35	5	15	22	28.6166	99.5623	100
3:7:2:45	5	15	22	28.6166	99.5623	100
3:7:4:0	5	15	22	28.6166	99.5623	100
3:7:5:10	5	15	22	28.6166	99.5623	100
3:7:6:25	5	15	22	28.6166	99.5623	100
3:7:7:35	5	15	22	28.6166	99.5623	100
3:7:8:50	5	15	22	28.6166	99.5623	100
3:7:10:0	5	15	22	28.6166	99.5623	100
3:7:11:15	5	15	22	28.6166	99.5623	100
3:7:12:30	5	15	22	28.6166	99.5623	100
3:7:13:40	5	15	22	28.6166	99.5623	100
3:7:14:55	5	15	22	28.6166	99.5623	100
3:7:16:5	5	15	22	28.6166	99.5623	100
3:7:17:20	5	15	22	28.6166	99.5623	100
3:7:18:35	5	15	22	28.6166	99.5623	100
3:7:19:45	5	15	22	28.6166	99.5623	100
3:7:21:0	5	15	22	28.6166	99.5623	100
3:7:22:10	5	15	22	28.6166	99.5623	100
3:7:23:25	5	15	22	28.6166	99.5623	100
3:7:24:35	5	15	22	28.6166	99.5623	100
3:7:25:50	5	15	22	28.6166	99.5623	100
3:7:27:0	5	15	22	28.6166	99.5623	100
3:7:28:15	5	15	22	28.6166	99.5623	100
3:7:29:30	5	15	22	28.6166	99.5623	100
3:7:30:40	5	15	22	28.6166	99.5623	100
3:7:31:55	5	15	22	28.6166	99.5623	100
3:7:33:5	5	15	22	28.6166	99.5623	100
3:7:34:20	5	15	22	28.6166	99.5623	100
3:7:35:35	5	15	22	28.6166	99.5623	100
3:7:36:45	5	15	22	28.6166	99.5623	100
3:7:38:0	5	15	22	28.6166	99.5623	100
3:7:39:10	5	15	22	28.6166	99.5623	100
3:7:40:25	5	15	22	28.6166	99.5623	100
3:7:41:35	5	15	22	28.6166	99.5623	100
3:7:42:50	5	15	22	28.6166	99.5623	100
3:7:44:5	5	15	22	28.6166	99.5623	100
3:7:45:15	5	15	22	28.6166	99.5623	100
3:7:46:30	5	15	22	28.6166	99.5623	100
3:7:47:40	5	15	22	28.6166	99.5623	100
3:7:48:55	5	15	22	28.6166	99.5623	100
3:7:50:5	5	15	22	28.6166	99.5623	100
3:7:51:20	5	15	22	28.6166	99.5623	100
3:7:52:30	5	15	22	28.6166	99.5623	100
3:7:53:45	5	15	22	28.6166	99.5623	100
3:7:55:0	5	15	22	28.6166	99.5623	100
3:7:56:10	5	15	22	28.6166	99.5623	100
3:7:57:25	5	15	22	28.6166	99.5623	100
3:7:58:35	5	15	22	28.6166	99.5623	100
3:7:59:50	5	15	22	28.6166	99.5623	100
3:8:1:0	5	15	22	28.6166	99.5623	100
3:8:2:15	5	15	22	28.6166	99.5623	100
3:8:3:25	5	15	22	28.6166	99.5623	100
3:8:4:40	5	15	22	28.6166	99.5623	100
3:8:5:50	5	15	22	28.6166	99.5623	100
3:8:7:5	5	15	22	28.6166	99.5623	100
3:8:8:20	5	15	22	28.6166	99.5623	100
3:8:9:30	5	15	22	28.6166	99.5623	100
3:8:10:45	5	15	22	28.6166	99.5623	100
3:8:11:55	5	15	22	28.6166	99.5623	100
3:8:13:10	5	15	22	28.6166	99.5623	100
3:8:14:20	5	15	22	28.6166	99.5623	100
3:8:15:35	5	15	22	28.6166	99.5623	100
3:8:16:45	5	15	22	28.6166	99.5623	100
3:8:18:0	5	15	22	28.6166	99.5623	100
3:8:19:10	5	15	22	28.6166	99.5623	100
3:8:20:25	5	15	22	28.6166	99.5623	100
3:8:21:40	5	15	22	28.6166	99.5623	100
3:8:22:50	5	15	22	28.6166	99.5623	100
3:8:24:5	5	15	22	28.6166	99.5623	100
3:8:25:15	5	15	22	28.6166	99.5623	100
3:8:26:30	5	15	22	28.6166	99.5623	100
3:8:27:40	5	15	22	28.6166	99.5623	100
3:8:28:55	5	15	22	28.6166	99.5623	100
3:8:30:10	5	15	22	28.6166	99.5623	100
3:8:31:20	5	15	22	28.6166	99.5623	100
3:8:32:35	5	15	22	28.6166	99.5623	100
3:8:33:45	5	15	22	28.6166	99.5623	100
3:8:35:0	5	15	22	28.6166	99.5623	100
3:8:36:10	5	15	22	28.6166	99.5623	100
3:8:37:25	5	15	22	28.6166	99.5623	100
3:8:38:40	5	15	22	28.6166	99.5623	100
3:8:39:50	5	15	22	28.6166	99.5623	100
3:8:41:5	5	15	22	28.6166	99.5623	100
3:8:42:15	5	15	22	28.6166	99.5623	100
3:8:43:30	5	15	22	28.6166	99.5623	100
3:8:44:40	5	15	22	28.6166	99.5623	100
3:8:45:55	5	15	22	28.6166	99.5623	100
3:8:47:10	5	15	22	28.6166	99.5623	100
3:8:48:20	5	15	22	28.6166	99.5623	100
3:8:49:35	5	15	22	28.6166	99.5623	100
3:8:50:45	5	15	22	28.6166	99.5623	100
3:8:52:0	5	15	22	28.6166	99.5623	100
3:8:53:10	5	15	22	28.6166	99.5623	100
3:8:54:25	5	15	22	28.6166	99.5623	100
3:8:55:35	5	15	22	28.6166	99.5623	100
3:8:56:50	5	15	22	28.6166	99.5623	100
3:8:58:5	5	15	22	28.6166	99.5623	100
3:8:59:15	5	15	22	28.6166	99.5623	100
3:9:0:30	5	15	22	28.6166	99.5623	100
3:9:1:40	5	15	22	28.6166	99.5623	100
3:9:2:55	5	15	22	28.6166	99.5623	100
3:9:4:10	5	15	22	28.6166	99.5623	100
3:9:5:20	5	15	22	28.6166	99.5623	100
3:9:6:35	5	15	22	28.6166	99.5623	100
3:9:7:45	5	15	22	28.6166	99.5623	100
3:9:9:0	5	15	22	28.6166	99.5623	100
3:9:10:10	5	15	22	28.6166	99.5623	100
3:9:11:25	5	15	22	28.6166	99.5623	100
3:9:12:40	5	15	22	28.6166	99.5623	100
3:9:13:50	5	15	22	28.6166	99.5623	100
3:9:15:5	5	15	22	28.6166	99.5623	100
3:9:16:15	5	15	22	28.6166	99.5623	100
3:9:17:30	5	15	22	28.6166	99.5623	100
3:9:18:40	5	15	22	28.6166	99.5623	100
3:9:19:55	5	15	22	28.6166	99.5623	100
3:9:21:5	5	15	22	28.6166	99.5623	100
3:9:22:20	5	15	22	28.6166	99.5623	100
3:9:23:35	5	15	22	28.6166	99.5623	100
3:9:24:45	5	15	22	28.6166	99.5623	100
3:9:26:0	5	15	22	28.6166	99.5623	100
3:9:27:10	5	15	22	28.6166	99.5623	100
3:9:28:25	5	15	22	28.6166	99.5623	100
3:9:29:35	5	15	22	28.6166	99.5623	100
3:9:30:50	5	15	22	28.6166	99.5623	100
3:9:32:0	5	15	22	28.6166	99.5623	100
3:9:33:15	5	15	22	28.6166	99.5623	100
3:9:34:25	5	15	22	28.6166	99.5623	100
3:9:35:40	5	15	22	28.6166	99.5623	100
3:9:36:55	5	15	22	28.6166	99.5623	100
3:9:38:5	5	15	22	28.6166	99.5623	100
3:9:39:20	5	15	22	28.6166	99.5623	100
3:9:40:30	5	15	22	28.6166	99.5623	100
3:9:41:45	5	15	22	28.6166	99.5623	100
3:9:42:55	5	15	22	28.6166	99.5623	100
3:9:44:10	5	15	22	28.6166	99.5623	100
3:9:45:25	5	15	22	28.6166	99.5623	100
3:9:46:35	5	15	22	28.6166	99.5623	100
3:9:47:50	5	15	22	28.6166	99.5623	100
3:9:49:0	5	15	22	28.6166	99.5623	100
3:9:50:15	5	15	22	28.6166	99.5623	100
3:9:51:25	5	15	22	28.6166	99.5623	100
3:9:52:40	5	15	22	28.6166	99.5623	100
3:9:53:55	5	15	22	28.6166	99.5623	100
3:9:55:5	5	15	22	28.6166	99.5623	100
3:9:56:20	5	15	22	28.6166	99.5623	100
3:9:57:30	5	15	22	28.6166	99.5623	100
3:9:58:45	5	15	22	28.6166	99.5623	100
3:9:59:55	5	15	22	28.6166	99.5623	100
3:10:1:10	5	15	22	28.6166	99.5623	100
3:10:2:25	5	15	22	28.6166	99.5623	100
3:10:3:35	5	15	22	28.6166	99.5623	100
3:10:4:50	5	15	22	28.6166	99.5623	100
3:10:6:0	5	15	22	28.6166	99.5623	100
3:10:7:15	5	15	22	28.6166	99.5623	100
3:10:8:30	5	15	22	28.6166	99.5623	100
3:10:9:40	5	15	22	28.6166	99.5623	100
3:10:10:55	5	15	22	28.6166	99.5623	100
3:10:12:5	5	15	22	28.6166	99.5623	100
3:10:13:20	5	15	22	28.6166	99.5623	100
3:10:14:30	5	15	22	28.6166	99.5623	100
3:10:15:45	5	15	22	28.6166	99.5623	100
3:10:17:0	5	15	22	28.6166	99.5623	100
3:10:18:10	5	15	22	28.6166	99.5623	100
3:10:19:25	5	15	22	28.6166	99.5623	100
3:10:20:35	5	15	22	28.6166	99.5623	100
3:10:21:50	5	15	22	28.6166	99.5623	100
3:10:23:0	5	15	22	28.6166	99.5623	100
3:10:24:15	5	15	22	28.6166	99.5623	100
3:10:25:25	5	15	22	28.6166	99.5623	100
3:10:26:40	5	15	22	28.6166	99.5623	100
3:10:27:55	5	15	22	28.6166	99.5623	100
3:10:29:5	5	15	22	28.6166	99.5623	100
3:10:30:20	5	15	22	28.6166	99.5623	100
3:10:31:30	5	15	22	28.6166	99.5623	100
3:10:32:45	5	15	22	28.6166	99.5623	100
3:10:33:55	5	15	22	28.6166	99.5623	100
3:10:35:10	5	15	22	28.6166	99.5623	100
3:10:36:25	5	15	22	28.6166	99.5623	100
3:10:37:35	5	15	22	28.6166	99.5623	100
3:10:38:50	5	15	22	28.6166	99.5623	100
3:10:40:0	5	15	22	28.6166	99.5623	100
3:10:41:15	5	15	22	28.6166	99.5623	100
3:10:42:25	5	15	22	28.6166	99.5623	100
3:10:43:40	5	15	22	28.6166	99.5623	100
3:10:44:50	5	15	22	28.6166	99.5623	100
3:10:45:10	5	15	22	28.6166	99.5623	100
3:10:45:10	5	15	22	28.6166	99.5623	100
3:10:45:10	5	15	22	28.6166	99.5623	100
3:10:45:10	5	15	22	28.6166	99.5623	100
3:10:45:10	5	15	22	28.6166	99.5623	100
3:10:45:10	5	15	22	28.6166	99.5623	100
3:10:45:10	5	15	22	28.6166	99.5623	100
3:10:45:10	5	15	22	28.6166	99.5623	100
3:10:45:10	5	15	22	28.6166	99.5623	100
3:10:45:10	5	15	22	28.6166	99.5623	100
3:10:45:10	5	15	22	28.6166	99.5623	100
3:10:45:10	5	15	22	28.6166	99.5623	100
3:10:45:10	5	15	22	28.6166	99.5623	100
3:10:45:10	5	15	22	28.6166	99.5623	100
3:10:45:10	5	15	22	28.6166	99.5623	100
3:10:45:10	5	15	22	28.6166	99.5623	100
3:10:45:10	5	15	22	28.6166	99.5623	100
3:10:45:10	5	15	22	28.6166	99.5623	100
3:10:45:10	5	15	22	28.6166	99.5623	100
3:10:45:10	5	15	22	28.6166	99.5623	100
3:10:45:10	5	15	22	28.6166	99.5623	100
3:10:45:10	5	15	22	28.6166	99.5623	100
3:10:45:10	5	15	22	28.6166	99.5623	100
3:10:45:10	5	15	22	28.6166	99.5623	100
3:10:45:10	5	15	22	28.6166	99.5623	100
3:10:45:10	5	15	22	28.6166	99.5623	100
3:10:45:10	5	15	22	28.6166	99.5623	100
3:10:45:10	5	15	22	28.6166	99.5623	100
3:10:45:10	5	15	22	28.6166	99.5623	100
3:10:45:10	5	15	22	28.6166	99.5623	100
3:10:45:10	5	15	22	28.6166	99.5623	100
3:10:45:10	5	15	22	28.6166	99.5623	100
3:10:45:10	5	15	22	28.6166	99.5623	100
3:10:45:10	5	15	22	28.6166	99.5623	100
3:10:45:10	5	15	22	28.6166	99.5623	100
3:10:45:10	5	15	22	28.6166	99.5623	100
3:10:45:10	5	15	22	28.6166	99.5623	100
3:10:45:10	5	15	22	28.6166	99.5623	100
3:10:45:10	5	15	22	28.6166	99.5623	100
3:10:45:10	5	15	22	28.6166	99.5623	100
3:10:45:10	5	15	22	28.6166	99.5623	100
3:10:45:10	5	15	22	28.6166	99.5623	100
3:10:45:10	5	15	22	28.6166	99.5623	100
3:10:45:10	5	15	22	28.6166	99.5623	100
3:10:45:10	5	15	22	28.6166	99.5623	100
3:10:45:10	5	15	22	28.6166	99.5623	100
3:10:45:10	5	15	22	28.6166	99.5623	100
3:10:45:10	5	15	22	28.6166	99.5623	100
3:10:45:10	5	15	22	28.6166	99.5623	100
3:10:45:10	5	15	22	28.6166	99.5623	100
3:10:45:10	5	15	22	28.6166	99.5623	100
3:10:45:10	5	15	22	28.6166	99.5623	100
3:10:45:10	5	15	22	28.6166	99.5623	100
3:10:45:10	5	15	22	28.6166	99.5623	100
3:10:45:10	5	15	22	28.6166	99.5623	100
3:10:45:10	5	15	22	28.6166	99.5623	100
3:10:45:10	5	15	22	28.6166	99.5623	100
3:10:45:10	5	15	22	28.6166	99.5623	100
3:10:45:10	5	15	22	28.6166	99.5623	100
3:10:45:10	5	15	22	28.6166	99.5623	100
3:10:45:10	5	15	22	28.6166	99.5623	100
3:10:45:10	5	15	22	28.6166	99.5623	100
3:10:45:10	5	15	22	28.6166	99.5623	100
3:10:45:10	5	15	22	28.6166	99.5623	100
3:10:45:10	5	15	22	28.6166	99.5623	100
3:10:45:10	5	15	22	28.6166	99.5623	100
3:10:45:10	5	15	22	28.6166	99.5623	100
3:10:45:10	5	15	22	28.6166	99.5623	100
3:10:45:10	5	15	22	28.6166	99.5623	100
3:10:45:10	5	15	22	28.6166	99.5623	100
3:10:45:10	5	15	22	28.6166	99.5623	100
3:10:45:10	5	15	22	28.6166	99.5623	100
3:10:45:10	5	15	22	28.6166	99.5623	100
3:8:1:20	5	15	22	29.9492	99.5172	100
3:8:2:35	5	15	22	29.2917	99.5172	100
3:8:3:45	5	15	22	28.1818	87.5807	87.05799999999982
3:8:5:0	5	15	22	26.67	49.7693	49.11099999999985
3:8:6:15	5	15	22	26.8472	0.0	0
3:8:7:20	5	15	22	26.8472	42.8142	43.31299999999993
3:8:8:35	5	15	22	26.6652	66.3457	66.66299999999994
3:8:9:45	5	15	22	25.531	77.8559	78.15899999999979
3:8:11:0	5	15	22	24.5082	23.6686	23.000999999999806
3:8:12:10	5	15	22	24.7332	0.0	0
3:8:13:25	5	15	22	24.9848	33.0877	33.40500000000009
3:8:14:40	5	15	22	24.6764	63.0715	63.55800000000008
3:8:15:50	5	15	22	23.7615	56.1906	55.63600000000015
3:8:17:5	5	15	22	23.9888	7.1492	6.517000000000195
3:8:18:10	5	15	22	24.0089	35.3697	35.81000000000017
3:8:19:25	5	15	22	23.8854	35.3697	46.02450000000013
3:8:20:40	5	15	22	24.1943	47.0134	47.32350000000014
3:8:21:50	5	15	22	23.4538	78.6998	78.99099999999999
3:8:23:5	5	15	22	23.4538	37.1648	36.58300000000018
3:8:24:15	5	15	22	23.2514	47.1117	47.554500000000175
3:8:25:30	5	15	22	23.1067	41.1751	40.655500000000124
3:8:26:40	5	15	22	23.7642	38.2457	37.79550000000011
3:8:27:55	5	15	22	21.7485	89.6933	90.07750000000004
3:8:29:10	5	15	22	22.0351	0.0	0
3:8:30:20	5	15	22	22.2303	28.437	28.882999999999992
3:8:31:35	5	15	22	22.1566	40.9347	41.289499999999975
3:8:32:45	5	15	22	22.8991	36.7604	36.30600000000006
3:8:34:0	5	15	22	20.8391	89.0373	89.43250000000003
3:8:35:10	5	15	22	21.1437	1.1344	0
3:8:36:25	5	15	22	21.3955	25.4499	25.81750000000005
3:8:37:40	5	15	22	21.505	37.3172	37.638999999999996
3:8:38:50	5	15	22	22.33	40.566	41.022500000000036
3:8:40:5	5	15	22	20.1974	95.3218	95.74999999999997
3:8:41:15	5	15	22	20.5151	1.1935	0
3:8:42:30	5	15	22	20.8099	23.6012	23.889000000000138
3:8:43:40	5	15	22	20.9809	35.2041	35.51200000000003
3:8:44:55	5	15	22	21.881	39.6601	40.05749999999999
3:8:46:5	5	15	22	20.2936	96.6561	97.11400000000012
3:8:47:20	5	15	22	20.6202	0.0	0
3:8:48:35	5	15	22	20.935	21.9902	22.26699999999994
3:8:49:45	5	15	22	21.5466	35.37	35.770999999999816
3:8:51:0	5	15	22	22.297	71.3134	71.68400000000001
3:8:52:10	5	15	22	20.4463	99.6235	100
3:8:53:25	5	15	22	20.7529	0.0	0
3:8:54:30	5	15	22	21.0795	22.6528	22.94699999999997
3:8:55:45	5	15	22	21.7234	37.5595	38.04049999999991
3:8:56:55	5	15	22	22.4576	76.4524	76.87800000000006
3:8:58:10	5	15	22	20.6538	99.5687	100
3:8:59:25	5	15	22	20.9108	0.0	0
3:9:0:35	5	15	22	21.2527	19.8439	20.27799999999985
3:9:1:50	5	15	22	21.9857	37.1401	37.48000000000003
3:9:3:0	5	15	22	22.7704	83.0337	83.34400000000007
3:9:4:15	5	15	22	20.7569	99.5663	100
3:9:5:25	5	15	22	20.9265	1.2335	0
3:9:6:35	5	15	22	21.5636	15.2876	15.72399999999993
3:9:7:45	5	15	22	22.0624	53.689	54.10549999999995
3:9:9:0	5	15	22	22.0624	83.1804	83.6539999999999
3:9:10:15	5	15	22	20.7939	81.9626	81.4719999999999
3:9:11:25	5	15	22	20.8265	1.0679	0
3:9:12:40	5	15	22	21.5497	2.2222	2.5939999999999053
3:9:13:50	5	15	22	22.0539	46.8935	47.18750000000006
3:9:15:5	5	15	22	21.3386	76.1466	76.61399999999986
3:9:16:15	5	15	22	21.4958	25.0763	24.291499999999928
3:9:17:30	5	15	22	21.7452	35.1058	35.56499999999989
3:9:18:45	5	15	22	21.435	49.2737	49.71599999999999
3:9:19:55	5	15	22	21.8284	26.0893	25.480999999999856
3:9:21:10	5	15	22	22.3316	51.3793	51.74499999999984
3:9:22:20	5	15	22	21.3188	83.8384	84.14400000000006
3:9:23:35	5	15	22	21.0506	13.1694	12.389999999999901
3:9:24:45	5	15	22	21.4015	0.0	0
3:9:26:0	5	15	22	21.689	20.6915	21.15699999999995
3:9:27:10	5	15	22	22.1147	36.2591	36.535000000000046
3:9:28:25	5	15	22	21.973	62.9416	63.341499999999975
3:9:29:40	5	15	22	21.4758	52.3648	51.867499999999964
3:9:30:50	5	15	22	21.8436	18.2607	17.637
3:9:32:5	5	15	22	22.2472	42.9016	43.24799999999993
3:9:33:15	5	15	22	21.6732	68.5073	68.87899999999999
3:9:34:30	5	15	22	21.5047	28.4885	27.917000000000115
3:9:35:40	5	15	22	21.9361	17.8564	17.357999999999997
3:9:36:55	5	15	22	22.4182	45.4969	45.922000000000004
3:9:38:10	5	15	22	21.8871	76.9065	77.19249999999994
3:9:39:20	5	15	22	21.8871	40.3431	39.69600000000004
3:9:40:35	5	15	22	21.9952	41.4454	41.787000000000035
3:9:41:45	5	15	22	21.7069	48.3482	48.78950000000006
3:9:43:0	5	15	22	21.8482	28.5321	28.044000000000093
3:9:44:10	5	15	22	21.8482	37.5385	37.91099999999992
3:9:45:20	5	15	22	22.3643	36.8953	36.445499999999925
3:9:46:35	5	15	22	21.7608	71.4685	71.81350000000003
3:9:47:45	5	15	22	21.9784	29.5078	28.8095
3:9:49:0	5	15	22	21.9784	45.5688	45.86300000000006
3:9:50:10	5	15	22	22.0445	45.1884	44.66700000000006
3:9:51:25	5	15	22	21.893	48.8959	49.18599999999997
3:9:52:40	5	15	22	22.9079	38.9584	38.47300000000007
3:9:53:50	5	15	22	20.7497	99.426	100
3:9:55:5	5	15	22	21.1261	0.0	0
3:9:56:15	5	15	22	21.4701	30.3903	30.887500000000028
3:9:57:30	5	15	22	22.1233	48.3515	48.715999999999866
3:9:58:40	5	15	22	23.1156	89.6009	90.0705
3:9:59:55	5	15	22	21.427	99.629	100
3:10:1:5	5	15	22	21.7792	1.234	0
3:10:2:20	5	15	22	22.1369	29.7516	30.231999999999992
3:10:3:35	5	15	22	22.9041	52.1192	52.40600000000008
3:10:4:45	5	15	22	23.7461	99.5498	100
3:10:6:0	5	15	22	22.1695	99.5498	100
3:10:7:10	5	15	22	22.4616	1.2333	0
3:10:8:25	5	15	22	22.8323	28.724	29.177500000000087
3:10:9:40	5	15	22	23.5501	55.5698	55.97400000000004
3:10:10:50	5	15	22	21.1768	99.5822	100
3:10:12:5	5	15	22	21.5599	0.0	0
3:10:13:15	5	15	22	21.8929	34.2289	34.567499999999924
3:10:14:30	5	15	22	22.5248	53.354	53.76150000000006
3:10:15:40	5	15	22	23.5493	95.3112	95.79399999999993
3:10:16:55	5	15	22	21.8968	99.5453	100
3:10:18:5	5	15	22	22.2536	0.0	0
3:10:19:20	5	15	22	22.6106	32.4177	32.72249999999998
3:10:20:35	5	15	22	22.0912	56.8554	57.19650000000018
3:10:21:45	5	15	22	22.326	22.7304	22.106500000000104
3:10:23:0	5	15	22	22.5183	41.2118	41.5955000000001
3:10:24:10	5	15	22	23.1008	55.0856	55.51250000000007
3:10:25:25	5	15	22	22.6734	97.4275	97.91750000000005
3:10:26:35	5	15	22	21.1778	71.1405	70.59100000000014
3:10:27:50	5	15	22	21.601	0.0	0
3:10:29:5	5	15	22	21.8959	32.6813	32.99099999999985
3:10:30:15	5	15	22	22.4668	49.2115	49.522999999999996
3:10:31:30	5	15	22	21.6525	87.0844	87.49099999999987
3:10:32:40	5	15	22	21.9549	30.8038	29.969499999999925
3:10:33:55	5	15	22	21.8242	53.1844	53.47149999999983
3:10:35:5	5	15	22	21.7589	43.0736	42.58500000000001
3:10:36:20	5	15	22	22.3152	38.2663	37.78849999999996
3:10:37:30	5	15	22	22.0523	75.4566	75.85049999999998
3:10:38:45	5	15	22	21.9892	56.7902	56.24199999999985
3:10:40:0	5	15	22	21.8293	53.8513	53.400999999999954
3:10:41:10	5	15	22	21.7497	42.9725	42.469499999999925
3:10:42:25	5	15	22	21.7497	37.291	36.84349999999998
3:10:43:35	5	15	22	22.6727	36.4791	35.98999999999998
3:10:44:50	5	15	22	23.5968	99.0545	99.34849999999986
3:10:46:5	5	15	22	22.7256	99.5146	100
3:10:47:15	5	15	22	22.5202	43.214	42.37949999999987
3:10:48:30	5	15	22	22.7718	36.4626	35.98549999999982
3:10:49:40	5	15	22	22.2105	56.7741	57.225499999999805
3:10:50:55	5	15	22	22.4769	21.0777	20.53549999999985
3:10:52:5	5	15	22	22.4769	42.5482	43.042499999999905
3:10:53:20	5	15	22	23.0352	43.7156	44.0949999999999
3:10:54:35	5	15	22	22.3499	85.0886	85.56049999999985
3:10:55:45	5	15	22	22.5184	40.6954	39.97399999999999
3:10:57:0	5	15	22	22.2274	56.6546	56.94499999999985
3:10:58:10	5	15	22	22.1573	38.794	38.32449999999983
3:10:59:25	5	15	22	22.1573	36.4821	36.009499999999825
3:11:0:40	5	15	22	23.2264	36.7555	37.14649999999982
3:11:1:50	5	15	22	21.7669	99.4053	100
3:11:3:5	5	15	22	22.1771	0.0	0
3:11:4:15	5	15	22	22.5397	34.5023	34.84599999999999
3:11:5:30	5	15	22	21.7969	58.727	59.06250000000002
3:11:6:40	5	15	22	22.2007	8.7266	7.9520000000000906
3:11:7:55	5	15	22	22.2007	38.4337	38.91650000000011
3:11:9:10	5	15	22	22.3815	38.3677	37.90100000000012
3:11:10:20	5	15	22	22.9656	51.1887	51.560499999999976
3:11:11:35	5	15	22	22.228	92.9714	93.45099999999994
3:11:12:45	5	15	22	22.3842	44.4868	43.726500000000144
3:11:14:0	5	15	22	22.0855	59.0202	59.488500000000016
3:11:15:10	5	15	22	21.9856	40.1982	39.71950000000001
3:11:16:25	5	15	22	22.0417	35.1348	34.64750000000014
3:11:17:40	5	15	22	22.1254	38.5149	39.00199999999994
3:11:18:50	5	15	22	22.6859	44.4515	44.78899999999997
3:11:20:5	5	15	22	22.5357	83.7984	84.23250000000004
3:11:21:15	5	15	22	21.6135	74.8795	74.34549999999993
3:11:22:30	5	15	22	21.852	13.934	13.220999999999925
3:11:23:40	5	15	22	22.0354	32.2181	32.59450000000005
3:11:24:55	5	15	22	22.2055	32.2181	43.49999999999997
3:11:26:5	5	15	22	21.8486	54.3855	54.66700000000007
3:11:27:20	5	15	22	22.0544	30.3888	29.8610000000001
3:11:28:35	5	15	22	23.1551	44.8375	45.2945000000001
3:11:29:45	5	15	22	21.4281	99.4813	100
3:11:31:0	5	15	22	21.8725	0.0	0
3:11:32:10	5	15	22	22.2186	36.5025	36.88349999999987
3:11:33:25	5	15	22	22.2186	57.7644	58.25099999999986
3:11:34:35	5	15	22	22.2443	57.7644	57.61349999999986
3:11:35:50	5	15	22	21.9738	60.2311	60.505499999999884
3:11:37:0	5	15	22	22.0179	43.1901	42.663499999999985
3:11:38:15	5	15	22	22.0179	46.4889	46.971999999999994
3:11:39:25	5	15	22	22.668	46.4889	46.840999999999994
3:11:40:40	5	15	22	21.0911	92.1305	92.43749999999989
3:11:41:50	5	15	22	21.5501	0.0	0
3:11:43:5	5	15	22	21.8735	35.1149	35.46999999999997
3:11:44:20	5	15	22	21.7637	53.1947	53.563499999999934
3:11:45:30	5	15	22	22.3889	44.0977	43.62799999999994
3:11:46:45	5	15	22	21.2038	86.2726	86.75949999999992
3:11:47:55	5	15	22	21.6502	3.7048	2.6210000000000235
3:11:49:10	5	15	22	21.9633	35.5199	35.81350000000006
3:11:50:25	5	15	22	21.9633	53.3885	53.74949999999997
3:11:51:35	5	15	22	22.3572	52.4477	52.000499999999974
3:11:52:50	5	15	22	21.6631	78.9936	79.38999999999987
3:11:54:0	5	15	22	21.9097	31.3716	30.61949999999996
3:11:55:15	5	15	22	22.047	49.3041	49.66750000000001
3:11:56:25	5	15	22	22.7458	57.2971	57.593999999999994
3:11:57:40	5	15	22	20.8047	99.5984	100
3:11:58:55	5	15	22	21.2758	0.0	0
3:12:0:5	5	15	22	21.6178	36.3282	36.70599999999999
3:12:1:20	5	15	22	21.6178	54.3045	54.6694999999999
3:12:2:30	5	15	22	22.1331	51.4957	51.048499999999905
3:12:3:45	5	15	22	21.1302	84.8855	85.20849999999989
3:12:4:55	5	15	22	21.5404	14.0668	13.094499999999854
3:12:6:10	5	15	22	21.7493	42.0402	42.474000000000075
3:12:7:20	5	15	22	21.9458	52.2831	52.74800000000006
3:12:8:35	5	15	22	21.9754	63.8965	64.20499999999984
3:12:9:45	5	15	22	21.7042	64.5909	65.0235
3:12:11:0	5	15	22	21.7042	46.2427	45.76849999999997
3:12:12:15	5	15	22	21.6459	46.0981	45.64549999999997
3:12:13:25	5	15	22	21.9568	40.5893	40.08550000000003
3:12:14:40	5	15	22	21.3412	59.9511	60.369500000000045
3:12:15:50	5	15	22	21.7273	16.2221	15.507000000000005
3:12:17:5	5	15	22	21.8131	41.9433	42.31799999999994
3:12:18:15	5	15	22	22.4151	44.6903	45.02999999999987
3:12:19:30	5	15	22	22.9816	44.6903	85.80649999999989
3:12:20:45	5	15	22	21.7023	99.6273	100
3:12:21:55	5	15	22	22.0996	13.6408	12.52450000000006
3:12:23:10	5	15	22	22.229	44.9592	45.243499999999905
3:12:24:20	5	15	22	22.4618	52.3223	52.81299999999994
3:12:25:35	5	15	22	22.2569	69.2797	69.607
3:12:26:45	5	15	22	22.1561	56.874	56.4090000000001
3:12:28:0	5	15	22	22.0096	52.1372	51.66199999999988
3:12:29:10	5	15	22	22.1014	43.159	42.69149999999991
3:12:30:25	5	15	22	22.4558	49.5154	49.898000000000096
3:12:31:40	5	15	22	21.6422	74.4012	74.75399999999996
3:12:32:50	5	15	22	22.0045	19.1336	18.308999999999905
3:12:34:5	5	15	22	22.0045	45.5559	45.948999999999984
3:12:35:15	5	15	22	22.7219	44.667	44.15999999999998
3:12:36:30	5	15	22	22.1126	94.0431	94.40050000000008
3:12:37:40	5	15	22	22.306	52.4667	51.772000000000006
3:12:38:55	5	15	22	21.9737	68.6179	68.91950000000004
3:12:40:10	5	15	22	21.7924	46.6704	46.22150000000004
3:12:41:20	5	15	22	21.8302	35.5676	35.06050000000003
3:12:42:35	5	15	22	22.0653	37.2513	37.57500000000009
3:12:43:45	5	15	22	22.7938	52.4953	52.994000000000035
3:12:45:0	5	15	22	20.5513	99.5533	100
3:12:46:10	5	15	22	20.9606	1.2333	0
3:12:47:25	5	15	22	21.4356	32.317	32.61999999999988
3:12:48:40	5	15	22	21.2805	58.2463	58.62649999999998
3:12:49:50	5	15	22	21.3185	43.0743	42.57249999999991
3:12:51:5	5	15	22	21.3185	42.8679	42.410499999999935
3:12:52:15	5	15	22	21.7687	39.2999	38.81299999999993
3:12:53:30	5	15	22	22.4802	66.5058	66.91949999999986
3:12:54:40	5	15	22	21.7387	99.5604	100
3:12:55:55	5	15	22	21.973	47.591	46.938500000000104
3:12:57:5	5	15	22	21.7908	65.3823	65.74049999999993
3:12:58:20	5	15	22	21.4977	52.1559	51.680000000000064
3:12:59:35	5	15	22	21.6614	31.5239	31.027999999999878
3:13:0:45	5	15	22	21.7202	41.0311	41.44100000000003
3:13:2:0	5	15	22	22.0924	42.7354	43.045499999999876
3:13:3:10	5	15	22	22.9168	67.0682	67.40650000000008
3:13:4:25	5	15	22	22.3469	99.5678	100
3:13:5:35	5	15	22	22.0585	61.2329	60.56900000000022
3:13:6:50	5	15	22	22.2315	45.4746	44.96500000000002
3:13:8:0	5	15	22	21.9817	58.4277	58.809500000000156
3:13:9:15	5	15	22	21.8932	42.0713	41.61600000000011
3:13:10:30	5	15	22	22.1288	37.0637	36.57850000000013
3:13:11:40	5	15	22	21.7518	52.7005	52.979
3:13:12:55	5	15	22	22.0617	26.5325	26.055000000000078
3:13:14:5	5	15	22	21.9771	47.9015	48.391999999999996
3:13:15:20	5	15	22	22.2046	41.6919	41.22900000000011
3:13:16:30	5	15	22	23.3945	57.1892	57.46250000000005
3:13:17:45	5	15	22	22.0121	99.5974	100
3:13:19:0	5	15	22	22.4597	5.1954	4.254999999999967
3:13:20:10	5	15	22	22.7498	42.1697	42.559500000000064
3:13:21:25	5	15	22	22.5346	62.4758	62.92699999999999
3:13:22:35	5	15	22	21.7303	50.6815	50.161500000000046
3:13:23:50	5	15	22	22.2013	0.0	0
3:13:25:0	5	15	22	22.4649	35.2847	35.643000000000015
3:13:26:15	5	15	22	22.8842	52.4129	52.74650000000003
3:13:27:25	5	15	22	22.5605	82.6118	83.10400000000001
3:13:28:40	5	15	22	21.3143	63.2533	62.7695000000001
3:13:29:55	5	15	22	21.7882	0.0	0
3:13:31:5	5	15	22	22.028	35.6111	35.97550000000004
3:13:32:20	5	15	22	22.028	48.9349	49.332999999999956
3:13:33:30	5	15	22	22.5716	48.7593	48.27399999999996
3:13:34:40	5	15	22	21.4314	86.0699	86.46600000000005
3:13:35:55	5	15	22	21.8715	7.6241	6.79200000000003
3:13:37:5	5	15	22	22.1851	40.1502	40.45700000000011
3:13:38:20	5	15	22	21.9288	59.1627	59.56599999999993
3:13:39:30	5	15	22	21.4384	41.4506	40.98249999999997
3:13:40:45	5	15	22	21.8847	8.1957	7.58000000000014
3:13:41:55	5	15	22	22.4614	37.9813	38.46499999999995
3:13:43:10	5	15	22	22.4614	75.6237	76.02600000000012
3:13:44:25	5	15	22	21.8896	75.6237	75.44950000000011
3:13:45:35	5	15	22	22.1427	38.384	37.73050000000015
3:13:46:50	5	15	22	21.9594	57.3528	57.75450000000015
3:13:48:0	5	15	22	21.8871	44.8379	44.37149999999997
3:13:49:15	5	15	22	21.9446	40.485	40.024000000000086
3:13:50:25	5	15	22	21.9446	43.4545	43.846000000000146
3:13:51:40	5	15	22	21.8712	43.4545	43.28150000000015
3:13:52:55	5	15	22	22.4801	38.3551	37.866500000000194
3:13:54:5	5	15	22	21.9307	79.7404	80.21250000000009
3:13:55:20	5	15	22	21.6514	41.6688	41.1105000000002
3:13:56:30	5	15	22	22.2077	24.4885	23.960000000000008
3:13:57:45	5	15	22	21.7161	62.1506	62.55450000000003
3:13:58:55	5	15	22	21.927	27.0329	26.399500000000145
3:14:0:10	5	15	22	22.0811	41.7262	42.20100000000005
3:14:1:25	5	15	22	23.4075	51.1638	51.56850000000003
3:14:2:35	5	15	22	22.3596	99.5408	100
3:14:3:50	5	15	22	22.7217	27.8389	27.052500000000094
3:14:5:0	5	15	22	22.7217	59.1528	59.436999999999955
3:14:6:15	5	15	22	22.3352	60.9071	61.23499999999996
3:14:7:25	5	15	22	22.08	38.388	37.788500000000084
3:14:8:40	5	15	22	22.4033	24.098	23.53299999999993
3:14:9:50	5	15	22	22.2672	47.5235	47.84000000000016
3:14:11:5	5	15	22	22.6759	39.1689	38.71299999999997
3:14:12:15	5	15	22	23.4349	68.8596	69.33849999999995
3:14:13:30	5	15	22	22.6026	99.5913	100
3:14:14:45	5	15	22	22.8591	45.7835	45.11849999999998
3:14:15:55	5	15	22	22.572	69.915	70.24800000000016
3:14:17:10	5	15	22	22.3315	53.6799	53.16399999999999
3:14:18:20	5	15	22	22.2482	41.0911	40.62449999999994
3:14:19:30	5	15	22	22.467	38.1715	37.65350000000009
3:14:20:40	5	15	22	22.0334	54.3271	54.62699999999995
3:14:21:55	5	15	22	22.3179	26.0841	25.516000000000066
3:14:23:10	5	15	22	22.3179	47.2818	47.76600000000015
3:14:24:20	5	15	22	22.876	47.5514	47.93300000000015
3:14:25:35	5	15	22	20.9854	88.1324	88.58950000000013
3:14:26:45	5	15	22	21.4452	1.1259	0
3:14:28:0	5	15	22	21.7907	36.2114	36.5660000000001
3:14:29:10	5	15	22	21.8814	55.2729	55.67800000000018
3:14:30:25	5	15	22	22.3573	58.9737	59.25300000000006
3:14:31:40	5	15	22	21.4998	91.2179	91.51950000000002
3:14:32:50	5	15	22	21.7671	31.7659	30.901500000000148
3:14:34:5	5	15	22	21.8191	50.9879	51.39900000000006
3:14:35:15	5	15	22	21.6337	52.1574	52.53800000000003
3:14:36:30	5	15	22	21.499	38.8722	38.39550000000018
3:14:37:40	5	15	22	21.7504	28.5545	28.06200000000002
3:14:38:55	5	15	22	22.2316	43.3531	43.82850000000005
3:14:40:5	5	15	22	23.1507	74.7222	75.00750000000012
3:14:41:20	5	15	22	20.9031	99.537	100
3:14:42:35	5	15	22	21.3686	0.0	0
3:14:43:45	5	15	22	21.6088	37.9308	38.33850000000016
3:14:45:0	5	15	22	21.7007	49.3687	49.668000000000006
3:14:46:10	5	15	22	21.5642	52.5121	52.94400000000019
3:14:47:25	5	15	22	21.2416	41.9304	41.433000000000064
3:14:48:35	5	15	22	21.6577	17.8828	17.354499999999977
3:14:49:50	5	15	22	21.7036	43.9179	44.30249999999998
3:14:51:5	5	15	22	22.0066	43.9179	43.72350000000019
3:14:52:15	5	15	22	22.7588	62.8226	63.221999999999994
3:14:53:30	5	15	22	22.5169	99.5121	100
3:14:54:40	5	15	22	22.2663	83.5515	83.09999999999991
3:14:55:55	5	15	22	22.0146	69.8344	69.352
3:14:57:5	5	15	22	21.8449	54.8962	54.31750000000003
3:14:58:20	5	15	22	21.8288	44.2668	43.76999999999987
3:14:59:35	5	15	22	21.8288	43.1853	42.716000000000015
3:15:0:45	5	15	22	21.8288	42.4895	41.940500000000014
3:15:2:0	5	15	22	22.3652	41.5799	41.08450000000002
3:15:3:10	5	15	22	21.7216	77.408	77.77650000000006
3:15:4:25	5	15	22	20.6353	32.4733	31.868499999999855
3:15:5:35	5	15	22	21.0917	0.0	0
3:15:6:50	5	15	22	21.4346	30.0673	30.555999999999894
3:15:8:5	5	15	22	21.5028	47.3945	47.73549999999992
3:15:9:15	5	15	22	21.4174	47.6421	47.967999999999975
3:15:10:30	5	15	22	21.5075	39.6721	39.16299999999998
3:15:11:40	5	15	22	21.4938	42.5906	42.98399999999996
3:15:12:55	5	15	22	21.5294	39.5703	39.11199999999996
3:15:14:5	5	15	22	21.6096	39.5703	39.14149999999987
3:15:15:20	5	15	22	22.8705	41.7458	42.22449999999997
3:15:16:35	5	15	22	21.8311	99.6075	100
3:15:17:45	5	15	22	22.1713	26.286	25.289999999999964
3:15:19:0	5	15	22	22.3245	53.0543	53.45649999999992
3:15:20:10	5	15	22	22.0388	62.9007	63.33600000000004
3:15:21:25	5	15	22	21.514	44.6666	44.19349999999989
3:15:22:35	5	15	22	21.9063	9.6178	9.079999999999956
3:15:23:50	5	15	22	22.0785	36.3342	36.73500000000011
3:15:25:5	5	15	22	22.7181	45.9416	46.35899999999987
3:15:26:15	5	15	22	22.9658	90.3717	90.66249999999998
3:15:27:30	5	15	22	22.0568	99.5206	100
3:15:28:40	5	15	22	22.2665	40.8178	39.960499999999826
3:15:29:55	5	15	22	22.1469	59.0924	59.46849999999994
3:15:31:5	5	15	22	21.9396	51.87	51.3804999999998
3:15:32:20	5	15	22	21.5976	51.87	38.2019999999998
3:15:33:35	5	15	22	21.9452	15.5429	14.99649999999988
3:15:34:45	5	15	22	22.012	38.7186	39.02649999999987
3:15:36:0	5	15	22	22.6356	41.3725	41.690499999999915
3:15:37:10	5	15	22	23.1807	84.7911	85.06849999999989
3:15:38:25	5	15	22	21.2893	99.6112	100
3:15:39:35	5	15	22	21.6948	1.2339	0
3:15:40:50	5	15	22	21.9482	33.9776	34.288500000000006
3:15:42:0	5	15	22	21.8974	48.0364	48.472999999999956
3:15:43:15	5	15	22	21.9121	43.846	43.39100000000004
3:15:44:30	5	15	22	21.7343	43.846	44.16099999999988
3:15:45:40	5	15	22	21.8729	31.664	31.202000000000044
3:15:46:55	5	15	22	22.3466	40.1322	40.46450000000006
3:15:48:5	5	15	22	23.0679	72.0004	72.29499999999987
3:15:49:20	5	15	22	20.8928	99.6325	100
3:15:50:30	5	15	22	21.2958	1.2341	0
3:15:51:45	5	15	22	21.5431	33.2521	33.54949999999992
3:15:52:55	5	15	22	21.486	45.0085	45.324499999999865
3:15:54:10	5	15	22	21.5001	45.0085	37.80649999999998
3:15:55:20	5	15	22	22.7206	36.9592	36.508999999999915
3:15:56:35	5	15	22	21.4462	99.4072	100
3:15:57:50	5	15	22	21.8091	9.2044	8.292500000000004
3:15:59:0	5	15	22	22.1103	36.8727	37.29849999999999
3:16:0:15	5	15	22	22.1103	55.2342	55.613499999999846
3:16:1:25	5	15	22	21.4199	55.1562	54.65899999999985
3:16:2:40	5	15	22	21.7721	7.5057	6.882499999999823
3:16:3:50	5	15	22	21.9493	31.752	32.08799999999981
3:16:5:5	5	15	22	22.5004	41.187	41.59149999999999
3:16:6:20	5	15	22	22.5892	78.6304	79.02899999999985
3:16:7:30	5	15	22	22.2028	84.6456	84.99150000000004
3:16:8:45	5	15	22	22.084	60.9702	60.44549999999991
3:16:9:55	5	15	22	21.9612	55.5728	55.075499999999906
3:16:11:10	5	15	22	21.8302	47.9924	47.49350000000004
3:16:12:20	5	15	22	21.6085	39.2722	38.743500000000026
3:16:13:35	5	15	22	21.8638	23.4798	23.030499999999893
3:16:14:50	5	15	22	21.8638	39.7506	40.05250000000003
3:16:16:0	5	15	22	22.3937	38.5785	38.09500000000003
3:16:17:15	5	15	22	22.6965	74.1435	74.50699999999988
3:16:18:25	5	15	22	21.7243	94.5665	95.02199999999998
3:16:19:40	5	15	22	21.9197	29.6767	28.93649999999991
3:16:20:50	5	15	22	21.8987	45.8005	46.096999999999866
3:16:22:5	5	15	22	21.8987	43.7669	43.24850000000006
3:16:23:20	5	15	22	23.0152	43.2941	42.84700000000005
3:16:24:30	5	15	22	21.8496	99.4668	100
3:16:25:45	5	15	22	22.1513	18.7491	17.901499999999913
3:16:26:55	5	15	22	22.2994	43.7409	44.096499999999935
3:16:28:10	5	15	22	22.1404	53.2979	53.71149999999989
3:16:29:20	5	15	22	21.616	43.8849	43.33799999999996
3:16:30:35	5	15	22	21.9238	8.7598	8.126999999999953
3:16:31:50	5	15	22	22.0527	29.8932	30.37499999999997
3:16:33:0	5	15	22	22.5405	37.0134	37.47800000000008
3:16:34:15	5	15	22	23.0973	70.9106	71.24300000000008
3:16:35:25	5	15	22	21.4944	99.6182	100
3:16:36:40	5	15	22	21.8222	0.0	0
3:16:37:50	5	15	22	22.0416	27.9981	28.432499999999994
3:16:39:5	5	15	22	22.0416	40.8872	41.2625
3:16:40:15	5	15	22	22.5252	40.8872	40.37349999999999
3:16:41:30	5	15	22	23.0147	40.8872	74.43350000000018
3:16:42:40	5	15	22	21.9082	99.4436	100
3:16:43:55	5	15	22	22.0013	26.1681	25.170999999999978
3:16:45:10	5	15	22	22.1671	36.3046	36.76149999999997
3:16:46:20	5	15	22	23.1599	47.6158	47.90850000000003
3:16:47:35	5	15	22	21.6131	99.5074	100
3:16:48:45	5	15	22	21.9201	1.2329	0
3:16:50:0	5	15	22	22.1835	26.9158	27.289500000000153
3:16:51:10	5	15	22	22.2739	43.4802	43.79299999999995
3:16:52:25	5	15	22	22.6021	43.4802	49.721500000000134
3:16:53:40	5	15	22	21.9723	73.1351	73.61300000000006
3:16:54:50	5	15	22	22.103	31.5909	30.896500000000103
3:16:56:5	5	15	22	22.2014	42.7702	43.05600000000017
3:16:57:15	5	15	22	21.9842	49.3942	49.80550000000004
3:16:58:30	5	15	22	23.0212	35.5999	35.116500000000165
3:16:59:40	5	15	22	21.4077	99.3944	100
3:17:0:55	5	15	22	21.6899	0.0	0
3:17:2:5	5	15	22	21.962	24.5169	24.86000000000022
3:17:3:20	5	15	22	22.4074	40.6487	40.94550000000009
3:17:4:35	5	15	22	23.2646	70.1004	70.57300000000005
3:17:5:45	5	15	22	21.4395	99.6076	100
3:17:7:0	5	15	22	21.6896	0.0	0
3:17:8:10	5	15	22	21.9567	23.5132	23.82999999999999
3:17:9:25	5	15	22	22.6046	39.4355	39.72450000000018
3:17:10:35	5	15	22	23.5807	83.2429	83.52550000000016
3:17:11:50	5	15	22	22.2083	99.5717	100
3:17:13:0	5	15	22	22.3696	8.1231	6.955000000000084
3:17:14:15	5	15	22	22.6013	25.7957	26.149499999999883
3:17:15:25	5	15	22	22.4604	43.0709	43.40999999999989
3:17:16:40	5	15	22	22.831	35.8835	35.39499999999999
3:17:17:55	5	15	22	23.4553	63.9084	64.34349999999995
3:17:19:5	5	15	22	21.9439	99.5263	100
3:17:20:20	5	15	22	21.7294	0.0	0
3:17:21:30	5	15	22	21.9832	0.0	0
3:17:22:45	5	15	22	22.1761	17.151	17.485500000000123
3:17:23:55	5	15	22	22.252	29.299	29.635500000000228
3:17:25:10	5	15	22	22.6143	34.3707	34.864500000000035
3:17:26:25	5	15	22	22.2894	60.7149	61.10600000000012
3:17:27:35	5	15	22	22.3027	40.1959	39.62300000000015
3:17:28:50	5	15	22	22.1478	43.2065	43.625500000000216
3:17:30:0	5	15	22	22.2464	34.6884	34.22950000000012
3:17:31:15	5	15	22	22.0604	42.3713	42.64500000000021
3:17:32:25	5	15	22	22.8567	30.8784	30.364000000000214
3:17:33:40	5	15	22	21.6289	86.8913	87.33700000000013
3:17:34:55	5	15	22	21.8551	2.565	1.6930000000002394
3:17:36:5	5	15	22	22.0718	21.4132	21.810500000000143
3:17:37:20	5	15	22	22.5979	34.7264	35.12400000000011
3:17:38:30	5	15	22	23.3695	70.8525	71.22650000000007
3:17:39:45	5	15	22	22.4674	70.8525	100
3:17:40:55	5	15	22	22.3913	40.3494	39.842500000000186
3:17:42:10	5	15	22	22.3913	40.9886	41.363000000000156
3:17:43:25	5	15	22	22.6534	43.2062	43.70000000000016
3:17:44:35	5	15	22	23.2915	63.5509	64.00350000000017
3:17:45:50	5	15	22	21.094	99.5217	100
3:17:47:0	5	15	22	21.2504	1.233	0
3:17:48:15	5	15	22	21.4837	17.0739	17.405499999999847
3:17:49:30	5	15	22	21.765	28.8875	29.206499999999842
3:17:50:40	5	15	22	22.2242	44.8587	45.149499999999954
3:17:51:55	5	15	22	21.9615	74.2412	74.71199999999989
3:17:53:5	5	15	22	21.5332	55.6946	55.147999999999975
3:17:54:20	5	15	22	21.6038	26.7836	26.287999999999965
3:17:55:35	5	15	22	21.9483	30.7212	31.03749999999989
3:17:56:45	5	15	22	22.4287	52.3195	52.8184999999999
3:17:58:0	5	15	22	21.6291	84.1712	84.46549999999986
3:17:59:10	5	15	22	21.4737	29.0582	28.235
3:18:0:25	5	15	22	21.7476	19.9701	19.50049999999998
3:18:1:35	5	15	22	21.9161	36.5072	36.81899999999982
3:18:2:50	5	15	22	22.3557	45.6033	45.98249999999994
3:18:4:0	5	15	22	21.8882	75.0208	75.49249999999984
3:18:5:15	5	15	22	21.0115	75.0208	42.348000000000006
3:18:6:25	5	15	22	20.6834	1.0026	0
3:18:7:40	5	15	22	20.8828	0.0	0
3:18:8:55	5	15	22	21.0802	8.6682	9.015500000000056
3:18:10:5	5	15	22	21.3198	15.7861	16.250500000000176
3:18:11:20	5	15	22	21.8669	27.1415	27.43650000000013
3:18:12:30	5	15	22	21.4974	60.8064	61.134500000000166
3:18:13:45	5	15	22	21.5625	32.3615	31.86850000000002
3:18:14:55	5	15	22	21.5625	35.3614	35.7600000000001
3:18:16:10	5	15	22	21.952	33.7926	33.24700000000009
3:18:17:25	5	15	22	22.814	57.988	58.324500000000214
3:18:18:35	5	15	22	20.8073	99.6049	100
3:18:19:45	5	15	22	21.0079	0.0	0
3:18:20:55	5	15	22	21.196	17.7552	18.111999999999853
3:18:22:10	5	15	22	21.466	24.8533	25.31550000000001
3:18:23:20	5	15	22	22.1159	38.823	39.25499999999998
3:18:24:35	5	15	22	20.9663	80.255	80.7279999999999
3:18:25:50	5	15	22	21.1501	0.0	0
3:18:27:0	5	15	22	21.3397	13.0612	13.445499999999857
3:18:28:15	5	15	22	21.5007	21.2384	21.549000000000014
