1:1:29:15	5	4	24	12.1938	70.4814	70.4814
1:1:30:20	5	4	24	12.1938	70.4814	70.4814
1:1:31:30	5	4	24	12.1938	70.4814	70.4814
1:1:32:35	5	4	24	12.1938	70.4814	70.4814
1:1:33:40	5	4	24	12.1938	70.4814	70.4814
1:1:34:50	5	4	24	12.1938	70.4814	70.4814
1:1:35:55	5	4	24	12.1938	70.4814	70.4814
1:1:37:5	5	4	24	12.0902	70.4814	70.4814
1:1:38:10	5	4	24	12.0902	70.4814	70.4814
1:1:39:15	5	4	24	12.0902	70.4814	70.4814
1:1:40:25	5	4	24	12.0902	70.4814	70.4814
1:1:41:30	5	4	24	12.0902	70.4814	70.4814
1:1:42:40	5	4	24	12.0902	70.4814	70.4814
1:1:43:45	5	4	24	12.0902	70.4814	70.4814
1:1:44:50	5	4	24	11.9988	70.4814	70.4814
1:1:46:0	5	4	24	11.9988	70.4814	70.4814
1:1:47:5	5	4	24	11.9988	70.4814	70.4814
1:1:48:10	5	4	24	11.9988	70.4814	70.4814
1:1:49:20	5	4	24	11.9988	70.4814	70.4814
1:1:50:25	5	4	24	11.9988	70.4814	70.4814
1:1:51:35	5	4	24	11.9988	70.4814	70.4814
1:1:52:40	5	4	24	11.9988	70.4814	70.4814
1:1:53:45	5	4	24	11.9988	70.4814	70.4814
1:1:54:55	5	4	24	11.9988	70.4814	70.4814
1:1:56:0	5	4	24	11.8898	70.4814	70.4814
1:1:57:5	5	4	24	11.8898	70.4814	70.4814
1:1:58:15	5	4	24	11.8898	70.4814	70.4814
1:1:59:20	5	4	24	11.8898	70.4814	70.4814
1:2:0:25	5	4	24	11.8898	70.4814	70.4814
1:2:1:35	5	4	24	11.8898	70.4814	70.4814
1:2:2:40	5	4	24	11.8898	70.4814	70.4814
1:2:3:45	5	4	24	11.8898	70.4814	70.4814
1:2:4:55	5	4	24	11.8898	70.4814	70.4814
1:2:6:0	5	4	24	11.8898	70.4814	70.4814
1:2:7:10	5	4	24	11.8898	70.4814	70.4814
1:2:8:15	5	4	24	11.7946	70.4814	70.4814
1:2:9:20	5	4	24	11.7946	70.4814	70.4814
1:2:10:30	5	4	24	11.7946	70.4814	70.4814
1:2:11:35	5	4	24	11.7946	70.4814	70.4814
1:2:12:40	5	4	24	11.7946	70.4814	70.4814
1:2:13:50	5	4	24	11.7946	70.4814	70.4814
1:2:14:55	5	4	24	11.7946	70.4814	70.4814
1:2:16:0	5	4	24	11.7946	70.4814	70.4814
1:2:17:10	5	4	24	11.7946	70.4814	70.4814
1:2:18:15	5	4	24	11.7946	70.4814	70.4814
1:2:19:25	5	4	24	11.7946	70.4814	70.4814
1:2:20:30	5	4	24	11.6898	70.4814	70.4814
1:2:21:35	5	4	24	11.6898	70.4814	70.4814
1:2:22:45	5	4	24	11.6898	70.4814	70.4814
1:2:23:50	5	4	24	11.6898	70.4814	70.4814
1:2:24:55	5	4	24	11.6898	70.4814	70.4814
1:2:26:5	5	4	24	11.6898	70.4814	70.4814
1:2:27:10	5	4	24	11.6898	70.4814	70.4814
1:2:28:15	5	4	24	11.6898	70.4814	70.4814
1:2:29:25	5	4	24	11.6898	70.4814	70.4814
1:2:30:30	5	4	24	11.6898	70.4814	70.4814
1:2:31:40	5	4	24	11.6898	70.4814	70.4814
1:2:32:45	5	4	24	11.5877	70.4814	70.4814
1:2:33:50	5	4	24	11.5877	70.4814	70.4814
1:2:35:0	5	4	24	11.5877	70.4814	70.4814
1:2:36:5	5	4	24	11.5877	70.4814	70.4814
1:2:37:10	5	4	24	11.5877	70.4814	70.4814
1:2:38:20	5	4	24	11.5877	70.4814	70.4814
1:2:39:25	5	4	24	11.492	70.4814	70.4814
1:2:40:35	5	4	24	11.492	70.4814	70.4814
1:2:41:40	5	4	24	11.492	70.4814	70.4814
1:2:42:45	5	4	24	11.492	70.4814	70.4814
1:2:43:55	5	4	24	11.492	70.4814	70.4814
1:2:45:0	5	4	24	11.492	70.4814	70.4814
1:2:46:5	5	4	24	11.492	70.4814	70.4814
1:2:47:15	5	4	24	11.492	70.4814	70.4814
1:2:48:20	5	4	24	11.492	70.4814	70.4814
1:2:49:30	5	4	24	11.492	70.4814	70.4814
1:2:50:35	5	4	24	11.492	70.4814	70.4814
1:2:51:40	5	4	24	11.492	70.4814	70.4814
1:2:52:50	5	4	24	11.3985	70.4814	70.4814
1:2:53:55	5	4	24	11.3985	70.4814	70.4814
1:2:55:0	5	4	24	11.3985	70.4814	70.4814
1:2:56:10	5	4	24	11.3985	70.4814	70.4814
1:2:57:15	5	4	24	11.3985	70.4814	70.4814
1:2:58:25	5	4	24	11.3985	70.4814	70.4814
1:2:59:30	5	4	24	11.3985	70.4814	70.4814
1:3:0:35	5	4	24	11.3985	70.4814	70.4814
1:3:1:45	5	4	24	11.3985	70.4814	70.4814
1:3:2:50	5	4	24	11.3985	70.4814	70.4814
1:3:3:55	5	4	24	11.3985	70.4814	70.4814
1:3:5:5	5	4	24	11.3985	70.4814	70.4814
1:3:6:10	5	4	24	11.3985	70.4814	70.4814
1:3:7:20	5	4	24	11.2897	70.4814	70.4814
1:3:8:25	5	4	24	11.2897	70.4814	70.4814
1:3:9:30	5	4	24	11.2897	70.4814	70.4814
1:3:10:40	5	4	24	11.2897	70.4814	70.4814
1:3:11:45	5	4	24	11.2897	70.4814	70.4814
1:3:12:50	5	4	24	11.2897	70.4814	70.4814
1:3:14:0	5	4	24	11.2897	70.4814	70.4814
1:3:15:5	5	4	24	11.2897	70.4814	70.4814
1:3:16:10	5	4	24	11.2897	70.4814	70.4814
1:3:17:20	5	4	24	11.2897	70.4814	70.4814
1:3:18:25	5	4	24	11.2897	70.4814	70.4814
1:3:19:35	5	4	24	11.2897	70.4814	70.4814
1:3:20:40	5	4	24	11.1995	70.4814	70.4814
1:3:21:45	5	4	24	11.1995	70.4814	70.4814
1:3:22:55	5	4	24	11.1995	70.4814	70.4814
1:3:24:0	5	4	24	11.1995	70.4814	70.4814
1:3:25:5	5	4	24	11.1995	70.4814	70.4814
1:3:26:15	5	4	24	11.1995	70.4814	70.4814
1:3:27:20	5	4	24	11.1995	70.4814	70.4814
1:3:28:25	5	4	24	11.1995	70.4814	70.4814
1:3:29:35	5	4	24	11.1995	70.4814	70.4814
1:3:30:40	5	4	24	11.1995	70.4814	70.4814
1:3:31:50	5	4	24	11.1995	70.4814	70.4814
1:3:32:55	5	4	24	11.1995	70.4814	70.4814
1:3:34:0	5	4	24	11.1995	70.4814	70.4814
1:3:35:10	5	4	24	11.1995	70.4814	70.4814
1:3:36:15	5	4	24	11.0951	70.4814	70.4814
1:3:37:20	5	4	24	11.0951	70.4814	70.4814
1:3:38:30	5	4	24	11.0951	70.4814	70.4814
1:3:39:35	5	4	24	11.0951	70.4814	70.4814
1:3:40:45	5	4	24	11.0951	70.4814	70.4814
1:3:41:50	5	4	24	11.0951	70.4814	70.4814
1:3:42:55	5	4	24	11.0951	70.4814	70.4814
1:3:44:5	5	4	24	11.0951	70.4814	70.4814
1:3:45:10	5	4	24	11.0951	70.4814	70.4814
1:3:46:15	5	4	24	11.0951	70.4814	70.4814
1:3:47:25	5	4	24	11.0951	70.4814	70.4814
1:3:48:30	5	4	24	11.0951	70.4814	70.4814
1:3:49:35	5	4	24	11.0951	70.4814	70.4814
1:3:50:45	5	4	24	11.0951	70.4814	70.4814
1:3:51:50	5	4	24	11.0951	70.4814	70.4814
1:3:53:0	5	4	24	11.0951	70.4814	70.4814
1:3:54:5	5	4	24	10.9985	70.4814	70.4814
1:3:55:10	5	4	24	10.9985	70.4814	70.4814
1:3:56:20	5	4	24	10.9985	70.4814	70.4814
1:3:57:25	5	4	24	10.9985	70.4814	70.4814
1:3:58:30	5	4	24	10.9985	70.4814	70.4814
1:3:59:40	5	4	24	10.9985	70.4814	70.4814
1:4:0:45	5	4	24	10.9985	70.4814	70.4814
1:4:1:50	5	4	24	10.9985	70.4814	70.4814
1:4:3:0	5	4	24	10.9985	70.4814	70.4814
1:4:4:5	5	4	24	10.9985	70.4814	70.4814
1:4:5:15	5	4	24	10.9985	70.4814	70.4814
1:4:6:20	5	4	24	10.9985	70.4814	70.4814
1:4:7:25	5	4	24	10.9985	70.4814	70.4814
1:4:8:35	5	4	24	10.9985	70.4814	70.4814
1:4:9:40	5	4	24	10.9985	70.4814	70.4814
1:4:10:45	5	4	24	10.9985	70.4814	70.4814
1:4:11:55	5	4	24	10.9985	70.4814	70.4814
1:4:13:0	5	4	24	10.9985	70.4814	70.4814
1:4:14:5	5	4	24	10.9985	70.4814	70.4814
1:4:15:15	5	4	24	10.9985	70.4814	70.4814
1:4:16:20	5	4	24	10.9985	70.4814	70.4814
1:4:17:25	5	4	24	10.9985	70.4814	70.4814
1:4:18:35	5	4	24	10.9985	70.4814	70.4814
1:4:19:40	5	4	24	10.9985	70.4814	70.4814
1:4:20:50	5	4	24	10.9985	70.4814	70.4814
1:4:21:55	5	4	24	10.9985	70.4814	70.4814
1:4:23:0	5	4	24	10.9985	70.4814	70.4814
1:4:24:10	5	4	24	10.9985	70.4814	70.4814
1:4:25:15	5	4	24	10.8992	70.4814	70.4814
1:4:26:20	5	4	24	10.8992	70.4814	70.4814
1:4:27:30	5	4	24	10.8992	70.4814	70.4814
1:4:28:35	5	4	24	10.8992	70.4814	70.4814
1:4:29:40	5	4	24	10.8992	70.4814	70.4814
1:4:30:50	5	4	24	10.8992	70.4814	70.4814
1:4:31:55	5	4	24	10.8992	70.4814	70.4814
1:4:33:5	5	4	24	10.8992	70.4814	70.4814
1:4:34:10	5	4	24	10.8992	70.4814	70.4814
1:4:35:15	5	4	24	10.8992	70.4814	70.4814
1:4:36:25	5	4	24	10.8992	70.4814	70.4814
1:4:37:30	5	4	24	10.8992	70.4814	70.4814
1:4:38:35	5	4	24	10.8992	70.4814	70.4814
1:4:39:45	5	4	24	10.8992	70.4814	70.4814
1:4:40:50	5	4	24	10.8992	70.4814	70.4814
1:4:41:55	5	4	24	10.8992	70.4814	70.4814
1:4:43:5	5	4	24	10.8992	70.4814	70.4814
1:4:44:10	5	4	24	10.8992	70.4814	70.4814
1:4:45:15	5	4	24	10.8992	70.4814	70.4814
1:4:46:25	5	4	24	10.8992	70.4814	70.4814
1:4:47:30	5	4	24	10.8992	70.4814	70.4814
1:4:48:40	5	4	24	10.8992	70.4814	70.4814
1:4:49:45	5	4	24	10.8992	70.4814	70.4814
1:4:50:50	5	4	24	10.8992	70.4814	70.4814
1:4:52:0	5	4	24	10.8992	70.4814	70.4814
1:4:53:5	5	4	24	10.8992	70.4814	70.4814
1:4:54:10	5	4	24	10.8992	70.4814	70.4814
1:4:55:20	5	4	24	10.8992	70.4814	70.4814
1:4:56:25	5	4	24	10.8992	70.4814	70.4814
1:4:57:30	5	4	24	10.8992	70.4814	70.4814
1:4:58:40	5	4	24	10.8992	70.4814	70.4814
1:4:59:45	5	4	24	10.8992	70.4814	70.4814
1:5:0:50	5	4	24	10.8992	70.4814	70.4814
1:5:2:0	5	4	24	10.8992	70.4814	70.4814
1:5:3:5	5	4	24	10.8992	70.4814	70.4814
1:5:4:15	5	4	24	10.8992	70.4814	70.4814
1:5:5:20	5	4	24	10.8992	70.4814	70.4814
1:5:6:25	5	4	24	10.8992	70.4814	70.4814
1:5:7:35	5	4	24	10.8992	70.4814	70.4814
1:5:8:40	5	4	24	10.8992	70.4814	70.4814
1:5:9:45	5	4	24	10.8992	70.4814	70.4814
1:5:10:55	5	4	24	10.8992	70.4814	70.4814
1:5:12:0	5	4	24	10.8992	70.4814	70.4814
1:5:13:5	5	4	24	10.8992	70.4814	70.4814
1:5:14:15	5	4	24	10.8992	70.4814	70.4814
1:5:15:20	5	4	24	10.8992	70.4814	70.4814
1:5:16:30	5	4	24	10.8992	70.4814	70.4814
1:5:17:35	5	4	24	10.8992	70.4814	70.4814
1:5:18:40	5	4	24	10.8992	70.4814	70.4814
1:5:19:50	5	4	24	10.8992	70.4814	70.4814
1:5:20:55	5	4	24	10.8992	70.4814	70.4814
1:5:22:0	5	4	24	10.8992	70.4814	70.4814
1:5:23:10	5	4	24	10.8992	70.4814	70.4814
1:5:24:15	5	4	24	10.8992	70.4814	70.4814
1:5:25:25	5	4	24	10.8992	70.4814	70.4814
1:5:26:30	5	4	24	10.8992	70.4814	70.4814
1:5:27:35	5	4	24	10.8992	70.4814	70.4814
1:5:28:45	5	4	24	10.8992	70.4814	70.4814
1:5:29:50	5	4	24	10.8992	70.4814	70.4814
1:5:30:55	5	4	24	10.8992	70.4814	70.4814
1:5:32:5	5	4	24	10.8992	70.4814	70.4814
1:5:33:10	5	4	24	10.8992	70.4814	70.4814
1:5:34:15	5	4	24	10.8992	70.4814	70.4814
1:5:35:25	5	4	24	10.9014	70.4814	70.4814
1:5:36:30	5	4	24	10.9014	70.4814	70.4814
1:5:37:40	5	4	24	10.9014	70.4814	70.4814
1:5:38:45	5	4	24	10.9014	70.4814	70.4814
1:5:39:50	5	4	24	10.9014	70.4814	70.4814
1:5:41:0	5	4	24	10.9014	70.4814	70.4814
1:5:42:5	5	4	24	10.9014	70.4814	70.4814
1:5:43:10	5	4	24	10.9014	70.4814	70.4814
1:5:44:20	5	4	24	10.9014	70.4814	70.4814
1:5:45:25	5	4	24	10.9014	70.4814	70.4814
1:5:46:35	5	4	24	10.9014	70.4814	70.4814
1:5:47:40	5	4	24	10.9014	70.4814	70.4814
1:5:48:45	5	4	24	10.9014	70.4814	70.4814
1:5:49:55	5	4	24	10.9014	70.4814	70.4814
1:5:51:0	5	4	24	10.9014	70.4814	70.4814
1:5:52:5	5	4	24	10.9014	70.4814	70.4814
1:5:53:15	5	4	24	10.9014	70.4814	70.4814
1:5:54:20	5	4	24	10.9014	70.4814	70.4814
1:5:55:30	5	4	24	10.9014	70.4814	70.4814
1:5:56:35	5	4	24	10.9014	70.4814	70.4814
1:5:57:40	5	4	24	10.9014	70.4814	70.4814
1:5:58:50	5	4	24	10.9014	70.4814	70.4814
1:5:59:55	5	4	24	10.9014	70.4814	70.4814
1:6:1:0	5	4	24	10.9014	70.4814	70.4814
1:6:2:10	5	4	24	10.9014	70.4814	70.4814
1:6:3:15	5	4	24	10.9014	70.4814	70.4814
1:6:4:20	5	4	24	10.9014	70.4814	70.4814
1:6:5:30	5	4	24	10.9014	70.4814	70.4814
1:6:6:35	5	4	24	10.9014	70.4814	70.4814
1:6:7:45	5	4	24	10.9014	70.4814	70.4814
1:6:8:50	5	4	24	10.9014	70.4814	70.4814
1:6:9:55	5	4	24	10.9014	70.4814	70.4814
1:6:11:5	5	4	24	11.0062	70.4814	70.4814
1:6:12:10	5	4	24	11.0062	70.4814	70.4814
1:6:13:15	5	4	24	11.0062	70.4814	70.4814
1:6:14:25	5	4	24	11.0062	70.4814	70.4814
1:6:15:30	5	4	24	11.0062	70.4814	70.4814
1:6:16:40	5	4	24	11.0062	70.4814	70.4814
1:6:17:45	5	4	24	11.0062	70.4814	70.4814
1:6:18:50	5	4	24	11.0062	70.4814	70.4814
1:6:20:0	5	4	24	11.0062	70.4814	70.4814
1:6:21:5	5	4	24	11.0062	70.4814	70.4814
1:6:22:10	5	4	24	11.0062	70.4814	70.4814
1:6:23:20	5	4	24	11.0062	70.4814	70.4814
1:6:24:25	5	4	24	11.0062	70.4814	70.4814
1:6:25:30	5	4	24	11.1037	70.4814	70.4814
1:6:26:40	5	4	24	11.1037	70.4814	70.4814
1:6:27:45	5	4	24	11.1037	70.4814	70.4814
1:6:28:50	5	4	24	11.1037	70.4814	70.4814
1:6:30:0	5	4	24	11.1037	70.4814	70.4814
1:6:31:5	5	4	24	11.1037	70.4814	70.4814
1:6:32:10	5	4	24	11.204	70.4814	70.4814
1:6:33:20	5	4	24	11.204	70.4814	70.4814
1:6:34:25	5	4	24	11.204	70.4814	70.4814
1:6:35:35	5	4	24	11.204	70.4814	70.4814
1:6:36:40	5	4	24	11.204	70.4814	70.4814
1:6:37:45	5	4	24	11.204	70.4814	70.4814
1:6:38:55	5	4	24	11.204	70.4814	70.4814
1:6:40:0	5	4	24	11.3058	70.4814	70.4814
1:6:41:5	5	4	24	11.3058	70.4814	70.4814
1:6:42:15	5	4	24	11.3058	70.4814	70.4814
1:6:43:20	5	4	24	11.3058	70.4814	70.4814
1:6:44:30	5	4	24	11.3058	70.4814	70.4814
1:6:45:35	5	4	24	11.3058	70.4814	70.4814
1:6:46:40	5	4	24	11.3058	70.4814	70.4814
1:6:47:50	5	4	24	11.403	70.4814	70.4814
1:6:48:55	5	4	24	11.403	70.4814	70.4814
1:6:50:0	5	4	24	11.403	70.4814	70.4814
1:6:51:10	5	4	24	11.403	70.4814	70.4814
1:6:52:15	5	4	24	11.403	70.4814	70.4814
1:6:53:20	5	4	24	11.403	70.4814	70.4814
1:6:54:30	5	4	24	11.403	70.4814	70.4814
1:6:55:35	5	4	24	11.403	70.4814	70.4814
1:6:56:45	5	4	24	11.403	70.4814	70.4814
1:6:57:50	5	4	24	11.403	70.4814	70.4814
1:6:58:55	5	4	24	11.5064	70.4814	70.4814
1:7:0:5	5	4	24	11.5064	70.4814	70.4814
1:7:1:10	5	4	24	11.5064	70.4814	70.4814
1:7:2:15	5	4	24	11.5064	70.4814	70.4814
1:7:3:25	5	4	24	11.5064	70.4814	70.4814
1:7:4:30	5	4	24	11.5064	70.4814	70.4814
1:7:5:40	5	4	24	11.6084	70.4814	70.4814
1:7:6:45	5	4	24	11.6084	70.4814	70.4814
1:7:7:50	5	4	24	11.6084	70.4814	70.4814
1:7:9:0	5	4	24	11.6084	70.4814	70.4814
1:7:10:5	5	4	24	11.7164	70.4814	70.4814
1:7:11:10	5	4	24	11.7164	70.4814	70.4814
1:7:12:20	5	4	24	11.7164	70.4814	70.4814
1:7:13:25	5	4	24	11.7164	70.4814	70.4814
1:7:14:30	5	4	24	11.7164	70.4814	70.4814
1:7:15:40	5	4	24	11.7164	70.4814	70.4814
1:7:16:45	5	4	24	11.7164	70.4814	70.4814
1:7:17:50	5	4	24	11.8227	70.4814	70.4814
1:7:19:0	5	4	24	11.8227	70.4814	70.4814
1:7:20:5	5	4	24	11.8227	70.4814	70.4814
1:7:21:15	5	4	24	11.8227	70.4814	70.4814
1:7:22:20	5	4	24	11.8227	70.4814	70.4814
1:7:23:30	5	4	24	11.9083	70.4814	70.4814
1:7:24:35	5	4	24	11.9083	70.4814	70.4814
1:7:25:40	5	4	24	11.9083	70.4814	70.4814
1:7:26:50	5	4	24	11.9083	70.4814	70.4814
1:7:27:55	5	4	24	11.9083	70.4814	70.4814
1:7:29:0	5	4	24	11.9083	70.4814	70.4814
1:7:30:10	5	4	24	11.9083	70.4814	70.4814
1:7:31:15	5	4	24	11.9083	70.4814	70.4814
1:7:32:25	5	4	24	12.0108	70.4814	70.4814
1:7:33:30	5	4	24	12.0108	70.4814	70.4814
1:7:34:35	5	4	24	12.0108	70.4814	70.4814
1:7:35:45	5	4	24	12.0108	70.4814	70.4814
1:7:36:50	5	4	24	12.0108	70.4814	70.4814
1:7:37:55	5	4	24	12.1079	70.4814	70.4814
1:7:39:5	5	4	24	12.1079	70.4814	70.4814
1:7:40:10	5	4	24	12.1079	70.4814	70.4814
1:7:41:15	5	4	24	12.1079	70.4814	70.4814
1:7:42:25	5	4	24	12.1079	70.4814	70.4814
1:7:43:30	5	4	24	12.2022	70.4814	70.4814
1:7:44:40	5	4	24	12.2022	70.4814	70.4814
1:7:45:45	5	4	24	12.2022	70.4814	70.4814
1:7:46:50	5	4	24	12.2022	70.4814	70.4814
1:7:48:0	5	4	24	12.2022	70.4814	70.4814
1:7:49:5	5	4	24	12.2022	70.4814	70.4814
1:7:50:10	5	4	24	12.2022	70.4814	70.4814
1:7:51:20	5	4	24	12.2022	70.4814	70.4814
1:7:52:25	5	4	24	12.3072	70.4814	70.4814
1:7:53:30	5	4	24	12.3072	70.4814	70.4814
1:7:54:40	5	4	24	12.3072	70.4814	70.4814
1:7:55:45	5	4	24	12.3072	70.4814	70.4814
1:7:56:50	5	4	24	12.3072	70.4814	70.4814
1:7:58:0	5	4	24	12.3072	70.4814	70.4814
1:7:59:5	5	4	24	12.4104	70.4814	70.4814
1:8:0:15	5	4	24	12.4104	70.4814	0
1:8:1:25	5	4	24	12.6546	0.0	0
1:8:2:40	5	4	24	12.8834	0.0	0
1:8:3:50	5	4	24	13.3243	0.0	0
1:8:5:5	5	4	24	13.5327	0.0	0
1:8:6:15	5	4	24	13.7377	0.0	0
1:8:7:30	5	4	24	14.0015	0.0	0
1:8:8:45	5	4	24	14.2603	0.0	0
1:8:9:55	5	4	24	14.7709	0.0	35.915000000000035
1:8:11:10	5	4	24	14.9654	0.0	6.355500000000031
1:8:12:20	5	4	24	15.1994	0.0	0
1:8:13:35	5	4	24	15.4516	0.0	0
1:8:14:45	5	4	24	15.7004	0.0	0
1:8:16:0	5	4	24	16.1886	0.0	0
1:8:17:10	5	4	24	16.428	0.0	0
1:8:18:25	5	4	24	16.6613	0.0	0
1:8:19:35	5	4	24	16.8962	0.0	0
1:8:20:50	5	4	24	17.0608	0.0	0
1:8:22:0	5	4	24	17.4495	0.0	0
1:8:23:15	5	4	24	17.6563	0.0	20.79099999999993
1:8:24:25	5	4	24	17.8332	7.2585	0
1:8:25:40	5	4	24	17.9959	7.1919	0
1:8:26:50	5	4	24	18.1624	6.1626	0
1:8:28:5	5	4	24	18.5739	7.7749	27.547499999999914
1:8:29:15	5	4	24	18.7945	12.6115	100
1:8:30:30	5	4	24	17.4086	70.7533	30.998500000000085
1:8:31:40	5	4	24	14.355	99.6162	6.199000000000073
1:8:32:55	5	4	24	12.6033	1.2339	11.682500000000063
1:8:34:5	5	4	24	12.8633	0.0	18.240500000000054
1:8:35:20	5	4	24	13.1198	0.0	20.694500000000033
1:8:36:30	5	4	24	13.3711	0.0	22.356500000000004
1:8:37:45	5	4	24	13.6213	0.0	24.454500000000024
1:8:38:55	5	4	24	14.1015	0.0	27.69250000000006
1:8:40:10	5	4	24	14.3961	0.0	44.18849999999993
1:8:41:20	5	4	24	14.619	0.0	11.087000000000048
1:8:42:35	5	4	24	14.8401	0.0	4.189499999999956
1:8:43:50	5	4	24	15.0783	0.0	6.132000000000069
1:8:45:0	5	4	24	15.642	0.0	0
1:8:46:15	5	4	24	15.916	0.0	49.64849999999986
1:8:47:25	5	4	24	16.1157	0.0	0
1:8:48:40	5	4	24	16.3195	0.0	0.7729999999998896
1:8:49:50	5	4	24	16.5917	0.0	4.328499999999927
1:8:51:5	5	4	24	17.1262	0.0	10.166000000000125
1:8:52:15	5	4	24	17.3848	0.0	13.759499999999854
1:8:53:30	5	4	24	17.6418	0.0	25.63999999999999
1:8:54:40	5	4	24	17.8282	0.0	18.24500000000005
1:8:55:55	5	4	24	18.2255	6.621	25.523500000000066
1:8:57:5	5	4	24	18.2255	27.8646	6.672499999999889
1:8:58:20	5	4	24	18.4324	5.6979	0
1:8:59:30	5	4	24	18.6473	2.044	21.40499999999997
1:9:0:45	5	4	24	18.7843	23.4752	40.81499999999991
1:9:1:55	5	4	24	18.2	40.7393	54.75500000000021
1:9:3:10	5	4	24	18.6648	44.0939	99.59500000000008
1:9:4:25	5	4	24	15.7525	95.1377	0
1:9:5:35	5	4	24	15.6764	21.2464	0
1:9:6:50	5	4	24	15.8898	0.0	0
1:9:8:0	5	4	24	16.3373	0.0	0
1:9:9:15	5	4	24	16.5575	0.0	0
1:9:10:25	5	4	24	16.7685	0.0	0
1:9:11:40	5	4	24	16.9777	0.0	0
1:9:12:50	5	4	24	17.1863	0.0	1.1754999999999303
1:9:14:5	5	4	24	17.5978	0.0	14.00999999999987
1:9:15:15	5	4	24	17.8242	3.8382	14.423499999999812
1:9:16:30	5	4	24	18.0857	10.6107	0
1:9:17:40	5	4	24	18.2075	19.5104	68.80150000000017
1:9:18:55	5	4	24	18.016	39.0834	100
1:9:20:5	5	4	24	18.2619	17.9811	100
1:9:21:20	5	4	24	18.4996	0.0	0
1:9:22:30	5	4	24	15.0015	99.0596	0
1:9:23:45	5	4	24	16.6263	99.5172	0
1:9:25:0	5	4	24	11.922	99.5172	0
1:9:26:10	5	4	24	12.2355	1.233	0
1:9:27:25	5	4	24	12.5373	0.0	0
1:9:28:35	5	4	24	12.8366	0.0	0
1:9:29:50	5	4	24	13.1351	0.0	0
1:9:31:0	5	4	24	13.7251	0.0	0
1:9:32:15	5	4	24	14.0034	0.0	0
1:9:33:25	5	4	24	14.3007	0.0	0
1:9:34:40	5	4	24	14.5608	0.0	0
1:9:35:50	5	4	24	14.8932	0.0	0
1:9:37:5	5	4	24	15.5451	0.0	0
1:9:38:15	5	4	24	15.8018	0.0	0
1:9:39:30	5	4	24	16.0517	0.0	0
1:9:40:40	5	4	24	16.2984	0.0	0
1:9:41:55	5	4	24	16.7858	0.0	0
1:9:43:5	5	4	24	17.0231	0.0	13.362000000000059
1:9:44:20	5	4	24	17.2579	0.0	89.70699999999994
1:9:45:30	5	4	24	17.49	0.0	42.34450000000004
1:9:46:45	5	4	24	17.6483	38.6823	7.774500000000041
1:9:48:0	5	4	24	15.3713	80.6333	66.73650000000002
1:9:49:10	5	4	24	15.655	1.0554	16.76599999999999
1:9:50:25	5	4	24	15.9235	0.0	18.418000000000035
1:9:51:35	5	4	24	16.187	0.0	21.587500000000027
1:9:52:50	5	4	24	16.443	0.0	23.482999999999887
1:9:54:0	5	4	24	16.9641	2.9419	34.27950000000007
1:9:55:15	5	4	24	17.3096	20.8876	27.069999999999983
1:9:56:25	5	4	24	17.3096	33.8869	15.902
1:9:57:40	5	4	24	17.2847	28.1919	17.57850000000009
1:9:58:50	5	4	24	17.3521	18.9367	19.422
1:10:0:5	5	4	24	17.6445	15.4983	24.699000000000055
1:10:1:15	5	4	24	17.7905	17.233	14.924000000000019
1:10:2:30	5	4	24	17.8686	21.0202	74.18450000000013
1:10:3:40	5	4	24	17.021	70.09	3.9445000000001187
1:10:4:55	5	4	24	16.2878	0.0	0
1:10:6:10	5	4	24	16.5429	0.0	100
1:10:7:20	5	4	24	16.6224	33.0994	34.616500000000066
1:10:8:35	5	4	24	14.7223	99.5492	23.553000000000043
1:10:9:45	5	4	24	14.5763	1.2333	25.56250000000003
1:10:11:0	5	4	24	15.1838	0.0	32.441999999999986
1:10:12:10	5	4	24	15.4713	0.0	29.909500000000094
1:10:13:25	5	4	24	15.7511	0.0	27.569499999999962
1:10:14:35	5	4	24	16.0329	8.0169	16.270000000000024
1:10:15:50	5	4	24	16.256	20.242	22.64650000000001
1:10:17:0	5	4	24	16.6412	21.9077	42.90999999999991
1:10:18:15	5	4	24	16.907	23.6492	17.367999999999995
1:10:19:25	5	4	24	16.827	35.8683	18.040999999999965
1:10:20:40	5	4	24	16.827	21.8869	20.447499999999952
1:10:21:50	5	4	24	17.0388	11.8766	19.87450000000014
1:10:23:5	5	4	24	17.4762	12.9693	21.56549999999998
1:10:24:15	5	4	24	17.5306	25.5655	17.519000000000215
1:10:25:30	5	4	24	17.8404	9.4752	0
1:10:26:40	5	4	24	18.1326	0.0	13.280999999999892
1:10:27:55	5	4	24	18.6831	6.4363	39.95549999999992
1:10:29:5	5	4	24	18.509	33.4874	100
1:10:30:20	5	4	24	17.2174	75.2454	0
1:10:31:30	5	4	24	14.5805	98.8308	0
1:10:32:45	5	4	24	14.4175	1.2265	0
1:10:33:55	5	4	24	15.0454	0.0	9.532999999999953
1:10:35:10	5	4	24	15.3418	0.0	17.897000000000126
1:10:36:20	5	4	24	15.636	0.0	22.747500000000024
1:10:37:35	5	4	24	15.9244	0.0	24.60600000000015
1:10:38:45	5	4	24	16.2109	0.0	10.605000000000013
1:10:40:0	5	4	24	16.7584	0.0	66.08250000000001
1:10:41:15	5	4	24	17.0718	0.0	47.232499999999945
1:10:42:25	5	4	24	17.3847	0.0	69.75700000000009
1:10:43:40	5	4	24	17.6385	0.0	0
1:10:44:50	5	4	24	17.747	72.8336	0
1:10:46:5	5	4	24	18.8564	53.297	0
1:10:47:15	5	4	24	13.8782	95.3985	0
1:10:48:30	5	4	24	14.1754	0.0	0
1:10:49:40	5	4	24	14.4798	0.0	0
1:10:50:55	5	4	24	15.0888	0.0	19.2714999999999
1:10:52:5	5	4	24	15.3968	0.0	16.957500000000053
1:10:53:20	5	4	24	15.7052	0.0	20.831499999999945
1:10:54:35	5	4	24	16.0072	0.0	23.640500000000145
1:10:55:45	5	4	24	16.301	0.0	24.43950000000007
1:10:57:0	5	4	24	16.857	0.0	23.394499999999958
1:10:58:10	5	4	24	17.1172	0.0	47.32199999999993
1:10:59:25	5	4	24	17.3774	0.0	0
1:11:0:35	5	4	24	17.6982	0.0	0
1:11:1:50	5	4	24	17.9473	0.0	0
1:11:3:0	5	4	24	18.4417	0.0	100
1:11:4:15	5	4	24	18.6816	0.0	0
1:11:5:25	5	4	24	14.5499	99.0596	0
1:11:6:40	5	4	24	14.2689	15.2254	0
1:11:7:50	5	4	24	14.5987	0.0	0
1:11:9:5	5	4	24	15.2031	0.0	0
1:11:10:15	5	4	24	15.5021	0.0	0
1:11:11:30	5	4	24	15.7984	0.0	0
1:11:12:45	5	4	24	16.0882	0.0	0
1:11:13:55	5	4	24	16.6698	0.0	0
1:11:15:10	5	4	24	16.9552	0.0	0
1:11:16:20	5	4	24	17.2339	0.0	0
1:11:17:35	5	4	24	17.5116	0.0	0
1:11:18:45	5	4	24	17.7864	0.0	0
1:11:20:0	5	4	24	18.3163	0.0	0
1:11:21:10	5	4	24	18.5753	0.0	42.44599999999988
1:11:22:25	5	4	24	18.8053	13.465	87.21949999999975
1:11:23:35	5	4	24	17.6723	76.2713	0
1:11:24:50	5	4	24	16.4421	35.7804	0
1:11:26:0	5	4	24	16.7154	0.0	0
1:11:27:15	5	4	24	17.0132	0.0	0
1:11:28:25	5	4	24	17.3514	0.0	0
1:11:29:40	5	4	24	17.6833	0.0	0
1:11:30:55	5	4	24	18.2693	0.0	1.8084999999999347
1:11:32:5	5	4	24	18.5238	0.0	58.46049999999987
1:11:33:20	5	4	24	18.7848	6.4716	18.737500000000114
1:11:34:30	5	4	24	17.897	62.685	60.04150000000008
1:11:35:45	5	4	24	17.5092	32.538	92.32099999999994
1:11:36:55	5	4	24	17.2825	48.8877	0
1:11:38:10	5	4	24	14.558	99.5194	0
1:11:39:20	5	4	24	14.879	1.233	0
1:11:40:35	5	4	24	15.1942	0.0	0
1:11:41:45	5	4	24	15.5071	0.0	0
1:11:43:0	5	4	24	16.121	0.0	0
1:11:44:10	5	4	24	16.4164	0.0	92.0625
1:11:45:25	5	4	24	16.7187	5.9961	0
1:11:46:35	5	4	24	14.7486	99.116	0
1:11:47:50	5	4	24	15.6962	0.0	0
1:11:49:0	5	4	24	16.317	0.0	0
1:11:50:15	5	4	24	16.6256	6.2797	0
1:11:51:25	5	4	24	16.9484	0.0	0
1:11:52:40	5	4	24	17.2934	0.0	7.274500000000069
1:11:53:50	5	4	24	17.6092	1.0556	18.14800000000013
1:11:55:5	5	4	24	18.1411	13.6444	32.3655000000002
1:11:56:15	5	4	24	18.1411	29.6171	21.804000000000123
1:11:57:30	5	4	24	18.2536	22.3409	19.069499999999888
1:11:58:45	5	4	24	18.376	21.2946	20.929000000000002
1:11:59:55	5	4	24	18.6098	20.5918	67.92349999999999
1:12:1:10	5	4	24	19.3004	64.1242	100
1:12:2:20	5	4	24	15.7426	99.5292	0
1:12:3:35	5	4	24	15.9176	11.3661	0
1:12:4:45	5	4	24	16.2137	4.7354	0
1:12:6:0	5	4	24	16.8327	4.7354	0
1:12:7:10	5	4	24	17.134	6.7437	0
1:12:8:25	5	4	24	17.4346	6.5723	0
1:12:9:35	5	4	24	17.7299	6.3675	0
1:12:10:50	5	4	24	18.0203	5.8756	0
1:12:12:0	5	4	24	18.592	4.7859	17.24050000000007
1:12:13:15	5	4	24	18.7268	19.8844	20.33850000000008
1:12:14:25	5	4	24	18.8303	20.546	20.5565
1:12:15:40	5	4	24	18.9396	20.2634	17.512000000000075
1:12:16:50	5	4	24	19.0628	20.5051	18.642499999999952
1:12:18:5	5	4	24	19.3178	20.5051	36.00900000000004
1:12:19:15	5	4	24	19.3178	25.5819	59.23999999999985
1:12:20:30	5	4	24	18.4676	64.4258	39.66349999999976
1:12:21:40	5	4	24	17.835	45.6438	44.45199999999996
1:12:22:55	5	4	24	17.7054	14.9538	14.389499999999869
1:12:24:5	5	4	24	17.9091	15.9574	1.5340000000000913
1:12:25:20	5	4	24	18.1827	6.5323	9.325500000000112
1:12:26:30	5	4	24	18.4894	12.9097	24.911499999999947
1:12:27:45	5	4	24	18.8547	29.71	40.91150000000009
1:12:29:0	5	4	24	18.6048	47.0573	67.19799999999984
1:12:30:10	5	4	24	16.9134	70.3086	5.855499999999914
1:12:31:25	5	4	24	17.2114	0.0	0
1:12:32:35	5	4	24	17.4905	0.0	2.2435000000000187
1:12:33:50	5	4	24	17.7711	0.0	11.31049999999998
1:12:35:0	5	4	24	18.3372	0.0	25.3925000000001
1:12:36:15	5	4	24	18.6081	9.4703	32.394499999999866
1:12:37:25	5	4	24	18.7537	22.9027	37.94399999999993
1:12:38:40	5	4	24	18.6707	36.7234	11.547999999999906
1:12:39:50	5	4	24	18.5615	14.7521	0
1:12:41:5	5	4	24	19.0531	6.1603	11.163499999999996
1:12:42:15	5	4	24	19.3735	11.0536	22.253500000000155
1:12:43:30	5	4	24	19.726	24.9798	9.523000000000131
1:12:44:40	5	4	24	20.0574	21.3359	73.31149999999992
1:12:45:55	5	4	24	19.3856	53.5485	0
1:12:47:5	5	4	24	14.8847	99.5632	0
1:12:48:20	5	4	24	15.2158	0.0	0
1:12:49:30	5	4	24	15.5301	0.0	13.877999999999993
1:12:50:45	5	4	24	15.8378	0.0	16.37849999999993
1:12:51:55	5	4	24	16.4526	0.0	38.648499999999906
1:12:53:10	5	4	24	16.7529	0.0	100
1:12:54:20	5	4	24	17.0516	0.0	0
1:12:55:35	5	4	24	17.2522	27.2706	0
1:12:56:50	5	4	24	17.3646	29.7777	0
1:12:58:0	5	4	24	17.6144	19.649	0
1:12:59:15	5	4	24	17.9094	3.7995	0
1:13:0:25	5	4	24	18.1634	11.8461	100
1:13:1:40	5	4	24	17.5758	76.0367	51.882999999999925
1:13:2:50	5	4	24	15.9483	91.3012	0
1:13:4:5	5	4	24	13.4049	91.3012	0
1:13:5:15	5	4	24	13.7553	1.1557	0
1:13:6:30	5	4	24	14.0904	0.0	0
1:13:7:40	5	4	24	14.4173	0.0	0
1:13:8:55	5	4	24	15.0532	0.0	0
1:13:10:5	5	4	24	15.3559	0.0	0
1:13:11:20	5	4	24	15.6514	0.0	41.100999999999914
1:13:12:35	5	4	24	15.9486	0.0	0
1:13:13:45	5	4	24	16.2619	0.0	23.545999999999957
1:13:15:0	5	4	24	16.8432	0.0	100
1:13:16:10	5	4	24	17.123	0.0	0
1:13:17:25	5	4	24	13.9161	99.3262	0
1:13:18:35	5	4	24	14.1149	1.2312	0
1:13:19:50	5	4	24	14.4371	0.0	2.9959999999999827
1:13:21:0	5	4	24	15.0889	0.0	19.48950000000005
1:13:22:15	5	4	24	15.4113	0.0	26.331000000000095
1:13:23:25	5	4	24	15.7295	0.0	30.249999999999908
1:13:24:40	5	4	24	16.0437	0.0	32.19099999999993
1:13:25:50	5	4	24	16.3546	0.0	33.32300000000015
1:13:27:5	5	4	24	16.9625	4.2481	19.6799999999999
1:13:28:15	5	4	24	17.1135	22.4458	0
1:13:29:30	5	4	24	17.4096	0.0	0
1:13:30:40	5	4	24	17.7209	2.4662	0
1:13:31:55	5	4	24	18.3447	3.0473	11.7425000000001
1:13:33:10	5	4	24	18.6967	17.6575	20.266000000000037
1:13:34:20	5	4	24	18.7657	23.9751	19.453500000000044
1:13:35:35	5	4	24	18.869	20.2967	18.98549999999981
1:13:36:45	5	4	24	18.9783	19.7852	18.259000000000093
1:13:38:0	5	4	24	19.243	18.7734	21.382000000000122
1:13:39:10	5	4	24	19.3725	19.324	41.533499999999904
1:13:40:25	5	4	24	19.0317	41.3068	55.70549999999999
1:13:41:35	5	4	24	18.2433	53.4393	0
1:13:42:50	5	4	24	18.2433	0.0	52.01799999999996
1:13:44:0	5	4	24	17.7302	51.6901	37.132999999999974
1:13:45:15	5	4	24	17.8532	21.7978	100
1:13:46:25	5	4	24	16.4562	79.063	46.28100000000011
1:13:47:40	5	4	24	14.9469	99.6165	48.0500000000001
1:13:48:50	5	4	24	14.8014	15.8849	39.93950000000002
1:13:50:5	5	4	24	15.1164	0.0	22.96399999999997
1:13:51:15	5	4	24	15.4229	0.0	20.827999999999978
1:13:52:30	5	4	24	15.7151	0.0	21.55049999999992
1:13:53:40	5	4	24	16.0218	7.2071	22.00050000000006
1:13:54:55	5	4	24	16.5237	17.8735	22.101500000000044
1:13:56:10	5	4	24	16.6583	25.6205	6.7940000000000165
1:13:57:20	5	4	24	16.9301	7.7338	0
1:13:58:35	5	4	24	17.2284	2.0871	25.05049999999985
1:13:59:45	5	4	24	17.436	27.4867	21.459999999999972
1:14:1:0	5	4	24	17.93	22.5983	39.43400000000003
1:14:2:10	5	4	24	17.577	39.1868	18.295999999999864
1:14:3:25	5	4	24	17.8245	6.0115	7.054500000000004
1:14:4:35	5	4	24	18.09	6.2484	10.71449999999996
1:14:5:50	5	4	24	18.3164	14.6483	10.823500000000045
1:14:7:0	5	4	24	18.9448	17.6318	24.34149999999994
1:14:8:15	5	4	24	19.1894	38.3375	63.663499999999914
1:14:9:25	5	4	24	18.1118	64.7896	0
1:14:10:40	5	4	24	18.2964	0.0	0
1:14:11:50	5	4	24	18.5462	0.0	0
1:14:13:5	5	4	24	19.0773	0.6725	0
1:14:14:15	5	4	24	19.325	7.6561	0
1:14:15:30	5	4	24	19.5731	6.0676	6.947000000000173
1:14:16:45	5	4	24	19.7808	12.3151	58.18849999999999
1:14:17:55	5	4	24	18.852	59.053	12.879500000000135
1:14:19:10	5	4	24	19.1247	0.0	30.385500000000057
1:14:20:20	5	4	24	19.2269	21.0903	36.85250000000025
1:14:21:35	5	4	24	19.3566	24.4019	100
1:14:22:45	5	4	24	18.3757	87.1186	96.2985000000001
1:14:24:0	5	4	24	14.9404	99.5405	0
1:14:25:10	5	4	24	15.1986	18.3274	0
1:14:26:25	5	4	24	15.4377	15.9733	0
1:14:27:35	5	4	24	15.6831	13.6748	0
1:14:28:50	5	4	24	15.953	12.1574	0
1:14:30:0	5	4	24	16.6619	12.1574	0
1:14:31:15	5	4	24	16.9306	0.0	0
1:14:32:25	5	4	24	17.1918	0.0	0
1:14:33:40	5	4	24	17.4419	0.0	0
1:14:34:50	5	4	24	17.7346	2.0409	0
1:14:36:5	5	4	24	18.2787	6.4568	0
1:14:37:15	5	4	24	18.516	0.0	41.68300000000012
1:14:38:30	5	4	24	18.4586	36.4711	57.887500000000045
1:14:39:45	5	4	24	17.7746	54.5169	57.73450000000011
1:14:40:55	5	4	24	16.6536	46.4809	0
1:14:42:10	5	4	24	16.7851	21.2777	0
1:14:43:20	5	4	24	17.0041	12.7904	0
1:14:44:35	5	4	24	17.223	12.7904	0
1:14:45:45	5	4	24	17.5573	7.5915	0
1:14:47:0	5	4	24	18.1815	10.2451	0
1:14:48:10	5	4	24	18.5397	17.4024	0
1:14:49:25	5	4	24	18.7408	10.4903	0
1:14:50:35	5	4	24	18.9445	10.4903	0
1:14:51:50	5	4	24	19.2574	11.6355	0.582999999999938
1:14:53:0	5	4	24	19.8909	15.9774	6.46599999999998
1:14:54:15	5	4	24	19.5393	36.9911	100
1:14:55:25	5	4	24	18.9099	54.9111	0
1:14:56:40	5	4	24	16.6704	99.576	0
1:14:57:50	5	4	24	15.6487	1.2335	0
1:14:59:5	5	4	24	16.232	0.0	0
1:15:0:15	5	4	24	16.5097	0.0	0
1:15:1:30	5	4	24	16.7744	0.0	0
1:15:2:40	5	4	24	17.0283	0.0	0
1:15:3:55	5	4	24	17.5117	0.0	0
1:15:5:10	5	4	24	17.7419	0.0	0
1:15:6:20	5	4	24	18.0091	0.0	100
1:15:7:35	5	4	24	18.3056	0.0	33.38449999999995
1:15:8:45	5	4	24	19.0796	99.0596	0
1:15:10:0	5	4	24	11.2496	99.5172	0
1:15:11:10	5	4	24	11.5849	1.233	0
1:15:12:25	5	4	24	11.9108	0.0	0
1:15:13:35	5	4	24	12.2369	0.0	0
1:15:14:50	5	4	24	12.5539	0.0	0
1:15:16:0	5	4	24	13.1651	0.0	0
1:15:17:15	5	4	24	13.464	0.0	0
1:15:18:25	5	4	24	13.7564	0.0	0
1:15:19:40	5	4	24	14.0467	0.0	0
1:15:20:50	5	4	24	14.6166	0.0	0
1:15:22:5	5	4	24	14.9008	0.0	10.21849999999981
1:15:23:15	5	4	24	15.1718	0.0	0
1:15:24:30	5	4	24	15.4427	0.0	0
1:15:25:40	5	4	24	15.6972	0.0	0
1:15:26:55	5	4	24	16.2595	0.0	0
1:15:28:5	5	4	24	16.5669	0.0	10.187500000000096
1:15:29:20	5	4	24	16.863	0.0	14.414999999999889
1:15:30:30	5	4	24	17.0847	0.0	16.06499999999995
1:15:31:45	5	4	24	17.2989	0.0	9.16100000000002
1:15:32:55	5	4	24	17.8818	0.0	22.8935000000001
1:15:34:10	5	4	24	18.1606	0.0	28.14449999999995
1:15:35:20	5	4	24	18.4334	0.0	100
1:15:36:35	5	4	24	18.7054	0.0	0
1:15:37:50	5	4	24	18.3443	79.9907	0
1:15:39:0	5	4	24	12.9246	99.6335	0
1:15:40:15	5	4	24	13.2247	0.0	0
1:15:41:25	5	4	24	13.5182	0.0	0
1:15:42:40	5	4	24	13.8013	0.0	0
1:15:43:50	5	4	24	14.071	0.0	0
1:15:45:5	5	4	24	14.5908	0.0	0
1:15:46:15	5	4	24	14.8422	0.0	0
1:15:47:30	5	4	24	15.089	0.0	0
1:15:48:40	5	4	24	15.3313	0.0	0
1:15:49:55	5	4	24	15.8057	0.0	0
1:15:51:5	5	4	24	16.0331	0.0	11.33599999999987
1:15:52:20	5	4	24	16.26	0.0	76.87350000000023
1:15:53:30	5	4	24	16.4825	0.0	51.87850000000012
1:15:54:45	5	4	24	16.702	0.0	0
1:15:55:55	5	4	24	17.1209	0.0	0
1:15:57:10	5	4	24	17.3226	7.7745	0
1:15:58:20	5	4	24	17.4972	10.8949	0
1:15:59:35	5	4	24	17.7593	7.1455	0
1:16:0:45	5	4	24	18.0164	8.798	0.35550000000018045
1:16:2:0	5	4	24	18.4952	12.1029	18.76150000000003
1:16:3:15	5	4	24	18.4952	26.6451	15.848000000000017
1:16:4:25	5	4	24	18.5394	20.9714	17.336999999999954
1:16:5:40	5	4	24	18.6285	15.7514	12.500500000000017
1:16:6:50	5	4	24	18.7471	11.4501	39.033499999999975
1:16:8:5	5	4	24	18.5107	38.2446	46.201499999999896
1:16:9:15	5	4	24	18.0805	41.2923	34.380999999999986
1:16:10:30	5	4	24	17.7887	37.5529	82.01350000000006
1:16:11:40	5	4	24	17.0383	55.6515	0
1:16:12:55	5	4	24	16.0916	39.3552	0
1:16:14:5	5	4	24	16.4961	21.9676	0
1:16:15:20	5	4	24	16.8728	21.9676	0
1:16:16:30	5	4	24	17.6255	48.7339	0
1:16:17:45	5	4	24	16.2967	74.7564	0
1:16:18:55	5	4	24	15.1086	1.0002	0
1:16:20:10	5	4	24	15.3323	0.0	0
1:16:21:25	5	4	24	15.5447	0.0	0
1:16:22:35	5	4	24	15.7961	0.0	0
1:16:23:50	5	4	24	16.0524	0.0	0
1:16:25:0	5	4	24	16.4271	0.0	0
1:16:26:15	5	4	24	16.6233	0.0	0
1:16:27:25	5	4	24	16.8048	0.0	0
1:16:28:40	5	4	24	16.9766	0.0	0
1:16:29:50	5	4	24	17.1457	0.0	0
1:16:31:5	5	4	24	17.4815	0.0	0
1:16:32:15	5	4	24	17.648	0.0	0
1:16:33:30	5	4	24	17.7984	0.0	0
1:16:34:40	5	4	24	17.9529	0.0	0
1:16:35:55	5	4	24	18.321	0.0	64.14750000000002
1:16:37:5	5	4	24	18.4682	0.0	8.265500000000117
1:16:38:20	5	4	24	18.5083	20.4572	39.44799999999998
1:16:39:30	5	4	24	18.131	39.4986	100
1:16:40:45	5	4	24	17.1134	67.0444	2.5159999999999414
1:16:42:0	5	4	24	14.9233	53.3565	0
1:16:43:10	5	4	24	18.5799	99.5614	0
1:16:44:25	5	4	24	14.1537	99.5614	0
1:16:45:35	5	4	24	12.9601	69.0511	0
1:16:46:50	5	4	24	13.0148	0.0	0
1:16:48:0	5	4	24	13.4678	0.0	0
1:16:49:15	5	4	24	13.6867	0.0	0
1:16:50:25	5	4	24	13.9045	0.0	0
1:16:51:40	5	4	24	14.1214	0.0	0
1:16:52:50	5	4	24	14.3349	0.0	0
1:16:54:5	5	4	24	14.7339	0.0	0
1:16:55:15	5	4	24	14.9863	0.0	0
1:16:56:30	5	4	24	15.1909	0.0	0
1:16:57:45	5	4	24	15.3765	0.0	0
1:16:58:55	5	4	24	15.7296	0.0	0
1:17:0:10	5	4	24	15.8952	0.0	0
1:17:1:20	5	4	24	16.0614	0.0	0
1:17:2:35	5	4	24	16.2248	0.0	0
1:17:3:45	5	4	24	16.3976	0.0	0
1:17:5:0	5	4	24	16.6954	0.0	100
1:17:6:10	5	4	24	16.8404	8.2658	0
1:17:7:25	5	4	24	13.535	99.3819	0
1:17:8:35	5	4	24	13.4587	32.066	0
1:17:9:50	5	4	24	13.5766	14.3903	0
1:17:11:0	5	4	24	13.9299	10.4797	0
1:17:12:15	5	4	24	14.1007	11.526	0
1:17:13:25	5	4	24	14.2607	12.1637	0
1:17:14:40	5	4	24	14.419	12.4672	0
1:17:15:50	5	4	24	14.7336	12.4672	0
1:17:17:5	5	4	24	14.8252	23.0675	0
1:17:18:20	5	4	24	14.9967	6.2669	0
1:17:19:30	5	4	24	15.1652	6.1437	0
1:17:20:45	5	4	24	15.3317	5.3422	0
1:17:21:55	5	4	24	15.6723	6.4852	0
1:17:23:10	5	4	24	15.8391	8.9574	0
1:17:24:20	5	4	24	15.9758	10.228	0
1:17:25:35	5	4	24	16.1407	0.0	0
1:17:26:45	5	4	24	16.2752	0.0	33.04149999999997
1:17:28:0	5	4	24	16.5313	0.0	100
1:17:29:10	5	4	24	17.8678	74.6286	100
1:17:30:25	5	4	24	17.9773	0.0	0
1:17:31:35	5	4	24	15.7938	99.0596	0
1:17:32:50	5	4	24	12.1447	89.4351	0
1:17:34:0	5	4	24	11.3174	1.1382	0
1:17:35:15	5	4	24	11.519	0.0	0
1:17:36:25	5	4	24	11.7143	0.0	0
1:17:37:40	5	4	24	11.9043	0.0	0
1:17:38:50	5	4	24	12.098	0.0	0
1:17:40:5	5	4	24	12.4812	0.0	0
1:17:41:15	5	4	24	12.6617	0.0	0
1:17:42:30	5	4	24	12.8362	0.0	0
1:17:43:40	5	4	24	13.0039	0.0	0
1:17:44:55	5	4	24	13.3398	0.0	0
1:17:46:5	5	4	24	13.4948	0.0	0
1:17:47:20	5	4	24	13.6496	0.0	20.69849999999989
1:17:48:30	5	4	24	13.8014	0.0	36.67799999999997
1:17:49:45	5	4	24	13.9513	0.0	29.901000000000018
1:17:50:55	5	4	24	14.2301	0.0	10.947500000000007
1:17:52:10	5	4	24	14.4341	0.0	8.349999999999966
1:17:53:20	5	4	24	14.6318	0.0	0
1:17:54:35	5	4	24	14.8211	0.0	47.86850000000013
1:17:55:45	5	4	24	15.0095	0.0	49.91600000000013
1:17:57:0	5	4	24	15.248	0.0	0
1:17:58:15	5	4	24	15.3828	0.0	0
1:17:59:25	5	4	24	15.56	0.0	0
1:18:0:40	5	4	24	15.7362	0.0	0
1:18:1:50	5	4	24	15.9093	0.0	0
1:18:3:5	5	4	24	16.2429	0.0	0
1:18:4:15	5	4	24	16.4047	0.0	0
1:18:5:30	5	4	24	16.5657	0.0	0
1:18:6:40	5	4	24	16.7264	0.0	0
1:18:7:55	5	4	24	16.9317	0.0	0
1:18:9:10	5	4	24	17.0132	0.0	0
1:18:10:20	5	4	24	17.0132	0.0	0
1:18:11:35	5	4	24	17.1714	0.0	0
1:18:12:45	5	4	24	17.2484	0.0	0
1:18:14:0	5	4	24	17.469	0.0	0
1:18:15:10	5	4	24	17.6072	0.0	0
1:18:16:25	5	4	24	17.7441	0.0	0
1:18:17:35	5	4	24	17.8818	0.0	0
1:18:18:50	5	4	24	17.9461	0.0	0
1:18:20:0	5	4	24	18.004	0.0	0
1:18:21:15	5	4	24	18.189	0.0	8.431000000000065
1:18:22:25	5	4	24	18.2576	0.0	0.5245000000002165
1:18:23:40	5	4	24	18.3062	0.0	31.941500000000175
1:18:24:50	5	4	24	18.3062	0.0	29.962000000000035
1:18:26:5	5	4	24	18.5226	0.0	0
1:18:27:20	5	4	24	18.6073	2.787	100
1:18:28:30	5	4	24	17.5493	62.3524	71.0055000000001
1:18:29:45	5	4	24	14.7549	99.5059	0
1:18:30:55	5	4	24	13.0609	33.7571	0
1:18:32:10	5	4	24	13.218	0.0	0
1:18:33:20	5	4	24	13.362	0.0	0
1:18:34:35	5	4	24	13.5023	0.0	0
1:18:35:45	5	4	24	13.6401	0.0	0
1:18:37:0	5	4	24	13.9028	0.0	0
1:18:38:10	5	4	24	14.0237	0.0	0
1:18:39:25	5	4	24	14.1461	0.0	0
1:18:40:40	5	4	24	14.2664	0.0	0
1:18:41:50	5	4	24	14.3778	0.0	0
1:18:43:5	5	4	24	14.6004	0.0	0
1:18:44:15	5	4	24	14.7717	0.0	0
1:18:45:30	5	4	24	14.9408	0.0	0
1:18:46:40	5	4	24	15.1082	0.0	0
1:18:47:50	5	4	24	15.4352	0.0	0
1:18:49:5	5	4	24	15.593	0.0	0
1:18:50:15	5	4	24	15.695	0.0	0
1:18:51:30	5	4	24	15.7876	0.0	0
1:18:52:45	5	4	24	15.8687	0.0	0
