1:1:29:15	5	5	24	12.1961	70.4814	70.4814
1:1:30:20	5	5	24	12.1961	70.4814	70.4814
1:1:31:30	5	5	24	12.1961	70.4814	70.4814
1:1:32:35	5	5	24	12.1961	70.4814	70.4814
1:1:33:40	5	5	24	12.1961	70.4814	70.4814
1:1:34:50	5	5	24	12.1961	70.4814	70.4814
1:1:35:55	5	5	24	12.1961	70.4814	70.4814
1:1:37:5	5	5	24	12.091	70.4814	70.4814
1:1:38:10	5	5	24	12.091	70.4814	70.4814
1:1:39:15	5	5	24	12.091	70.4814	70.4814
1:1:40:25	5	5	24	12.091	70.4814	70.4814
1:1:41:30	5	5	24	12.091	70.4814	70.4814
1:1:42:40	5	5	24	12.091	70.4814	70.4814
1:1:43:45	5	5	24	12.091	70.4814	70.4814
1:1:44:50	5	5	24	11.9995	70.4814	70.4814
1:1:46:0	5	5	24	11.9995	70.4814	70.4814
1:1:47:5	5	5	24	11.9995	70.4814	70.4814
1:1:48:15	5	5	24	11.9995	70.4814	70.4814
1:1:49:20	5	5	24	11.9995	70.4814	70.4814
1:1:50:25	5	5	24	11.9995	70.4814	70.4814
1:1:51:35	5	5	24	11.9995	70.4814	70.4814
1:1:52:40	5	5	24	11.9995	70.4814	70.4814
1:1:53:45	5	5	24	11.9995	70.4814	70.4814
1:1:54:55	5	5	24	11.9995	70.4814	70.4814
1:1:56:0	5	5	24	11.8915	70.4814	70.4814
1:1:57:5	5	5	24	11.8915	70.4814	70.4814
1:1:58:15	5	5	24	11.8915	70.4814	70.4814
1:1:59:20	5	5	24	11.8915	70.4814	70.4814
1:2:0:30	5	5	24	11.8915	70.4814	70.4814
1:2:1:35	5	5	24	11.8915	70.4814	70.4814
1:2:2:40	5	5	24	11.8915	70.4814	70.4814
1:2:3:50	5	5	24	11.8915	70.4814	70.4814
1:2:4:55	5	5	24	11.8915	70.4814	70.4814
1:2:6:0	5	5	24	11.8915	70.4814	70.4814
1:2:7:10	5	5	24	11.8915	70.4814	70.4814
1:2:8:15	5	5	24	11.8915	70.4814	70.4814
1:2:9:20	5	5	24	11.8	70.4814	70.4814
1:2:10:30	5	5	24	11.8	70.4814	70.4814
1:2:11:35	5	5	24	11.8	70.4814	70.4814
1:2:12:40	5	5	24	11.8	70.4814	70.4814
1:2:13:50	5	5	24	11.8	70.4814	70.4814
1:2:14:55	5	5	24	11.8	70.4814	70.4814
1:2:16:5	5	5	24	11.8	70.4814	70.4814
1:2:17:10	5	5	24	11.8	70.4814	70.4814
1:2:18:15	5	5	24	11.8	70.4814	70.4814
1:2:19:25	5	5	24	11.8	70.4814	70.4814
1:2:20:30	5	5	24	11.8	70.4814	70.4814
1:2:21:35	5	5	24	11.6909	70.4814	70.4814
1:2:22:45	5	5	24	11.6909	70.4814	70.4814
1:2:23:50	5	5	24	11.6909	70.4814	70.4814
1:2:24:55	5	5	24	11.6909	70.4814	70.4814
1:2:26:5	5	5	24	11.6909	70.4814	70.4814
1:2:27:10	5	5	24	11.6909	70.4814	70.4814
1:2:28:20	5	5	24	11.6909	70.4814	70.4814
1:2:29:25	5	5	24	11.6909	70.4814	70.4814
1:2:30:30	5	5	24	11.6909	70.4814	70.4814
1:2:31:40	5	5	24	11.6909	70.4814	70.4814
1:2:32:45	5	5	24	11.5875	70.4814	70.4814
1:2:33:50	5	5	24	11.5875	70.4814	70.4814
1:2:35:0	5	5	24	11.5875	70.4814	70.4814
1:2:36:5	5	5	24	11.5875	70.4814	70.4814
1:2:37:10	5	5	24	11.5875	70.4814	70.4814
1:2:38:20	5	5	24	11.5875	70.4814	70.4814
1:2:39:25	5	5	24	11.5875	70.4814	70.4814
1:2:40:35	5	5	24	11.4892	70.4814	70.4814
1:2:41:40	5	5	24	11.4892	70.4814	70.4814
1:2:42:45	5	5	24	11.4892	70.4814	70.4814
1:2:43:55	5	5	24	11.4892	70.4814	70.4814
1:2:45:0	5	5	24	11.4892	70.4814	70.4814
1:2:46:10	5	5	24	11.4892	70.4814	70.4814
1:2:47:15	5	5	24	11.4892	70.4814	70.4814
1:2:48:20	5	5	24	11.4892	70.4814	70.4814
1:2:49:30	5	5	24	11.4892	70.4814	70.4814
1:2:50:35	5	5	24	11.4892	70.4814	70.4814
1:2:51:40	5	5	24	11.4892	70.4814	70.4814
1:2:52:50	5	5	24	11.4892	70.4814	70.4814
1:2:53:55	5	5	24	11.3887	70.4814	70.4814
1:2:55:5	5	5	24	11.3887	70.4814	70.4814
1:2:56:10	5	5	24	11.3887	70.4814	70.4814
1:2:57:15	5	5	24	11.3887	70.4814	70.4814
1:2:58:25	5	5	24	11.3887	70.4814	70.4814
1:2:59:30	5	5	24	11.3887	70.4814	70.4814
1:3:0:35	5	5	24	11.3887	70.4814	70.4814
1:3:1:45	5	5	24	11.3887	70.4814	70.4814
1:3:2:50	5	5	24	11.3887	70.4814	70.4814
1:3:3:55	5	5	24	11.3887	70.4814	70.4814
1:3:5:5	5	5	24	11.3887	70.4814	70.4814
1:3:6:10	5	5	24	11.3887	70.4814	70.4814
1:3:7:20	5	5	24	11.2922	70.4814	70.4814
1:3:8:25	5	5	24	11.2922	70.4814	70.4814
1:3:9:30	5	5	24	11.2922	70.4814	70.4814
1:3:10:40	5	5	24	11.2922	70.4814	70.4814
1:3:11:45	5	5	24	11.2922	70.4814	70.4814
1:3:12:50	5	5	24	11.2922	70.4814	70.4814
1:3:14:0	5	5	24	11.2922	70.4814	70.4814
1:3:15:5	5	5	24	11.2922	70.4814	70.4814
1:3:16:15	5	5	24	11.2922	70.4814	70.4814
1:3:17:20	5	5	24	11.2922	70.4814	70.4814
1:3:18:25	5	5	24	11.2922	70.4814	70.4814
1:3:19:35	5	5	24	11.2922	70.4814	70.4814
1:3:20:40	5	5	24	11.2922	70.4814	70.4814
1:3:21:45	5	5	24	11.192	70.4814	70.4814
1:3:22:55	5	5	24	11.192	70.4814	70.4814
1:3:24:0	5	5	24	11.192	70.4814	70.4814
1:3:25:5	5	5	24	11.192	70.4814	70.4814
1:3:26:15	5	5	24	11.192	70.4814	70.4814
1:3:27:20	5	5	24	11.192	70.4814	70.4814
1:3:28:30	5	5	24	11.192	70.4814	70.4814
1:3:29:35	5	5	24	11.192	70.4814	70.4814
1:3:30:40	5	5	24	11.192	70.4814	70.4814
1:3:31:50	5	5	24	11.192	70.4814	70.4814
1:3:32:55	5	5	24	11.192	70.4814	70.4814
1:3:34:0	5	5	24	11.192	70.4814	70.4814
1:3:35:10	5	5	24	11.192	70.4814	70.4814
1:3:36:15	5	5	24	11.192	70.4814	70.4814
1:3:37:20	5	5	24	11.192	70.4814	70.4814
1:3:38:30	5	5	24	11.192	70.4814	70.4814
1:3:39:35	5	5	24	11.0889	70.4814	70.4814
1:3:40:45	5	5	24	11.0889	70.4814	70.4814
1:3:41:50	5	5	24	11.0889	70.4814	70.4814
1:3:42:55	5	5	24	11.0889	70.4814	70.4814
1:3:44:5	5	5	24	11.0889	70.4814	70.4814
1:3:45:10	5	5	24	11.0889	70.4814	70.4814
1:3:46:15	5	5	24	11.0889	70.4814	70.4814
1:3:47:25	5	5	24	11.0889	70.4814	70.4814
1:3:48:30	5	5	24	11.0889	70.4814	70.4814
1:3:49:35	5	5	24	11.0889	70.4814	70.4814
1:3:50:45	5	5	24	11.0889	70.4814	70.4814
1:3:51:50	5	5	24	11.0889	70.4814	70.4814
1:3:53:0	5	5	24	11.0889	70.4814	70.4814
1:3:54:5	5	5	24	11.0889	70.4814	70.4814
1:3:55:10	5	5	24	10.9996	70.4814	70.4814
1:3:56:20	5	5	24	10.9996	70.4814	70.4814
1:3:57:25	5	5	24	10.9996	70.4814	70.4814
1:3:58:30	5	5	24	10.9996	70.4814	70.4814
1:3:59:40	5	5	24	10.9996	70.4814	70.4814
1:4:0:45	5	5	24	10.9996	70.4814	70.4814
1:4:1:50	5	5	24	10.9996	70.4814	70.4814
1:4:3:0	5	5	24	10.9996	70.4814	70.4814
1:4:4:5	5	5	24	10.9996	70.4814	70.4814
1:4:5:15	5	5	24	10.9996	70.4814	70.4814
1:4:6:20	5	5	24	10.9996	70.4814	70.4814
1:4:7:25	5	5	24	10.9996	70.4814	70.4814
1:4:8:35	5	5	24	10.9996	70.4814	70.4814
1:4:9:40	5	5	24	10.9996	70.4814	70.4814
1:4:10:45	5	5	24	10.9996	70.4814	70.4814
1:4:11:55	5	5	24	10.9996	70.4814	70.4814
1:4:13:0	5	5	24	10.9996	70.4814	70.4814
1:4:14:10	5	5	24	10.9996	70.4814	70.4814
1:4:15:15	5	5	24	10.9996	70.4814	70.4814
1:4:16:20	5	5	24	10.9996	70.4814	70.4814
1:4:17:30	5	5	24	10.9996	70.4814	70.4814
1:4:18:35	5	5	24	10.9996	70.4814	70.4814
1:4:19:40	5	5	24	10.9996	70.4814	70.4814
1:4:20:50	5	5	24	10.9996	70.4814	70.4814
1:4:21:55	5	5	24	10.9996	70.4814	70.4814
1:4:23:0	5	5	24	10.9996	70.4814	70.4814
1:4:24:10	5	5	24	10.9996	70.4814	70.4814
1:4:25:15	5	5	24	10.9996	70.4814	70.4814
1:4:26:25	5	5	24	10.9996	70.4814	70.4814
1:4:27:30	5	5	24	10.8915	70.4814	70.4814
1:4:28:35	5	5	24	10.8915	70.4814	70.4814
1:4:29:45	5	5	24	10.8915	70.4814	70.4814
1:4:30:50	5	5	24	10.8915	70.4814	70.4814
1:4:31:55	5	5	24	10.8915	70.4814	70.4814
1:4:33:5	5	5	24	10.8915	70.4814	70.4814
1:4:34:10	5	5	24	10.8915	70.4814	70.4814
1:4:35:15	5	5	24	10.8915	70.4814	70.4814
1:4:36:25	5	5	24	10.8915	70.4814	70.4814
1:4:37:30	5	5	24	10.8915	70.4814	70.4814
1:4:38:35	5	5	24	10.8915	70.4814	70.4814
1:4:39:45	5	5	24	10.8915	70.4814	70.4814
1:4:40:50	5	5	24	10.8915	70.4814	70.4814
1:4:41:55	5	5	24	10.8915	70.4814	70.4814
1:4:43:5	5	5	24	10.8915	70.4814	70.4814
1:4:44:10	5	5	24	10.8915	70.4814	70.4814
1:4:45:20	5	5	24	10.8915	70.4814	70.4814
1:4:46:25	5	5	24	10.8915	70.4814	70.4814
1:4:47:30	5	5	24	10.8915	70.4814	70.4814
1:4:48:40	5	5	24	10.8915	70.4814	70.4814
1:4:49:45	5	5	24	10.8915	70.4814	70.4814
1:4:50:50	5	5	24	10.8915	70.4814	70.4814
1:4:52:0	5	5	24	10.8915	70.4814	70.4814
1:4:53:5	5	5	24	10.8915	70.4814	70.4814
1:4:54:10	5	5	24	10.8915	70.4814	70.4814
1:4:55:20	5	5	24	10.8915	70.4814	70.4814
1:4:56:25	5	5	24	10.8915	70.4814	70.4814
1:4:57:30	5	5	24	10.8915	70.4814	70.4814
1:4:58:40	5	5	24	10.8915	70.4814	70.4814
1:4:59:45	5	5	24	10.8915	70.4814	70.4814
1:5:0:55	5	5	24	10.8915	70.4814	70.4814
1:5:2:0	5	5	24	10.8915	70.4814	70.4814
1:5:3:5	5	5	24	10.8915	70.4814	70.4814
1:5:4:15	5	5	24	10.8915	70.4814	70.4814
1:5:5:20	5	5	24	10.8915	70.4814	70.4814
1:5:6:25	5	5	24	10.8915	70.4814	70.4814
1:5:7:35	5	5	24	10.8915	70.4814	70.4814
1:5:8:40	5	5	24	10.8915	70.4814	70.4814
1:5:9:45	5	5	24	10.8915	70.4814	70.4814
1:5:10:55	5	5	24	10.8915	70.4814	70.4814
1:5:12:0	5	5	24	10.8915	70.4814	70.4814
1:5:13:10	5	5	24	10.8915	70.4814	70.4814
1:5:14:15	5	5	24	10.8915	70.4814	70.4814
1:5:15:20	5	5	24	10.8915	70.4814	70.4814
1:5:16:30	5	5	24	10.8915	70.4814	70.4814
1:5:17:35	5	5	24	10.8915	70.4814	70.4814
1:5:18:40	5	5	24	10.8915	70.4814	70.4814
1:5:19:50	5	5	24	10.8915	70.4814	70.4814
1:5:20:55	5	5	24	10.8915	70.4814	70.4814
1:5:22:5	5	5	24	10.8915	70.4814	70.4814
1:5:23:10	5	5	24	10.8915	70.4814	70.4814
1:5:24:15	5	5	24	10.8915	70.4814	70.4814
1:5:25:25	5	5	24	10.8915	70.4814	70.4814
1:5:26:30	5	5	24	10.8915	70.4814	70.4814
1:5:27:35	5	5	24	10.8915	70.4814	70.4814
1:5:28:45	5	5	24	10.8915	70.4814	70.4814
1:5:29:50	5	5	24	10.8915	70.4814	70.4814
1:5:30:55	5	5	24	10.8915	70.4814	70.4814
1:5:32:5	5	5	24	10.8915	70.4814	70.4814
1:5:33:10	5	5	24	10.9002	70.4814	70.4814
1:5:34:20	5	5	24	10.9002	70.4814	70.4814
1:5:35:25	5	5	24	10.9002	70.4814	70.4814
1:5:36:30	5	5	24	10.9002	70.4814	70.4814
1:5:37:40	5	5	24	10.9002	70.4814	70.4814
1:5:38:45	5	5	24	10.9002	70.4814	70.4814
1:5:39:50	5	5	24	10.9002	70.4814	70.4814
1:5:41:0	5	5	24	10.9002	70.4814	70.4814
1:5:42:5	5	5	24	10.9002	70.4814	70.4814
1:5:43:15	5	5	24	10.9002	70.4814	70.4814
1:5:44:20	5	5	24	10.9002	70.4814	70.4814
1:5:45:25	5	5	24	10.9002	70.4814	70.4814
1:5:46:35	5	5	24	10.9002	70.4814	70.4814
1:5:47:40	5	5	24	10.9002	70.4814	70.4814
1:5:48:45	5	5	24	10.9002	70.4814	70.4814
1:5:49:55	5	5	24	10.9002	70.4814	70.4814
1:5:51:0	5	5	24	10.9002	70.4814	70.4814
1:5:52:10	5	5	24	10.9002	70.4814	70.4814
1:5:53:15	5	5	24	10.9002	70.4814	70.4814
1:5:54:20	5	5	24	10.9002	70.4814	70.4814
1:5:55:30	5	5	24	10.9002	70.4814	70.4814
1:5:56:35	5	5	24	10.9002	70.4814	70.4814
1:5:57:40	5	5	24	10.9002	70.4814	70.4814
1:5:58:50	5	5	24	10.9002	70.4814	70.4814
1:5:59:55	5	5	24	10.9002	70.4814	70.4814
1:6:1:0	5	5	24	10.9002	70.4814	70.4814
1:6:2:10	5	5	24	10.9002	70.4814	70.4814
1:6:3:15	5	5	24	10.9002	70.4814	70.4814
1:6:4:25	5	5	24	10.9002	70.4814	70.4814
1:6:5:30	5	5	24	10.9002	70.4814	70.4814
1:6:6:35	5	5	24	10.9002	70.4814	70.4814
1:6:7:45	5	5	24	10.9002	70.4814	70.4814
1:6:8:50	5	5	24	10.9002	70.4814	70.4814
1:6:9:55	5	5	24	11.0022	70.4814	70.4814
1:6:11:5	5	5	24	11.0022	70.4814	70.4814
1:6:12:10	5	5	24	11.0022	70.4814	70.4814
1:6:13:15	5	5	24	11.0022	70.4814	70.4814
1:6:14:25	5	5	24	11.0022	70.4814	70.4814
1:6:15:30	5	5	24	11.0022	70.4814	70.4814
1:6:16:40	5	5	24	11.0022	70.4814	70.4814
1:6:17:45	5	5	24	11.0022	70.4814	70.4814
1:6:18:50	5	5	24	11.0022	70.4814	70.4814
1:6:20:0	5	5	24	11.0022	70.4814	70.4814
1:6:21:5	5	5	24	11.0022	70.4814	70.4814
1:6:22:10	5	5	24	11.0022	70.4814	70.4814
1:6:23:20	5	5	24	11.0022	70.4814	70.4814
1:6:24:25	5	5	24	11.1026	70.4814	70.4814
1:6:25:30	5	5	24	11.1026	70.4814	70.4814
1:6:26:40	5	5	24	11.1026	70.4814	70.4814
1:6:27:45	5	5	24	11.1026	70.4814	70.4814
1:6:28:50	5	5	24	11.1026	70.4814	70.4814
1:6:30:0	5	5	24	11.1026	70.4814	70.4814
1:6:31:5	5	5	24	11.1026	70.4814	70.4814
1:6:32:15	5	5	24	11.2106	70.4814	70.4814
1:6:33:20	5	5	24	11.2106	70.4814	70.4814
1:6:34:25	5	5	24	11.2106	70.4814	70.4814
1:6:35:35	5	5	24	11.2106	70.4814	70.4814
1:6:36:40	5	5	24	11.2106	70.4814	70.4814
1:6:37:45	5	5	24	11.2106	70.4814	70.4814
1:6:38:55	5	5	24	11.2106	70.4814	70.4814
1:6:40:0	5	5	24	11.3124	70.4814	70.4814
1:6:41:5	5	5	24	11.3124	70.4814	70.4814
1:6:42:15	5	5	24	11.3124	70.4814	70.4814
1:6:43:20	5	5	24	11.3124	70.4814	70.4814
1:6:44:30	5	5	24	11.3124	70.4814	70.4814
1:6:45:35	5	5	24	11.3124	70.4814	70.4814
1:6:46:40	5	5	24	11.3124	70.4814	70.4814
1:6:47:50	5	5	24	11.409	70.4814	70.4814
1:6:48:55	5	5	24	11.409	70.4814	70.4814
1:6:50:0	5	5	24	11.409	70.4814	70.4814
1:6:51:10	5	5	24	11.409	70.4814	70.4814
1:6:52:15	5	5	24	11.409	70.4814	70.4814
1:6:53:20	5	5	24	11.409	70.4814	70.4814
1:6:54:30	5	5	24	11.409	70.4814	70.4814
1:6:55:35	5	5	24	11.409	70.4814	70.4814
1:6:56:45	5	5	24	11.409	70.4814	70.4814
1:6:57:50	5	5	24	11.409	70.4814	70.4814
1:6:58:55	5	5	24	11.5127	70.4814	70.4814
1:7:0:5	5	5	24	11.5127	70.4814	70.4814
1:7:1:10	5	5	24	11.5127	70.4814	70.4814
1:7:2:15	5	5	24	11.5127	70.4814	70.4814
1:7:3:25	5	5	24	11.5127	70.4814	70.4814
1:7:4:30	5	5	24	11.6044	70.4814	70.4814
1:7:5:40	5	5	24	11.6044	70.4814	70.4814
1:7:6:45	5	5	24	11.6044	70.4814	70.4814
1:7:7:50	5	5	24	11.6044	70.4814	70.4814
1:7:9:0	5	5	24	11.7055	70.4814	70.4814
1:7:10:5	5	5	24	11.7055	70.4814	70.4814
1:7:11:10	5	5	24	11.7055	70.4814	70.4814
1:7:12:20	5	5	24	11.7055	70.4814	70.4814
1:7:13:25	5	5	24	11.7055	70.4814	70.4814
1:7:14:35	5	5	24	11.7055	70.4814	70.4814
1:7:15:40	5	5	24	11.7055	70.4814	70.4814
1:7:16:45	5	5	24	11.7055	70.4814	70.4814
1:7:17:55	5	5	24	11.8038	70.4814	70.4814
1:7:19:0	5	5	24	11.8038	70.4814	70.4814
1:7:20:5	5	5	24	11.8038	70.4814	70.4814
1:7:21:15	5	5	24	11.8038	70.4814	70.4814
1:7:22:20	5	5	24	11.8038	70.4814	70.4814
1:7:23:30	5	5	24	11.9135	70.4814	70.4814
1:7:24:35	5	5	24	11.9135	70.4814	70.4814
1:7:25:40	5	5	24	11.9135	70.4814	70.4814
1:7:26:50	5	5	24	11.9135	70.4814	70.4814
1:7:27:55	5	5	24	11.9135	70.4814	70.4814
1:7:29:0	5	5	24	11.9135	70.4814	70.4814
1:7:30:10	5	5	24	11.9135	70.4814	70.4814
1:7:31:15	5	5	24	11.9135	70.4814	70.4814
1:7:32:25	5	5	24	12.013	70.4814	70.4814
1:7:33:30	5	5	24	12.013	70.4814	70.4814
1:7:34:35	5	5	24	12.013	70.4814	70.4814
1:7:35:45	5	5	24	12.013	70.4814	70.4814
1:7:36:50	5	5	24	12.013	70.4814	70.4814
1:7:37:55	5	5	24	12.013	70.4814	70.4814
1:7:39:5	5	5	24	12.1256	70.4814	70.4814
1:7:40:10	5	5	24	12.1256	70.4814	70.4814
1:7:41:20	5	5	24	12.1256	70.4814	70.4814
1:7:42:25	5	5	24	12.1256	70.4814	70.4814
1:7:43:30	5	5	24	12.2015	70.4814	70.4814
1:7:44:40	5	5	24	12.2015	70.4814	70.4814
1:7:45:45	5	5	24	12.2015	70.4814	70.4814
1:7:46:50	5	5	24	12.2015	70.4814	70.4814
1:7:48:0	5	5	24	12.2015	70.4814	70.4814
1:7:49:5	5	5	24	12.2015	70.4814	70.4814
1:7:50:10	5	5	24	12.2015	70.4814	70.4814
1:7:51:20	5	5	24	12.2015	70.4814	70.4814
1:7:52:25	5	5	24	12.311	70.4814	70.4814
1:7:53:35	5	5	24	12.311	70.4814	70.4814
1:7:54:40	5	5	24	12.311	70.4814	70.4814
1:7:55:45	5	5	24	12.311	70.4814	70.4814
1:7:56:55	5	5	24	12.311	70.4814	70.4814
1:7:58:0	5	5	24	12.4042	70.4814	70.4814
1:7:59:5	5	5	24	12.4042	70.4814	70.4814
1:8:0:15	5	5	24	12.4042	70.4814	0
1:8:1:30	5	5	24	12.6593	0.0	0
1:8:2:40	5	5	24	12.8889	0.0	0
1:8:3:55	5	5	24	13.3354	0.0	0
1:8:5:5	5	5	24	13.547	0.0	0
1:8:6:20	5	5	24	13.753	0.0	0
1:8:7:30	5	5	24	13.9558	0.0	0
1:8:8:45	5	5	24	14.2158	0.0	0
1:8:9:55	5	5	24	14.7239	0.0	0
1:8:11:10	5	5	24	14.9164	0.0	0
1:8:12:20	5	5	24	15.1099	0.0	0
1:8:13:35	5	5	24	15.363	0.0	0
1:8:14:45	5	5	24	15.6127	0.0	0
1:8:16:0	5	5	24	16.1027	0.0	0
1:8:17:10	5	5	24	16.3423	0.0	0
1:8:18:25	5	5	24	16.5794	0.0	0
1:8:19:35	5	5	24	16.8133	0.0	0
1:8:20:50	5	5	24	16.9774	0.0	0
1:8:22:0	5	5	24	17.3657	0.0	0
1:8:23:15	5	5	24	17.5966	0.0	7.738000000000174
1:8:24:25	5	5	24	17.8248	0.0	6.723500000000211
1:8:25:40	5	5	24	18.0396	0.0	5.701499999999946
1:8:26:50	5	5	24	18.2053	0.0	8.052000000000064
1:8:28:5	5	5	24	18.5097	0.0	13.068499999999748
1:8:29:15	5	5	24	18.6669	0.0	71.22649999999987
1:8:30:30	5	5	24	18.9051	26.5759	100
1:8:31:45	5	5	24	16.5582	99.5053	0
1:8:32:55	5	5	24	12.2468	96.347	0
1:8:34:10	5	5	24	12.5176	0.0	0
1:8:35:20	5	5	24	12.779	0.0	0
1:8:36:35	5	5	24	13.0336	0.0	0
1:8:37:45	5	5	24	13.2877	0.0	0
1:8:39:0	5	5	24	13.7876	0.0	0
1:8:40:10	5	5	24	14.0255	0.0	0
1:8:41:25	5	5	24	14.321	0.0	0
1:8:42:35	5	5	24	14.5471	0.0	0
1:8:43:50	5	5	24	14.7701	0.0	0
1:8:45:0	5	5	24	15.3453	0.0	0
1:8:46:15	5	5	24	15.6244	0.0	0
1:8:47:25	5	5	24	15.8352	0.0	0
1:8:48:40	5	5	24	16.0409	0.0	0
1:8:49:50	5	5	24	16.3179	0.0	0
1:8:51:5	5	5	24	16.8604	0.0	0
1:8:52:20	5	5	24	17.1229	0.0	0
1:8:53:30	5	5	24	17.384	0.0	0
1:8:54:45	5	5	24	17.573	0.0	7.03200000000005
1:8:55:55	5	5	24	17.9641	0.0	28.350500000000036
1:8:57:10	5	5	24	18.162	0.0	5.187499999999957
1:8:58:20	5	5	24	18.3513	0.0	1.5525000000001299
1:8:59:35	5	5	24	18.5335	0.0	23.968000000000156
1:9:0:45	5	5	24	18.7104	0.0	41.07800000000015
1:9:2:0	5	5	24	19.0969	2.6475	44.57500000000004
1:9:3:10	5	5	24	19.5544	72.1542	95.51649999999997
1:9:4:25	5	5	24	15.5169	99.6346	20.244999999999894
1:9:5:35	5	5	24	15.6367	1.2341	0
1:9:6:50	5	5	24	15.8663	0.0	0
1:9:8:0	5	5	24	16.3151	0.0	0
1:9:9:15	5	5	24	16.5356	0.0	0
1:9:10:25	5	5	24	16.7458	0.0	0
1:9:11:40	5	5	24	16.9522	0.0	0
1:9:12:50	5	5	24	17.3634	0.0	0
1:9:14:5	5	5	24	17.5654	0.0	4.13899999999996
1:9:15:20	5	5	24	17.766	0.0	11.037999999999993
1:9:16:30	5	5	24	17.9664	0.0	19.875000000000025
1:9:17:45	5	5	24	18.1968	0.0	39.50750000000002
1:9:18:55	5	5	24	18.6943	4.2317	17.400499999999845
1:9:20:10	5	5	24	18.2957	38.8972	0
1:9:21:20	5	5	24	18.5659	8.405	100
1:9:22:35	5	5	24	18.7977	0.0	100
1:9:23:45	5	5	24	17.9609	99.0596	100
1:9:25:0	5	5	24	12.1497	99.5172	0
1:9:26:10	5	5	24	12.4601	1.233	0
1:9:27:25	5	5	24	12.758	0.0	0
1:9:28:35	5	5	24	13.0531	0.0	0
1:9:29:50	5	5	24	13.347	0.0	0
1:9:31:0	5	5	24	13.9253	0.0	0
1:9:32:15	5	5	24	14.2108	0.0	0
1:9:33:25	5	5	24	14.545	0.0	0
1:9:34:40	5	5	24	14.838	0.2707	0
1:9:35:50	5	5	24	15.1284	3.3046	0
1:9:37:5	5	5	24	15.7212	2.4589	0
1:9:38:15	5	5	24	15.9747	0.0	0
1:9:39:30	5	5	24	16.2551	0.24	0
1:9:40:40	5	5	24	16.5251	3.083	0
1:9:41:55	5	5	24	17.0433	5.5541	0
1:9:43:10	5	5	24	17.2737	8.9883	0
1:9:44:20	5	5	24	17.507	9.2575	0
1:9:45:35	5	5	24	17.7357	9.5	39.10399999999984
1:9:46:45	5	5	24	17.9284	15.8528	81.11599999999991
1:9:48:0	5	5	24	17.7355	44.2262	0
1:9:49:10	5	5	24	14.4439	99.4755	0
1:9:50:25	5	5	24	14.7279	0.0	0
1:9:51:35	5	5	24	15.0093	0.0	0
1:9:52:50	5	5	24	15.2853	0.0	3.3270000000001083
1:9:54:0	5	5	24	15.8225	0.0	21.25149999999983
1:9:55:15	5	5	24	16.0831	0.0	34.26799999999999
1:9:56:25	5	5	24	16.3321	0.0	27.742499999999996
1:9:57:40	5	5	24	16.6425	0.0	18.464000000000016
1:9:58:50	5	5	24	16.888	0.0	14.941500000000065
1:10:0:5	5	5	24	17.3946	0.0	17.580000000000037
1:10:1:20	5	5	24	17.628	0.0	21.31300000000007
1:10:2:30	5	5	24	17.8525	0.0	70.44250000000008
1:10:3:45	5	5	24	17.9601	30.3182	0
1:10:4:55	5	5	24	17.9601	25.5726	0
1:10:6:10	5	5	24	15.4997	77.8972	33.41700000000004
1:10:7:20	5	5	24	15.7798	1.0297	100
1:10:8:35	5	5	24	16.0553	0.0	0
1:10:9:45	5	5	24	16.2579	40.8125	0
1:10:11:0	5	5	24	15.4593	69.8863	0
1:10:12:10	5	5	24	15.756	0.0	0
1:10:13:25	5	5	24	16.0326	0.0	8.315499999999927
1:10:14:35	5	5	24	16.3043	0.0	20.582500000000095
1:10:15:50	5	5	24	16.5708	0.0	22.204000000000047
1:10:17:0	5	5	24	17.0901	0.0	23.97250000000011
1:10:18:15	5	5	24	17.3201	11.5878	36.20849999999996
1:10:19:25	5	5	24	17.6498	15.4405	21.40100000000019
1:10:20:40	5	5	24	17.6498	32.2878	11.314000000000128
1:10:21:50	5	5	24	17.6498	25.7583	13.348499999999891
1:10:23:5	5	5	24	17.8522	13.5696	25.92549999999996
1:10:24:15	5	5	24	18.0761	10.1573	9.022500000000047
1:10:25:30	5	5	24	18.3074	9.3868	0
1:10:26:45	5	5	24	18.5906	0.0	6.827499999999922
1:10:27:55	5	5	24	19.1624	4.1685	33.897000000000006
1:10:29:10	5	5	24	19.0442	34.0526	75.72449999999998
1:10:30:20	5	5	24	17.5368	76.6851	99.14950000000005
1:10:31:35	5	5	24	16.7361	58.0415	0
1:10:32:45	5	5	24	15.0377	99.6054	0
1:10:34:0	5	5	24	13.2267	16.4908	0
1:10:35:10	5	5	24	13.5661	0.0	0
1:10:36:25	5	5	24	13.8863	0.0	0
1:10:37:35	5	5	24	14.2019	0.0	0
1:10:38:50	5	5	24	14.5158	0.0	0
1:10:40:0	5	5	24	15.1224	0.0	0
1:10:41:15	5	5	24	15.4186	0.0	0
1:10:42:25	5	5	24	15.764	0.0	0
1:10:43:40	5	5	24	16.0425	0.0	73.22499999999991
1:10:44:50	5	5	24	16.3148	0.0	52.811499999999896
1:10:46:5	5	5	24	16.9863	0.0	95.88399999999993
1:10:47:15	5	5	24	17.2464	0.0	0
1:10:48:30	5	5	24	14.5152	99.0596	0
1:10:49:40	5	5	24	14.0871	26.4719	0
1:10:50:55	5	5	24	14.5962	0.0	0
1:10:52:10	5	5	24	14.9115	0.0	0
1:10:53:20	5	5	24	15.2266	0.0	0
1:10:54:35	5	5	24	15.5358	0.0	0
1:10:55:45	5	5	24	15.8377	0.0	0
1:10:57:0	5	5	24	16.4105	0.0	0
1:10:58:10	5	5	24	16.6812	0.0	0
1:10:59:25	5	5	24	16.9452	0.0	0
1:11:0:35	5	5	24	17.2092	0.0	0
1:11:1:50	5	5	24	17.5269	0.0	0
1:11:3:0	5	5	24	18.0353	0.0	0
1:11:4:15	5	5	24	18.2814	0.0	100
1:11:5:30	5	5	24	18.5449	0.0	14.126999999999981
1:11:6:40	5	5	24	16.79	99.0596	0
1:11:7:55	5	5	24	10.6748	99.5172	0
1:11:9:5	5	5	24	11.0508	1.233	0
1:11:10:20	5	5	24	11.4165	0.0	0
1:11:11:30	5	5	24	11.7799	0.0	0
1:11:12:45	5	5	24	12.1368	0.0	0
1:11:13:55	5	5	24	12.84	0.0	0
1:11:15:10	5	5	24	13.1863	0.0	0
1:11:16:20	5	5	24	13.5271	0.0	0
1:11:17:35	5	5	24	13.8643	0.0	0
1:11:18:45	5	5	24	14.1973	0.0	0
1:11:20:0	5	5	24	14.8397	0.0	0
1:11:21:10	5	5	24	15.1532	0.0	13.870499999999808
1:11:22:25	5	5	24	15.4643	0.0	76.56749999999985
1:11:23:35	5	5	24	15.7705	0.0	35.095999999999904
1:11:24:50	5	5	24	16.0696	0.0	0
1:11:26:0	5	5	24	16.6471	0.0	0
1:11:27:15	5	5	24	16.9293	0.0	0
1:11:28:30	5	5	24	17.2681	0.0	0
1:11:29:40	5	5	24	17.6014	0.0	0
1:11:30:55	5	5	24	18.1836	0.0	0
1:11:32:5	5	5	24	18.4406	0.0	6.866500000000048
1:11:33:20	5	5	24	18.6878	0.0	63.13250000000011
1:11:34:30	5	5	24	18.905	14.2684	32.03349999999989
1:11:35:45	5	5	24	18.0921	69.4117	49.19250000000001
1:11:36:55	5	5	24	16.3655	56.1951	100
1:11:38:10	5	5	24	16.6842	0.0	0
1:11:39:20	5	5	24	14.1742	99.0596	0
1:11:40:35	5	5	24	14.4546	0.0	0
1:11:41:45	5	5	24	14.7783	0.0	0
1:11:43:0	5	5	24	15.4157	0.0	0
1:11:44:10	5	5	24	15.7243	0.0	6.339999999999996
1:11:45:25	5	5	24	16.0262	0.0	100
1:11:46:35	5	5	24	16.3197	0.0	0
1:11:47:50	5	5	24	16.3197	63.5517	0.3720000000000283
1:11:49:0	5	5	24	16.6342	0.0	6.654
1:11:50:15	5	5	24	16.9133	0.0	0
1:11:51:25	5	5	24	17.1874	0.0	0
1:11:52:40	5	5	24	17.5163	0.0	1.369999999999866
1:11:53:55	5	5	24	18.0607	0.0	14.004000000000108
1:11:55:5	5	5	24	18.3408	5.8074	29.90800000000021
1:11:56:20	5	5	24	18.6171	6.0569	21.850000000000158
1:11:57:30	5	5	24	18.8025	17.3774	20.75099999999991
1:11:58:45	5	5	24	18.9263	21.7168	20.065000000000133
1:11:59:55	5	5	24	19.0456	22.3436	64.40400000000014
1:12:1:10	5	5	24	19.0456	60.7166	100
1:12:2:20	5	5	24	18.8348	41.1279	10.467999999999918
1:12:3:35	5	5	24	15.3535	99.6033	4.2614999999999625
1:12:4:45	5	5	24	14.9683	1.2338	4.600999999999921
1:12:6:0	5	5	24	15.6223	0.0	7.1625000000000085
1:12:7:10	5	5	24	15.9345	0.0	6.091500000000103
1:12:8:25	5	5	24	16.2451	0.0	5.8514999999999375
1:12:9:35	5	5	24	16.5492	0.0	5.325000000000095
1:12:10:50	5	5	24	16.8465	0.0	4.326499999999811
1:12:12:0	5	5	24	17.4195	0.0	20.375499999999974
1:12:13:15	5	5	24	17.6948	0.0	20.944000000000127
1:12:14:25	5	5	24	17.9613	0.0	19.79900000000015
1:12:15:40	5	5	24	18.2225	0.0	20.815999999999867
1:12:16:50	5	5	24	18.7474	0.0	20.35150000000004
1:12:18:5	5	5	24	19.0045	0.0	26.076499999999832
1:12:19:15	5	5	24	19.2563	0.0	64.85049999999988
1:12:20:30	5	5	24	19.3577	29.1913	45.16549999999998
1:12:21:45	5	5	24	18.3141	71.4942	14.362500000000118
1:12:22:55	5	5	24	16.9269	14.6367	16.241499999999977
1:12:24:10	5	5	24	17.2093	0.0	6.05649999999989
1:12:25:20	5	5	24	17.4869	0.0	13.294500000000063
1:12:26:35	5	5	24	17.7619	0.0	30.031499999999916
1:12:27:45	5	5	24	18.0511	0.0	47.399000000000086
1:12:29:0	5	5	24	18.6324	0.0	70.6185
1:12:30:10	5	5	24	18.6324	36.741	0
1:12:31:25	5	5	24	16.5229	79.5532	0
1:12:32:35	5	5	24	16.7132	1.0453	0
1:12:33:50	5	5	24	17.0048	0.0	0
1:12:35:0	5	5	24	17.5944	0.0	9.87749999999992
1:12:36:15	5	5	24	17.8806	0.0	23.30649999999998
1:12:37:25	5	5	24	18.1563	0.0	37.14749999999992
1:12:38:40	5	5	24	18.4246	0.0	14.243499999999997
1:12:39:50	5	5	24	18.6878	0.0	5.699999999999843
1:12:41:5	5	5	24	19.2518	0.0	11.519499999999965
1:12:42:15	5	5	24	19.5635	0.0	25.40950000000008
1:12:43:30	5	5	24	19.8693	9.9598	20.845
1:12:44:40	5	5	24	20.1654	4.8935	53.84950000000002
1:12:45:55	5	5	24	20.1299	36.0925	100
1:12:47:5	5	5	24	15.4677	98.5352	0
1:12:48:20	5	5	24	15.4677	38.0299	0
1:12:49:30	5	5	24	15.7316	15.4181	0
1:12:50:45	5	5	24	16.0065	12.7907	0
1:12:51:55	5	5	24	16.589	11.343	0
1:12:53:10	5	5	24	16.8833	9.634	0
1:12:54:25	5	5	24	17.1942	3.9886	27.68600000000017
1:12:55:35	5	5	24	17.5123	0.0	30.06149999999995
1:12:56:50	5	5	24	17.7906	0.0	19.159999999999982
1:12:58:0	5	5	24	18.3495	4.2144	3.349000000000011
1:12:59:15	5	5	24	18.5633	16.1064	12.147000000000201
1:13:0:25	5	5	24	18.733	20.4692	76.3459999999999
1:13:1:40	5	5	24	17.764	81.308	91.80100000000007
1:13:2:50	5	5	24	16.4372	53.7863	32.28399999999995
1:13:4:5	5	5	24	16.4848	11.1367	0
1:13:5:15	5	5	24	13.9998	99.4012	0
1:13:6:30	5	5	24	14.2808	1.2319	0
1:13:7:45	5	5	24	14.6066	0.0	0
1:13:8:55	5	5	24	15.2397	0.0	0
1:13:10:10	5	5	24	15.5395	0.0	0
1:13:11:20	5	5	24	15.8316	0.0	0
1:13:12:35	5	5	24	16.1229	0.0	0
1:13:13:45	5	5	24	16.4115	0.0	0
1:13:15:0	5	5	24	16.9881	0.0	0
1:13:16:10	5	5	24	17.2691	0.0	100
1:13:17:25	5	5	24	17.5378	0.0	0
1:13:18:35	5	5	24	15.2531	99.0596	0
1:13:19:50	5	5	24	13.373	32.0348	0
1:13:21:0	5	5	24	13.9533	0.0	0
1:13:22:15	5	5	24	14.2932	0.0	0
1:13:23:25	5	5	24	14.6271	0.0	0
1:13:24:40	5	5	24	14.9574	0.0	0
1:13:25:50	5	5	24	15.6013	0.0	4.61300000000014
1:13:27:5	5	5	24	15.9126	0.0	22.81899999999991
1:13:28:20	5	5	24	16.2101	0.0	0
1:13:29:30	5	5	24	16.4958	0.0	2.740500000000022
1:13:30:45	5	5	24	16.7789	0.0	3.3605000000000373
1:13:31:55	5	5	24	17.4652	0.0	18.12299999999999
1:13:33:10	5	5	24	17.7969	0.0	24.353499999999904
1:13:34:20	5	5	24	18.054	0.0	19.72200000000001
1:13:35:35	5	5	24	18.3153	0.0	19.32999999999993
1:13:36:45	5	5	24	18.5671	0.0	18.31500000000014
1:13:38:0	5	5	24	19.0629	0.0	19.604999999999897
1:13:39:10	5	5	24	19.3039	0.0	41.58349999999983
1:13:40:25	5	5	24	19.5583	6.6576	53.77500000000012
1:13:41:35	5	5	24	18.9338	59.1425	0
1:13:42:50	5	5	24	18.2847	13.3844	52.077499999999986
1:13:44:0	5	5	24	18.6429	18.9887	21.214000000000055
1:13:45:15	5	5	24	18.109	47.5946	79.52449999999996
1:13:46:30	5	5	24	17.4351	56.922	100
1:13:47:40	5	5	24	15.9456	99.5949	14.790000000000006
1:13:48:55	5	5	24	15.2056	35.8474	0
1:13:50:5	5	5	24	15.5373	0.0	0
1:13:51:20	5	5	24	15.8392	0.0	0
1:13:52:30	5	5	24	16.1338	0.0	7.680999999999939
1:13:53:45	5	5	24	16.4145	0.0	18.369999999999933
1:13:54:55	5	5	24	17.0222	0.0	25.89900000000018
1:13:56:10	5	5	24	17.2754	12.0701	7.263999999999999
1:13:57:20	5	5	24	17.5631	4.1634	1.638999999999907
1:13:58:35	5	5	24	17.8669	1.1669	27.852999999999998
1:13:59:45	5	5	24	18.0619	28.6773	22.117500000000057
1:14:1:0	5	5	24	18.294	24.6643	39.500499999999974
1:14:2:10	5	5	24	18.294	25.8675	5.48650000000012
1:14:3:25	5	5	24	18.4171	16.4443	6.547000000000033
1:14:4:35	5	5	24	18.6376	8.3652	14.975499999999975
1:14:5:50	5	5	24	18.8461	13.9263	18.026500000000063
1:14:7:0	5	5	24	19.3626	17.0659	38.80350000000009
1:14:8:15	5	5	24	19.8092	33.9094	65.18349999999984
1:14:9:25	5	5	24	18.1223	73.1685	0
1:14:10:40	5	5	24	18.1223	0.0	0
1:14:11:55	5	5	24	18.6717	0.0	1.0819999999998942
1:14:13:5	5	5	24	18.9129	0.0	8.105999999999991
1:14:14:20	5	5	24	19.157	0.0	5.597000000000083
1:14:15:30	5	5	24	19.3915	0.0	12.686000000000067
1:14:16:45	5	5	24	19.6201	0.0	59.374499999999884
1:14:17:55	5	5	24	19.959	20.437	0
1:14:19:10	5	5	24	19.1832	48.2499	21.57050000000003
1:14:20:20	5	5	24	19.4395	0.0	24.873000000000136
1:14:21:35	5	5	24	19.7302	13.378	87.4139999999999
1:14:22:45	5	5	24	19.0541	82.5523	100
1:14:24:0	5	5	24	15.3633	99.554	17.256500000000067
1:14:25:10	5	5	24	15.6722	1.2333	15.497500000000098
1:14:26:25	5	5	24	15.9527	0.0	13.127999999999993
1:14:27:35	5	5	24	16.2256	0.0	11.701999999999956
1:14:28:50	5	5	24	16.534	1.262	11.681499999999904
1:14:30:0	5	5	24	17.1395	6.7958	0
1:14:31:15	5	5	24	17.4676	0.0	0
1:14:32:25	5	5	24	17.7105	0.0	0
1:14:33:40	5	5	24	17.9587	0.0	2.4714999999999456
1:14:34:50	5	5	24	18.5293	0.5895	6.848000000000134
1:14:36:5	5	5	24	18.5293	25.2589	0
1:14:37:20	5	5	24	18.8348	0.0	36.851500000000016
1:14:38:30	5	5	24	18.9292	25.7383	54.884500000000045
1:14:39:45	5	5	24	18.4011	52.5594	46.03099999999995
1:14:40:55	5	5	24	17.0695	51.3273	20.73850000000006
1:14:42:10	5	5	24	17.3546	0.0	12.269499999999987
1:14:43:20	5	5	24	17.6234	4.6545	12.719000000000147
1:14:44:35	5	5	24	17.8534	10.5066	7.101499999999952
1:14:45:45	5	5	24	18.077	9.3971	10.563000000000141
1:14:47:0	5	5	24	18.6833	6.7748	17.871000000000112
1:14:48:10	5	5	24	19.0047	15.406	10.009000000000121
1:14:49:25	5	5	24	19.2307	5.7978	10.505499999999905
1:14:50:35	5	5	24	19.4436	8.6799	12.002000000000024
1:14:51:50	5	5	24	19.7388	12.4171	16.357
1:14:53:5	5	5	24	20.3594	16.9517	37.468499999999864
1:14:54:15	5	5	24	20.8555	39.5156	55.273999999999944
1:14:55:25	5	5	24	17.1741	99.5925	100
1:14:56:40	5	5	24	17.1741	1.2337	0
1:14:57:55	5	5	24	17.7275	2.2355	0
1:14:59:5	5	5	24	15.5526	99.0807	0
1:15:0:20	5	5	24	15.8428	0.0	0
1:15:1:30	5	5	24	16.119	0.0	0
1:15:2:45	5	5	24	16.3883	0.0	0
1:15:3:55	5	5	24	16.8971	0.0	0
1:15:5:10	5	5	24	17.1382	0.0	0
1:15:6:20	5	5	24	17.3787	0.0	0
1:15:7:35	5	5	24	17.6135	0.0	100
1:15:8:45	5	5	24	17.8401	0.0	100
1:15:10:0	5	5	24	18.4177	0.0	0
1:15:11:10	5	5	24	13.2189	99.0596	0
1:15:12:25	5	5	24	12.4163	99.5172	0
1:15:13:40	5	5	24	12.4163	35.3592	0
1:15:14:50	5	5	24	12.7367	12.971	0
1:15:16:5	5	5	24	13.3149	12.971	0
1:15:17:15	5	5	24	13.5979	12.5424	0
1:15:18:30	5	5	24	13.8744	12.0322	0
1:15:19:40	5	5	24	14.1503	11.5874	0
1:15:20:55	5	5	24	14.6968	11.0788	0
1:15:22:5	5	5	24	14.9812	7.1744	0
1:15:23:20	5	5	24	15.2471	10.3711	0
1:15:24:30	5	5	24	15.5029	10.3711	0
1:15:25:45	5	5	24	15.762	10.3711	0
1:15:26:55	5	5	24	16.2741	11.0849	0
1:15:28:10	5	5	24	16.5916	10.7698	0
1:15:29:20	5	5	24	16.9094	11.3945	0
1:15:30:35	5	5	24	17.0935	12.4508	0
1:15:31:45	5	5	24	17.2886	10.0851	0
1:15:33:0	5	5	24	17.8759	7.8934	0
1:15:34:10	5	5	24	18.1568	9.1151	0
1:15:35:25	5	5	24	18.4382	10.7878	0
1:15:36:35	5	5	24	18.7297	12.9725	80.44999999999999
1:15:37:50	5	5	24	19.0944	36.2294	100
1:15:39:0	5	5	24	14.8139	97.9744	0
1:15:40:15	5	5	24	13.8293	99.6174	0
1:15:41:25	5	5	24	13.8293	50.9995	0
1:15:42:40	5	5	24	14.0332	30.6905	0
1:15:43:50	5	5	24	14.194	25.5526	0
1:15:45:5	5	5	24	14.5547	18.2535	0
1:15:46:15	5	5	24	14.808	7.7858	0
1:15:47:30	5	5	24	15.0585	7.7858	0
1:15:48:40	5	5	24	15.3036	8.0128	0
1:15:49:55	5	5	24	15.7829	8.3052	0
1:15:51:10	5	5	24	16.0106	9.4448	0
1:15:52:20	5	5	24	16.2301	9.7348	0
1:15:53:35	5	5	24	16.4462	9.7348	0
1:15:54:45	5	5	24	16.6801	0.0	0
1:15:56:0	5	5	24	17.1052	0.0	8.05499999999987
1:15:57:10	5	5	24	17.3025	0.0	11.321500000000011
1:15:58:25	5	5	24	17.4942	0.0	6.649000000000047
1:15:59:35	5	5	24	17.6939	0.0	9.089499999999848
1:16:0:50	5	5	24	17.9536	0.0	12.572500000000115
1:16:2:0	5	5	24	18.4586	0.0	27.1070000000001
1:16:3:15	5	5	24	18.6303	0.0	20.461500000000033
1:16:4:25	5	5	24	18.799	0.0	15.260499999999944
1:16:5:40	5	5	24	18.9648	0.0	10.991000000000017
1:16:6:50	5	5	24	19.1796	0.2442	38.647500000000065
1:16:8:5	5	5	24	19.1085	35.2253	41.70199999999999
1:16:9:15	5	5	24	18.3171	49.1385	37.05699999999993
1:16:10:30	5	5	24	18.3171	16.644	56.02099999999985
1:16:11:40	5	5	24	17.9298	54.8659	38.90050000000005
1:16:12:55	5	5	24	16.2973	49.2488	21.502499999999905
1:16:14:5	5	5	24	16.5394	0.0	37.47899999999983
1:16:15:20	5	5	24	16.8072	0.0	49.13600000000008
1:16:16:35	5	5	24	17.0679	0.0	75.13900000000004
1:16:17:45	5	5	24	17.2571	0.0	0
1:16:19:0	5	5	24	17.4473	29.1542	0
1:16:20:10	5	5	24	14.1178	99.3338	0
1:16:21:25	5	5	24	14.3445	0.0	0
1:16:22:35	5	5	24	14.5803	0.0	0
1:16:23:50	5	5	24	14.8174	0.0	0
1:16:25:0	5	5	24	15.2328	0.0	0
1:16:26:15	5	5	24	15.4784	0.0	0
1:16:27:25	5	5	24	15.7163	0.0	0
1:16:28:40	5	5	24	15.9326	0.0	0
1:16:29:50	5	5	24	16.1201	0.0	0
1:16:31:5	5	5	24	16.48	0.0	0
1:16:32:15	5	5	24	16.6566	0.0	0
1:16:33:30	5	5	24	16.8305	0.0	0
1:16:34:40	5	5	24	17.0035	0.0	0
1:16:35:55	5	5	24	17.3314	0.0	0
1:16:37:10	5	5	24	17.5596	0.0	20.913999999999984
1:16:38:20	5	5	24	17.7135	0.0	39.90299999999984
1:16:39:35	5	5	24	17.8688	0.0	67.46700000000016
1:16:40:45	5	5	24	18.0288	13.3448	52.874499999999884
1:16:42:0	5	5	24	16.7486	59.9221	100
1:16:43:10	5	5	24	19.4193	99.6231	100
1:16:44:25	5	5	24	18.6459	44.1592	68.46150000000004
1:16:45:35	5	5	24	15.3586	99.4749	0
1:16:46:50	5	5	24	11.8003	99.6237	0
1:16:48:0	5	5	24	11.2862	1.234	0
1:16:49:15	5	5	24	11.5409	0.0	0
1:16:50:25	5	5	24	11.791	0.0	0
1:16:51:40	5	5	24	12.0403	0.0	0
1:16:52:50	5	5	24	12.5272	0.0	0
1:16:54:5	5	5	24	12.7592	0.0	0
1:16:55:20	5	5	24	12.9873	0.0	0
1:16:56:30	5	5	24	13.2694	0.0	0
1:16:57:45	5	5	24	13.4798	0.0	0
1:16:58:55	5	5	24	13.9011	0.0	0
1:17:0:10	5	5	24	14.0983	0.0	0
1:17:1:20	5	5	24	14.293	0.0	0
1:17:2:35	5	5	24	14.4848	0.0	0
1:17:3:45	5	5	24	14.6716	0.0	0
1:17:5:0	5	5	24	15.0282	0.0	8.582999999999963
1:17:6:10	5	5	24	15.2572	0.0	100
1:17:7:25	5	5	24	15.4203	0.0	31.127000000000073
1:17:8:35	5	5	24	16.3414	99.0596	13.922500000000067
1:17:9:50	5	5	24	11.9717	99.5172	10.03499999999994
1:17:11:0	5	5	24	11.5885	0.0	11.834999999999937
1:17:12:15	5	5	24	11.8085	0.0	12.536499999999968
1:17:13:30	5	5	24	12.0219	0.0	12.9345
1:17:14:40	5	5	24	12.2349	0.0	12.904000000000032
1:17:15:55	5	5	24	12.652	0.0	23.558999999999887
1:17:17:5	5	5	24	12.8566	0.0	5.743500000000012
1:17:18:20	5	5	24	13.0561	0.0	5.692499999999988
1:17:19:30	5	5	24	13.2508	0.0	4.855499999999999
1:17:20:45	5	5	24	13.4385	0.0	6.850500000000039
1:17:21:55	5	5	24	13.7954	0.0	9.232999999999961
1:17:23:10	5	5	24	13.9662	0.0	10.667499999999954
1:17:24:20	5	5	24	14.1392	0.0	0
1:17:25:35	5	5	24	14.3069	0.0	0
1:17:26:45	5	5	24	14.4694	0.0	0
1:17:28:0	5	5	24	14.7883	0.0	75.03700000000012
1:17:29:10	5	5	24	14.9421	0.0	0
1:17:30:25	5	5	24	15.1515	0.0	100
1:17:31:35	5	5	24	15.2951	0.0	88.95549999999992
1:17:32:50	5	5	24	15.4407	0.0	0
1:17:34:0	5	5	24	11.737	99.0596	0
1:17:35:15	5	5	24	11.9025	12.4928	0
1:17:36:25	5	5	24	12.0859	9.5435	0
1:17:37:40	5	5	24	12.2685	8.9864	0
1:17:38:50	5	5	24	12.4535	8.6868	0
1:17:40:5	5	5	24	12.8263	8.3895	0
1:17:41:15	5	5	24	13.0068	8.1813	0
1:17:42:30	5	5	24	13.1812	8.1813	0
1:17:43:40	5	5	24	13.3492	8.1813	0
1:17:44:55	5	5	24	13.67	8.1813	0
1:17:46:5	5	5	24	13.8332	7.9348	0
1:17:47:20	5	5	24	13.9809	7.9348	0
1:17:48:30	5	5	24	14.1297	7.9348	0
1:17:49:45	5	5	24	14.2747	7.4559	0
1:17:51:0	5	5	24	14.5736	2.941	0
1:17:52:10	5	5	24	14.7248	2.941	0
1:17:53:25	5	5	24	14.9176	0.0	0
1:17:54:35	5	5	24	15.1023	0.0	0
1:17:55:50	5	5	24	15.2853	0.0	0
1:17:57:0	5	5	24	15.5626	0.0	0
1:17:58:15	5	5	24	15.6659	0.0	0
1:17:59:25	5	5	24	15.8283	0.0	0
1:18:0:40	5	5	24	15.9972	0.0	0
1:18:1:50	5	5	24	16.1652	0.0	0
1:18:3:5	5	5	24	16.4918	0.0	0
1:18:4:20	5	5	24	16.6487	0.0	0
1:18:5:30	5	5	24	16.8042	0.0	0
1:18:6:45	5	5	24	16.9603	0.0	0
1:18:7:55	5	5	24	17.1099	0.0	0
1:18:9:10	5	5	24	17.2661	0.0	0
1:18:10:20	5	5	24	17.3405	0.0	0
1:18:11:35	5	5	24	17.4139	0.0	0
1:18:12:45	5	5	24	17.4139	0.0	0
1:18:14:0	5	5	24	17.6275	0.0	0
1:18:15:10	5	5	24	17.7659	0.0	0
1:18:16:25	5	5	24	17.898	0.0	0
1:18:17:35	5	5	24	18.0306	0.0	0
1:18:18:50	5	5	24	18.1628	0.0	0
1:18:20:5	5	5	24	18.235	0.0	0
1:18:21:15	5	5	24	18.408	0.0	0
1:18:22:30	5	5	24	18.53	0.0	0
1:18:23:40	5	5	24	18.53	0.0	0
1:18:24:55	5	5	24	18.6328	0.0	0
1:18:26:5	5	5	24	18.7236	0.0	3.136000000000063
1:18:27:20	5	5	24	18.8389	0.0	62.844500000000025
1:18:28:30	5	5	24	18.3563	45.4555	100
1:18:29:45	5	5	24	16.2942	83.5684	32.83299999999997
1:18:30:55	5	5	24	13.875	76.591	0
1:18:32:10	5	5	24	14.007	7.3141	0
1:18:33:20	5	5	24	14.144	5.6615	0
1:18:34:35	5	5	24	14.2779	5.6615	0
1:18:35:50	5	5	24	14.4101	5.6615	0
1:18:37:0	5	5	24	14.67	5.6615	0
1:18:38:15	5	5	24	14.7882	6.2987	0
1:18:39:25	5	5	24	14.9026	6.607	0
1:18:40:40	5	5	24	15.0167	6.607	0
1:18:41:50	5	5	24	15.1283	6.8388	0
1:18:43:5	5	5	24	15.3365	7.1484	0
1:18:44:15	5	5	24	15.4602	8.2272	0
1:18:45:30	5	5	24	15.6076	6.5868	0
1:18:46:40	5	5	24	15.7506	5.7868	0
1:18:47:55	5	5	24	16.0259	4.8955	0
1:18:49:5	5	5	24	16.1731	0.0	0
1:18:50:20	5	5	24	16.2902	1.9253	0
1:18:51:30	5	5	24	16.3954	3.269	0
1:18:52:45	5	5	24	16.4915	4.5851	0
