1:1:29:20	5	14	24	12.1905	70.4814	70.4814
1:1:30:25	5	14	24	12.1905	70.4814	70.4814
1:1:31:30	5	14	24	12.1905	70.4814	70.4814
1:1:32:40	5	14	24	12.1905	70.4814	70.4814
1:1:33:45	5	14	24	12.1905	70.4814	70.4814
1:1:34:55	5	14	24	12.1905	70.4814	70.4814
1:1:36:0	5	14	24	12.1905	70.4814	70.4814
1:1:37:5	5	14	24	12.0859	70.4814	70.4814
1:1:38:15	5	14	24	12.0859	70.4814	70.4814
1:1:39:20	5	14	24	12.0859	70.4814	70.4814
1:1:40:30	5	14	24	12.0859	70.4814	70.4814
1:1:41:35	5	14	24	12.0859	70.4814	70.4814
1:1:42:40	5	14	24	12.0859	70.4814	70.4814
1:1:43:50	5	14	24	12.0859	70.4814	70.4814
1:1:44:55	5	14	24	11.9903	70.4814	70.4814
1:1:46:5	5	14	24	11.9903	70.4814	70.4814
1:1:47:10	5	14	24	11.9903	70.4814	70.4814
1:1:48:15	5	14	24	11.9903	70.4814	70.4814
1:1:49:25	5	14	24	11.9903	70.4814	70.4814
1:1:50:30	5	14	24	11.9903	70.4814	70.4814
1:1:51:35	5	14	24	11.9903	70.4814	70.4814
1:1:52:45	5	14	24	11.9903	70.4814	70.4814
1:1:53:50	5	14	24	11.9903	70.4814	70.4814
1:1:55:0	5	14	24	11.9903	70.4814	70.4814
1:1:56:5	5	14	24	11.8873	70.4814	70.4814
1:1:57:10	5	14	24	11.8873	70.4814	70.4814
1:1:58:20	5	14	24	11.8873	70.4814	70.4814
1:1:59:25	5	14	24	11.8873	70.4814	70.4814
1:2:0:30	5	14	24	11.8873	70.4814	70.4814
1:2:1:40	5	14	24	11.8873	70.4814	70.4814
1:2:2:45	5	14	24	11.8873	70.4814	70.4814
1:2:3:50	5	14	24	11.8873	70.4814	70.4814
1:2:5:0	5	14	24	11.8873	70.4814	70.4814
1:2:6:5	5	14	24	11.8873	70.4814	70.4814
1:2:7:10	5	14	24	11.8873	70.4814	70.4814
1:2:8:20	5	14	24	11.8873	70.4814	70.4814
1:2:9:25	5	14	24	11.7899	70.4814	70.4814
1:2:10:35	5	14	24	11.7899	70.4814	70.4814
1:2:11:40	5	14	24	11.7899	70.4814	70.4814
1:2:12:45	5	14	24	11.7899	70.4814	70.4814
1:2:13:55	5	14	24	11.7899	70.4814	70.4814
1:2:15:0	5	14	24	11.7899	70.4814	70.4814
1:2:16:5	5	14	24	11.7899	70.4814	70.4814
1:2:17:15	5	14	24	11.7899	70.4814	70.4814
1:2:18:20	5	14	24	11.7899	70.4814	70.4814
1:2:19:25	5	14	24	11.7899	70.4814	70.4814
1:2:20:35	5	14	24	11.6884	70.4814	70.4814
1:2:21:40	5	14	24	11.6884	70.4814	70.4814
1:2:22:45	5	14	24	11.6884	70.4814	70.4814
1:2:23:55	5	14	24	11.6884	70.4814	70.4814
1:2:25:0	5	14	24	11.6884	70.4814	70.4814
1:2:26:10	5	14	24	11.6884	70.4814	70.4814
1:2:27:15	5	14	24	11.6884	70.4814	70.4814
1:2:28:20	5	14	24	11.6884	70.4814	70.4814
1:2:29:30	5	14	24	11.6884	70.4814	70.4814
1:2:30:35	5	14	24	11.6884	70.4814	70.4814
1:2:31:40	5	14	24	11.5957	70.4814	70.4814
1:2:32:50	5	14	24	11.5957	70.4814	70.4814
1:2:33:55	5	14	24	11.5957	70.4814	70.4814
1:2:35:5	5	14	24	11.5957	70.4814	70.4814
1:2:36:10	5	14	24	11.5957	70.4814	70.4814
1:2:37:15	5	14	24	11.5957	70.4814	70.4814
1:2:38:25	5	14	24	11.5957	70.4814	70.4814
1:2:39:30	5	14	24	11.4966	70.4814	70.4814
1:2:40:35	5	14	24	11.4966	70.4814	70.4814
1:2:41:45	5	14	24	11.4966	70.4814	70.4814
1:2:42:50	5	14	24	11.4966	70.4814	70.4814
1:2:44:0	5	14	24	11.4966	70.4814	70.4814
1:2:45:5	5	14	24	11.4966	70.4814	70.4814
1:2:46:10	5	14	24	11.4966	70.4814	70.4814
1:2:47:20	5	14	24	11.4966	70.4814	70.4814
1:2:48:25	5	14	24	11.4966	70.4814	70.4814
1:2:49:30	5	14	24	11.4966	70.4814	70.4814
1:2:50:40	5	14	24	11.4966	70.4814	70.4814
1:2:51:45	5	14	24	11.4966	70.4814	70.4814
1:2:52:55	5	14	24	11.3969	70.4814	70.4814
1:2:54:0	5	14	24	11.3969	70.4814	70.4814
1:2:55:5	5	14	24	11.3969	70.4814	70.4814
1:2:56:15	5	14	24	11.3969	70.4814	70.4814
1:2:57:20	5	14	24	11.3969	70.4814	70.4814
1:2:58:25	5	14	24	11.3969	70.4814	70.4814
1:2:59:35	5	14	24	11.3969	70.4814	70.4814
1:3:0:40	5	14	24	11.3969	70.4814	70.4814
1:3:1:45	5	14	24	11.3969	70.4814	70.4814
1:3:2:55	5	14	24	11.3969	70.4814	70.4814
1:3:4:0	5	14	24	11.3969	70.4814	70.4814
1:3:5:10	5	14	24	11.3969	70.4814	70.4814
1:3:6:15	5	14	24	11.3969	70.4814	70.4814
1:3:7:20	5	14	24	11.2881	70.4814	70.4814
1:3:8:30	5	14	24	11.2881	70.4814	70.4814
1:3:9:35	5	14	24	11.2881	70.4814	70.4814
1:3:10:45	5	14	24	11.2881	70.4814	70.4814
1:3:11:50	5	14	24	11.2881	70.4814	70.4814
1:3:12:55	5	14	24	11.2881	70.4814	70.4814
1:3:14:5	5	14	24	11.2881	70.4814	70.4814
1:3:15:10	5	14	24	11.2881	70.4814	70.4814
1:3:16:15	5	14	24	11.2881	70.4814	70.4814
1:3:17:25	5	14	24	11.2881	70.4814	70.4814
1:3:18:30	5	14	24	11.2881	70.4814	70.4814
1:3:19:35	5	14	24	11.2881	70.4814	70.4814
1:3:20:45	5	14	24	11.2881	70.4814	70.4814
1:3:21:50	5	14	24	11.1895	70.4814	70.4814
1:3:23:0	5	14	24	11.1895	70.4814	70.4814
1:3:24:5	5	14	24	11.1895	70.4814	70.4814
1:3:25:10	5	14	24	11.1895	70.4814	70.4814
1:3:26:20	5	14	24	11.1895	70.4814	70.4814
1:3:27:25	5	14	24	11.1895	70.4814	70.4814
1:3:28:30	5	14	24	11.1895	70.4814	70.4814
1:3:29:40	5	14	24	11.1895	70.4814	70.4814
1:3:30:45	5	14	24	11.1895	70.4814	70.4814
1:3:31:50	5	14	24	11.1895	70.4814	70.4814
1:3:33:0	5	14	24	11.1895	70.4814	70.4814
1:3:34:5	5	14	24	11.1895	70.4814	70.4814
1:3:35:10	5	14	24	11.1895	70.4814	70.4814
1:3:36:20	5	14	24	11.1895	70.4814	70.4814
1:3:37:25	5	14	24	11.0988	70.4814	70.4814
1:3:38:35	5	14	24	11.0988	70.4814	70.4814
1:3:39:40	5	14	24	11.0988	70.4814	70.4814
1:3:40:45	5	14	24	11.0988	70.4814	70.4814
1:3:41:55	5	14	24	11.0988	70.4814	70.4814
1:3:43:0	5	14	24	11.0988	70.4814	70.4814
1:3:44:5	5	14	24	11.0988	70.4814	70.4814
1:3:45:15	5	14	24	11.0988	70.4814	70.4814
1:3:46:20	5	14	24	11.0988	70.4814	70.4814
1:3:47:25	5	14	24	11.0988	70.4814	70.4814
1:3:48:35	5	14	24	11.0988	70.4814	70.4814
1:3:49:40	5	14	24	11.0988	70.4814	70.4814
1:3:50:50	5	14	24	11.0988	70.4814	70.4814
1:3:51:55	5	14	24	11.0988	70.4814	70.4814
1:3:53:0	5	14	24	11.0988	70.4814	70.4814
1:3:54:10	5	14	24	11.0988	70.4814	70.4814
1:3:55:15	5	14	24	10.9975	70.4814	70.4814
1:3:56:20	5	14	24	10.9975	70.4814	70.4814
1:3:57:30	5	14	24	10.9975	70.4814	70.4814
1:3:58:35	5	14	24	10.9975	70.4814	70.4814
1:3:59:45	5	14	24	10.9975	70.4814	70.4814
1:4:0:50	5	14	24	10.9975	70.4814	70.4814
1:4:1:55	5	14	24	10.9975	70.4814	70.4814
1:4:3:5	5	14	24	10.9975	70.4814	70.4814
1:4:4:10	5	14	24	10.9975	70.4814	70.4814
1:4:5:15	5	14	24	10.9975	70.4814	70.4814
1:4:6:25	5	14	24	10.9975	70.4814	70.4814
1:4:7:30	5	14	24	10.9975	70.4814	70.4814
1:4:8:35	5	14	24	10.9975	70.4814	70.4814
1:4:9:45	5	14	24	10.9975	70.4814	70.4814
1:4:10:50	5	14	24	10.9975	70.4814	70.4814
1:4:12:0	5	14	24	10.9975	70.4814	70.4814
1:4:13:5	5	14	24	10.9975	70.4814	70.4814
1:4:14:10	5	14	24	10.9975	70.4814	70.4814
1:4:15:20	5	14	24	10.9975	70.4814	70.4814
1:4:16:25	5	14	24	10.9975	70.4814	70.4814
1:4:17:30	5	14	24	10.9975	70.4814	70.4814
1:4:18:40	5	14	24	10.9975	70.4814	70.4814
1:4:19:45	5	14	24	10.9975	70.4814	70.4814
1:4:20:50	5	14	24	10.9975	70.4814	70.4814
1:4:22:0	5	14	24	10.9975	70.4814	70.4814
1:4:23:5	5	14	24	10.9975	70.4814	70.4814
1:4:24:10	5	14	24	10.9975	70.4814	70.4814
1:4:25:20	5	14	24	10.9975	70.4814	70.4814
1:4:26:25	5	14	24	10.8907	70.4814	70.4814
1:4:27:35	5	14	24	10.8907	70.4814	70.4814
1:4:28:40	5	14	24	10.8907	70.4814	70.4814
1:4:29:45	5	14	24	10.8907	70.4814	70.4814
1:4:30:55	5	14	24	10.8907	70.4814	70.4814
1:4:32:0	5	14	24	10.8907	70.4814	70.4814
1:4:33:5	5	14	24	10.8907	70.4814	70.4814
1:4:34:15	5	14	24	10.8907	70.4814	70.4814
1:4:35:20	5	14	24	10.8907	70.4814	70.4814
1:4:36:25	5	14	24	10.8907	70.4814	70.4814
1:4:37:35	5	14	24	10.8907	70.4814	70.4814
1:4:38:40	5	14	24	10.8907	70.4814	70.4814
1:4:39:50	5	14	24	10.8907	70.4814	70.4814
1:4:40:55	5	14	24	10.8907	70.4814	70.4814
1:4:42:0	5	14	24	10.8907	70.4814	70.4814
1:4:43:10	5	14	24	10.8907	70.4814	70.4814
1:4:44:15	5	14	24	10.8907	70.4814	70.4814
1:4:45:20	5	14	24	10.8907	70.4814	70.4814
1:4:46:30	5	14	24	10.8907	70.4814	70.4814
1:4:47:35	5	14	24	10.8907	70.4814	70.4814
1:4:48:40	5	14	24	10.8907	70.4814	70.4814
1:4:49:50	5	14	24	10.8907	70.4814	70.4814
1:4:50:55	5	14	24	10.8907	70.4814	70.4814
1:4:52:0	5	14	24	10.8907	70.4814	70.4814
1:4:53:10	5	14	24	10.8907	70.4814	70.4814
1:4:54:15	5	14	24	10.8907	70.4814	70.4814
1:4:55:20	5	14	24	10.8907	70.4814	70.4814
1:4:56:30	5	14	24	10.8907	70.4814	70.4814
1:4:57:35	5	14	24	10.8907	70.4814	70.4814
1:4:58:45	5	14	24	10.8907	70.4814	70.4814
1:4:59:50	5	14	24	10.8907	70.4814	70.4814
1:5:0:55	5	14	24	10.8907	70.4814	70.4814
1:5:2:5	5	14	24	10.8907	70.4814	70.4814
1:5:3:10	5	14	24	10.8907	70.4814	70.4814
1:5:4:15	5	14	24	10.8907	70.4814	70.4814
1:5:5:25	5	14	24	10.8907	70.4814	70.4814
1:5:6:30	5	14	24	10.8907	70.4814	70.4814
1:5:7:40	5	14	24	10.8907	70.4814	70.4814
1:5:8:45	5	14	24	10.8907	70.4814	70.4814
1:5:9:50	5	14	24	10.8907	70.4814	70.4814
1:5:11:0	5	14	24	10.8907	70.4814	70.4814
1:5:12:5	5	14	24	10.8907	70.4814	70.4814
1:5:13:10	5	14	24	10.8907	70.4814	70.4814
1:5:14:20	5	14	24	10.8907	70.4814	70.4814
1:5:15:25	5	14	24	10.8907	70.4814	70.4814
1:5:16:30	5	14	24	10.8907	70.4814	70.4814
1:5:17:40	5	14	24	10.8907	70.4814	70.4814
1:5:18:45	5	14	24	10.8907	70.4814	70.4814
1:5:19:50	5	14	24	10.8907	70.4814	70.4814
1:5:21:0	5	14	24	10.8907	70.4814	70.4814
1:5:22:5	5	14	24	10.8907	70.4814	70.4814
1:5:23:15	5	14	24	10.8907	70.4814	70.4814
1:5:24:20	5	14	24	10.8907	70.4814	70.4814
1:5:25:25	5	14	24	10.8907	70.4814	70.4814
1:5:26:35	5	14	24	10.8907	70.4814	70.4814
1:5:27:40	5	14	24	10.8907	70.4814	70.4814
1:5:28:45	5	14	24	10.8907	70.4814	70.4814
1:5:29:55	5	14	24	10.8907	70.4814	70.4814
1:5:31:0	5	14	24	10.8907	70.4814	70.4814
1:5:32:10	5	14	24	10.9007	70.4814	70.4814
1:5:33:15	5	14	24	10.9007	70.4814	70.4814
1:5:34:20	5	14	24	10.9007	70.4814	70.4814
1:5:35:30	5	14	24	10.9007	70.4814	70.4814
1:5:36:35	5	14	24	10.9007	70.4814	70.4814
1:5:37:40	5	14	24	10.9007	70.4814	70.4814
1:5:38:50	5	14	24	10.9007	70.4814	70.4814
1:5:39:55	5	14	24	10.9007	70.4814	70.4814
1:5:41:5	5	14	24	10.9007	70.4814	70.4814
1:5:42:10	5	14	24	10.9007	70.4814	70.4814
1:5:43:15	5	14	24	10.9007	70.4814	70.4814
1:5:44:25	5	14	24	10.9007	70.4814	70.4814
1:5:45:30	5	14	24	10.9007	70.4814	70.4814
1:5:46:35	5	14	24	10.9007	70.4814	70.4814
1:5:47:45	5	14	24	10.9007	70.4814	70.4814
1:5:48:50	5	14	24	10.9007	70.4814	70.4814
1:5:50:0	5	14	24	10.9007	70.4814	70.4814
1:5:51:5	5	14	24	10.9007	70.4814	70.4814
1:5:52:10	5	14	24	10.9007	70.4814	70.4814
1:5:53:20	5	14	24	10.9007	70.4814	70.4814
1:5:54:25	5	14	24	10.9007	70.4814	70.4814
1:5:55:30	5	14	24	10.9007	70.4814	70.4814
1:5:56:40	5	14	24	10.9007	70.4814	70.4814
1:5:57:45	5	14	24	10.9007	70.4814	70.4814
1:5:58:50	5	14	24	10.9007	70.4814	70.4814
1:6:0:0	5	14	24	10.9007	70.4814	70.4814
1:6:1:5	5	14	24	10.9007	70.4814	70.4814
1:6:2:15	5	14	24	10.9007	70.4814	70.4814
1:6:3:20	5	14	24	10.9007	70.4814	70.4814
1:6:4:25	5	14	24	10.9007	70.4814	70.4814
1:6:5:35	5	14	24	10.9007	70.4814	70.4814
1:6:6:40	5	14	24	10.9007	70.4814	70.4814
1:6:7:45	5	14	24	10.9007	70.4814	70.4814
1:6:8:55	5	14	24	10.9007	70.4814	70.4814
1:6:10:0	5	14	24	11.0052	70.4814	70.4814
1:6:11:5	5	14	24	11.0052	70.4814	70.4814
1:6:12:15	5	14	24	11.0052	70.4814	70.4814
1:6:13:20	5	14	24	11.0052	70.4814	70.4814
1:6:14:30	5	14	24	11.0052	70.4814	70.4814
1:6:15:35	5	14	24	11.0052	70.4814	70.4814
1:6:16:40	5	14	24	11.0052	70.4814	70.4814
1:6:17:50	5	14	24	11.0052	70.4814	70.4814
1:6:18:55	5	14	24	11.0052	70.4814	70.4814
1:6:20:0	5	14	24	11.0052	70.4814	70.4814
1:6:21:10	5	14	24	11.0052	70.4814	70.4814
1:6:22:15	5	14	24	11.0052	70.4814	70.4814
1:6:23:20	5	14	24	11.1002	70.4814	70.4814
1:6:24:30	5	14	24	11.1002	70.4814	70.4814
1:6:25:35	5	14	24	11.1002	70.4814	70.4814
1:6:26:45	5	14	24	11.1002	70.4814	70.4814
1:6:27:50	5	14	24	11.1002	70.4814	70.4814
1:6:28:55	5	14	24	11.1002	70.4814	70.4814
1:6:30:5	5	14	24	11.1002	70.4814	70.4814
1:6:31:10	5	14	24	11.2039	70.4814	70.4814
1:6:32:15	5	14	24	11.2039	70.4814	70.4814
1:6:33:25	5	14	24	11.2039	70.4814	70.4814
1:6:34:30	5	14	24	11.2039	70.4814	70.4814
1:6:35:35	5	14	24	11.2039	70.4814	70.4814
1:6:36:45	5	14	24	11.2039	70.4814	70.4814
1:6:37:50	5	14	24	11.2039	70.4814	70.4814
1:6:39:0	5	14	24	11.3013	70.4814	70.4814
1:6:40:5	5	14	24	11.3013	70.4814	70.4814
1:6:41:10	5	14	24	11.3013	70.4814	70.4814
1:6:42:20	5	14	24	11.3013	70.4814	70.4814
1:6:43:25	5	14	24	11.3013	70.4814	70.4814
1:6:44:30	5	14	24	11.3013	70.4814	70.4814
1:6:45:40	5	14	24	11.4058	70.4814	70.4814
1:6:46:45	5	14	24	11.4058	70.4814	70.4814
1:6:47:50	5	14	24	11.4058	70.4814	70.4814
1:6:49:0	5	14	24	11.4058	70.4814	70.4814
1:6:50:5	5	14	24	11.4058	70.4814	70.4814
1:6:51:15	5	14	24	11.4058	70.4814	70.4814
1:6:52:20	5	14	24	11.4058	70.4814	70.4814
1:6:53:25	5	14	24	11.4058	70.4814	70.4814
1:6:54:35	5	14	24	11.4058	70.4814	70.4814
1:6:55:40	5	14	24	11.5002	70.4814	70.4814
1:6:56:45	5	14	24	11.5002	70.4814	70.4814
1:6:57:55	5	14	24	11.5002	70.4814	70.4814
1:6:59:0	5	14	24	11.5002	70.4814	70.4814
1:7:0:5	5	14	24	11.5002	70.4814	70.4814
1:7:1:15	5	14	24	11.5002	70.4814	70.4814
1:7:2:20	5	14	24	11.5002	70.4814	70.4814
1:7:3:30	5	14	24	11.6092	70.4814	70.4814
1:7:4:35	5	14	24	11.6092	70.4814	70.4814
1:7:5:40	5	14	24	11.6092	70.4814	70.4814
1:7:6:50	5	14	24	11.6092	70.4814	70.4814
1:7:7:55	5	14	24	11.7016	70.4814	70.4814
1:7:9:0	5	14	24	11.7016	70.4814	70.4814
1:7:10:10	5	14	24	11.7016	70.4814	70.4814
1:7:11:15	5	14	24	11.7016	70.4814	70.4814
1:7:12:25	5	14	24	11.7016	70.4814	70.4814
1:7:13:30	5	14	24	11.7016	70.4814	70.4814
1:7:14:35	5	14	24	11.7016	70.4814	70.4814
1:7:15:45	5	14	24	11.7016	70.4814	70.4814
1:7:16:50	5	14	24	11.809	70.4814	70.4814
1:7:17:55	5	14	24	11.809	70.4814	70.4814
1:7:19:5	5	14	24	11.809	70.4814	70.4814
1:7:20:10	5	14	24	11.809	70.4814	70.4814
1:7:21:20	5	14	24	11.809	70.4814	70.4814
1:7:22:25	5	14	24	11.915	70.4814	70.4814
1:7:23:30	5	14	24	11.915	70.4814	70.4814
1:7:24:40	5	14	24	11.915	70.4814	70.4814
1:7:25:45	5	14	24	11.915	70.4814	70.4814
1:7:26:50	5	14	24	11.915	70.4814	70.4814
1:7:28:0	5	14	24	11.915	70.4814	70.4814
1:7:29:5	5	14	24	11.915	70.4814	70.4814
1:7:30:15	5	14	24	12.0008	70.4814	70.4814
1:7:31:20	5	14	24	12.0008	70.4814	70.4814
1:7:32:25	5	14	24	12.0008	70.4814	70.4814
1:7:33:35	5	14	24	12.0008	70.4814	70.4814
1:7:34:40	5	14	24	12.0008	70.4814	70.4814
1:7:35:45	5	14	24	12.0008	70.4814	70.4814
1:7:36:55	5	14	24	12.1051	70.4814	70.4814
1:7:38:0	5	14	24	12.1051	70.4814	70.4814
1:7:39:10	5	14	24	12.1051	70.4814	70.4814
1:7:40:15	5	14	24	12.1051	70.4814	70.4814
1:7:41:20	5	14	24	12.1051	70.4814	70.4814
1:7:42:30	5	14	24	12.2121	70.4814	70.4814
1:7:43:35	5	14	24	12.2121	70.4814	70.4814
1:7:44:40	5	14	24	12.2121	70.4814	70.4814
1:7:45:50	5	14	24	12.2121	70.4814	70.4814
1:7:46:55	5	14	24	12.2121	70.4814	70.4814
1:7:48:5	5	14	24	12.2121	70.4814	70.4814
1:7:49:10	5	14	24	12.2121	70.4814	70.4814
1:7:50:15	5	14	24	12.3031	70.4814	70.4814
1:7:51:25	5	14	24	12.3031	70.4814	70.4814
1:7:52:30	5	14	24	12.3031	70.4814	70.4814
1:7:53:35	5	14	24	12.3031	70.4814	70.4814
1:7:54:45	5	14	24	12.3031	70.4814	70.4814
1:7:55:50	5	14	24	12.3031	70.4814	70.4814
1:7:56:55	5	14	24	12.4101	70.4814	70.4814
1:7:58:5	5	14	24	12.4101	70.4814	70.4814
1:7:59:10	5	14	24	12.4101	70.4814	70.4814
1:8:0:25	5	14	24	12.4101	70.4814	0
1:8:1:35	5	14	24	12.6694	0.0	0
1:8:2:50	5	14	24	12.9017	0.0	0
1:8:4:0	5	14	24	13.3456	0.0	0
1:8:5:10	5	14	24	13.5563	0.0	0
1:8:6:25	5	14	24	13.7675	0.0	0
1:8:7:40	5	14	24	14.0338	0.0	0
1:8:8:50	5	14	24	14.2966	0.0	0
1:8:10:5	5	14	24	14.7608	0.0	0
1:8:11:15	5	14	24	14.9597	0.0	0
1:8:12:30	5	14	24	15.1634	0.0	0
1:8:13:40	5	14	24	15.4191	0.0	0
1:8:14:55	5	14	24	15.9235	0.0	0
1:8:16:5	5	14	24	16.1696	0.0	0
1:8:17:20	5	14	24	16.4144	0.0	0
1:8:18:30	5	14	24	16.6134	0.0	0
1:8:19:45	5	14	24	16.7857	0.0	0
1:8:20:55	5	14	24	17.1238	0.0	0
1:8:22:10	5	14	24	17.3563	0.0	0
1:8:23:20	5	14	24	17.5187	0.0	0
1:8:24:35	5	14	24	17.6808	0.0	0
1:8:25:45	5	14	24	17.8423	0.0	0
1:8:27:0	5	14	24	18.2864	0.0	0
1:8:28:10	5	14	24	18.5079	0.0	0
1:8:29:25	5	14	24	18.6592	0.0	0
1:8:30:35	5	14	24	18.8159	0.0	0
1:8:31:50	5	14	24	18.9677	0.0	0
1:8:33:0	5	14	24	19.2826	0.0	9.929500000000147
1:8:34:15	5	14	24	19.4366	0.0	67.7175
1:8:35:25	5	14	24	19.3617	32.6125	24.956000000000092
1:8:36:40	5	14	24	18.4735	60.7436	0
1:8:37:50	5	14	24	18.1568	0.0	29.572499999999973
1:8:39:5	5	14	24	18.3785	3.8149	25.555999999999944
1:8:40:20	5	14	24	18.5401	0.0	45.637500000000095
1:8:41:30	5	14	24	18.6507	15.8757	24.554999999999882
1:8:42:45	5	14	24	18.4329	37.9558	14.222999999999786
1:8:43:55	5	14	24	19.0242	6.8404	20.713500000000185
1:8:45:10	5	14	24	19.2591	16.7635	23.139499999999966
1:8:46:20	5	14	24	19.4907	18.5673	25.043499999999845
1:8:47:35	5	14	24	19.3884	24.3076	7.623000000000051
1:8:48:45	5	14	24	19.4268	10.474	0.2064999999997319
1:8:50:0	5	14	24	19.8631	1.6791	1.5195000000001713
1:8:51:10	5	14	24	20.0744	2.998	1.564499999999942
1:8:52:25	5	14	24	20.2856	4.2287	10.958000000000165
1:8:53:35	5	14	24	20.4085	14.8094	61.028499999999795
1:8:54:50	5	14	24	20.2182	63.8903	63.297000000000004
1:8:56:5	5	14	24	16.6915	76.058	91.14300000000014
1:8:57:15	5	14	24	16.9184	2.6206	44.60300000000007
1:8:58:30	5	14	24	14.5239	99.3439	13.654499999999999
1:8:59:40	5	14	24	14.479	1.2314	4.786999999999999
1:9:0:55	5	14	24	14.962	0.0	3.8584999999999
1:9:2:5	5	14	24	15.2084	0.0	5.117499999999989
1:9:3:20	5	14	24	15.4446	0.0	7.045000000000073
1:9:4:30	5	14	24	15.6814	0.0	3.748999999999981
1:9:5:45	5	14	24	15.9115	0.0	7.30249999999991
1:9:6:55	5	14	24	16.3787	0.0	10.18949999999997
1:9:8:10	5	14	24	16.6035	0.0	9.910999999999998
1:9:9:20	5	14	24	16.8239	0.0	9.663999999999842
1:9:10:35	5	14	24	17.0374	0.0	9.09450000000001
1:9:11:45	5	14	24	17.251	0.0	7.629500000000089
1:9:13:0	5	14	24	17.7433	0.0	19.221500000000013
1:9:14:10	5	14	24	17.9361	0.0	14.272999999999936
1:9:15:25	5	14	24	18.1611	0.0	17.899999999999977
1:9:16:40	5	14	24	18.4247	0.0	24.76750000000006
1:9:17:50	5	14	24	18.6858	0.0	25.442999999999998
1:9:19:0	5	14	24	19.0618	0.0	0.6054999999998323
1:9:20:15	5	14	24	19.3012	0.0	3.3535000000000537
1:9:21:25	5	14	24	19.5516	0.0	13.08749999999991
1:9:22:40	5	14	24	19.7756	2.6536	21.673000000000133
1:9:23:55	5	14	24	20.1019	13.1679	23.844499999999826
1:9:25:5	5	14	24	19.9412	32.753	17.69049999999988
1:9:26:15	5	14	24	20.072	13.2353	36.1340000000001
1:9:27:30	5	14	24	19.9132	32.9502	77.08200000000008
1:9:28:45	5	14	24	18.6312	76.9232	0
1:9:29:55	5	14	24	17.2363	1.0205	0
1:9:31:10	5	14	24	17.5227	0.0	0
1:9:32:20	5	14	24	17.7458	0.0	0
1:9:33:35	5	14	24	17.9555	0.0	0
1:9:34:45	5	14	24	18.159	0.0	0
1:9:36:0	5	14	24	18.7148	0.0	0
1:9:37:10	5	14	24	18.9845	0.0	0
1:9:38:25	5	14	24	19.1892	0.0	100
1:9:39:35	5	14	24	19.1892	35.5281	37.97250000000014
1:9:40:50	5	14	24	17.8359	99.3937	0
1:9:42:0	5	14	24	10.9361	99.5656	0
1:9:43:15	5	14	24	11.2748	1.2334	0
1:9:44:25	5	14	24	11.6044	0.0	0
1:9:45:40	5	14	24	11.9386	0.0	0
1:9:46:55	5	14	24	12.593	0.0	0
1:9:48:5	5	14	24	12.9107	0.0	0
1:9:49:20	5	14	24	13.2246	0.0	0
1:9:50:30	5	14	24	13.5338	0.0	0
1:9:51:45	5	14	24	13.8381	0.0	0
1:9:52:55	5	14	24	14.4367	0.0	0
1:9:54:10	5	14	24	14.7778	0.0	0
1:9:55:20	5	14	24	15.0573	0.0	100
1:9:56:35	5	14	24	15.3332	0.0	99.07999999999996
1:9:57:45	5	14	24	15.6214	45.9741	0
1:9:59:0	5	14	24	11.7614	99.492	0
1:10:0:10	5	14	24	11.8737	42.2687	0
1:10:1:25	5	14	24	12.1243	26.5618	0
1:10:2:35	5	14	24	12.4079	21.1756	0
1:10:3:50	5	14	24	12.6898	18.2965	0
1:10:5:5	5	14	24	13.4245	15.8385	0
1:10:6:15	5	14	24	13.6876	18.5002	0
1:10:7:30	5	14	24	13.9606	16.5635	0
1:10:8:40	5	14	24	14.2453	14.4713	0
1:10:9:55	5	14	24	14.8305	13.3768	0
1:10:11:5	5	14	24	15.0133	32.543	0
1:10:12:20	5	14	24	15.3127	4.9487	0
1:10:13:30	5	14	24	15.6258	0.0	0
1:10:14:45	5	14	24	15.9003	0.0	0
1:10:15:55	5	14	24	16.4906	0.0	0
1:10:17:10	5	14	24	16.7522	0.0	100
1:10:18:20	5	14	24	16.9859	13.4636	24.480499999999985
1:10:19:35	5	14	24	13.8701	99.4169	2.7909999999998973
1:10:20:45	5	14	24	13.5711	1.2321	0.8669999999999902
1:10:22:0	5	14	24	14.2178	0.0	2.245500000000007
1:10:23:10	5	14	24	14.5222	0.0	0.7515000000000072
1:10:24:25	5	14	24	14.8225	0.0	5.85950000000004
1:10:25:35	5	14	24	15.1199	0.0	6.218499999999963
1:10:26:50	5	14	24	15.4695	0.0	0
1:10:28:0	5	14	24	16.0976	0.0	0
1:10:29:15	5	14	24	16.378	0.0	35.25050000000002
1:10:30:25	5	14	24	16.6597	0.0	86.40250000000009
1:10:31:40	5	14	24	16.9383	9.8528	70.26550000000013
1:10:32:50	5	14	24	17.199	16.1688	42.1235000000001
1:10:34:5	5	14	24	17.5643	23.0013	0
1:10:35:15	5	14	24	14.4115	99.2759	0
1:10:36:30	5	14	24	14.6911	1.2327	0
1:10:37:45	5	14	24	15.0014	0.0	0
1:10:38:55	5	14	24	15.6089	0.0	0
1:10:40:10	5	14	24	15.8973	0.0	0
1:10:41:20	5	14	24	16.1967	0.0	0
1:10:42:35	5	14	24	16.5366	0.0	0
1:10:43:45	5	14	24	16.8737	0.0	0
1:10:45:0	5	14	24	17.4078	0.0	0
1:10:46:10	5	14	24	17.7324	0.0	0
1:10:47:25	5	14	24	17.997	0.0	3.4760000000000737
1:10:48:35	5	14	24	18.2488	0.0	0.927999999999912
1:10:49:50	5	14	24	18.4923	0.0	46.752
1:10:51:5	5	14	24	18.9841	0.0	54.69499999999997
1:10:52:15	5	14	24	19.2355	0.0	63.91350000000017
1:10:53:30	5	14	24	18.6005	69.9084	70.33649999999994
1:10:54:40	5	14	24	17.9848	52.6399	0
1:10:55:55	5	14	24	18.0808	12.3538	0
1:10:57:5	5	14	24	18.1803	22.1016	0
1:10:58:20	5	14	24	18.326	16.5945	0
1:10:59:30	5	14	24	18.5703	7.266	0
1:11:0:45	5	14	24	18.8311	5.9932	0
1:11:1:55	5	14	24	19.3952	4.8681	17.40400000000001
1:11:3:10	5	14	24	19.451	22.0581	23.462499999999977
1:11:4:20	5	14	24	19.451	22.766	16.915000000000063
1:11:5:35	5	14	24	19.716	14.3917	23.50999999999997
1:11:6:45	5	14	24	19.716	25.039	16.64100000000006
1:11:8:0	5	14	24	19.8109	20.9898	19.20549999999999
1:11:9:15	5	14	24	19.9471	15.9769	18.431
1:11:10:25	5	14	24	20.1615	15.9769	19.467499999999912
1:11:11:40	5	14	24	20.1615	23.9585	17.235500000000034
1:11:12:50	5	14	24	20.2413	16.5591	70.39249999999991
1:11:14:5	5	14	24	18.9543	67.1552	0
1:11:15:15	5	14	24	19.2319	0.0	13.105999999999998
1:11:16:30	5	14	24	19.44	13.6009	67.47900000000001
1:11:17:40	5	14	24	18.8274	66.4546	83.93650000000002
1:11:18:55	5	14	24	15.5628	77.3962	0
1:11:20:5	5	14	24	15.8459	13.8047	100
1:11:21:20	5	14	24	14.8902	71.7864	0
1:11:22:30	5	14	24	13.7678	79.4674	0
1:11:23:45	5	14	24	13.9144	1.0445	0
1:11:24:55	5	14	24	14.5985	0.0	0
1:11:26:10	5	14	24	14.9575	0.0	0
1:11:27:25	5	14	24	15.3389	0.0	0
1:11:28:35	5	14	24	15.7124	0.0	0
1:11:29:50	5	14	24	16.0508	0.0	0
1:11:31:0	5	14	24	16.6427	0.0	0
1:11:32:15	5	14	24	16.9312	0.0	0
1:11:33:25	5	14	24	17.2141	0.0	100
1:11:34:40	5	14	24	17.3058	37.6692	2.4120000000000648
1:11:35:50	5	14	24	16.5345	99.4139	0
1:11:37:5	5	14	24	12.5632	99.58	0
1:11:38:15	5	14	24	12.9311	1.2336	0
1:11:39:30	5	14	24	13.2894	0.0	0
1:11:40:40	5	14	24	13.6375	0.0	0
1:11:41:55	5	14	24	14.3247	0.0	0
1:11:43:5	5	14	24	14.6589	0.0	0
1:11:44:20	5	14	24	14.988	0.0	0
1:11:45:30	5	14	24	15.3108	0.0	0
1:11:46:45	5	14	24	15.6231	0.0	0
1:11:47:55	5	14	24	16.2784	0.0	0
1:11:49:10	5	14	24	16.6377	0.0	0
1:11:50:20	5	14	24	16.9765	0.0	0
1:11:51:35	5	14	24	17.2613	0.0	20.860999999999933
1:11:52:45	5	14	24	17.5347	0.0	100
1:11:54:0	5	14	24	18.0791	0.0	100
1:11:55:15	5	14	24	14.1251	99.3262	72.88949999999998
1:11:56:25	5	14	24	12.3006	99.5172	44.028499999999894
1:11:57:40	5	14	24	12.5586	13.5815	31.66500000000002
1:11:58:50	5	14	24	12.9082	8.8908	20.09750000000006
1:12:0:5	5	14	24	13.6052	10.6226	11.899999999999991
1:12:1:15	5	14	24	13.9379	14.4711	10.794500000000006
1:12:2:30	5	14	24	14.2727	14.7078	15.47499999999998
1:12:3:40	5	14	24	14.6769	14.7078	15.148000000000089
1:12:4:55	5	14	24	15.2171	20.6458	35.08999999999992
1:12:6:5	5	14	24	15.3067	33.6297	0
1:12:7:20	5	14	24	15.6339	5.7606	1.1610000000000085
1:12:8:30	5	14	24	15.9628	6.0235	0
1:12:9:45	5	14	24	16.2879	5.6682	0
1:12:10:55	5	14	24	16.9203	6.3034	0
1:12:12:10	5	14	24	17.2094	9.3399	0
1:12:13:20	5	14	24	17.4848	9.8937	0
1:12:14:35	5	14	24	17.7494	9.8937	100
1:12:15:45	5	14	24	17.7494	65.3288	100
1:12:17:0	5	14	24	15.0164	73.4008	0
1:12:18:10	5	14	24	13.0721	99.5128	0
1:12:19:25	5	14	24	13.1106	52.9698	0
1:12:20:35	5	14	24	13.3303	30.2482	0
1:12:21:50	5	14	24	13.6183	21.0711	0
1:12:23:5	5	14	24	14.2395	16.8636	0
1:12:24:15	5	14	24	14.6306	13.1467	0
1:12:25:30	5	14	24	15.0588	13.1467	0
1:12:26:40	5	14	24	15.4881	15.6809	0
1:12:27:55	5	14	24	16.0474	19.626	0
1:12:29:5	5	14	24	16.0474	37.3035	0
1:12:30:20	5	14	24	16.3626	0.0	0
1:12:31:30	5	14	24	16.6612	0.0	100
1:12:32:45	5	14	24	16.9225	25.2453	45.61000000000003
1:12:33:55	5	14	24	15.9264	73.5111	0
1:12:35:10	5	14	24	14.4027	99.5148	0
1:12:36:20	5	14	24	14.5165	44.8683	0
1:12:37:35	5	14	24	14.7252	28.663	0
1:12:38:45	5	14	24	14.9475	20.0535	0
1:12:40:0	5	14	24	15.5901	13.3893	0
1:12:41:10	5	14	24	15.9834	10.5644	0
1:12:42:25	5	14	24	16.3742	11.5807	0
1:12:43:35	5	14	24	16.7654	13.6513	0
1:12:44:50	5	14	24	17.0229	16.5512	0
1:12:46:0	5	14	24	17.5247	15.1671	0
1:12:47:15	5	14	24	17.801	10.4701	31.538499999999843
1:12:48:25	5	14	24	18.0392	16.0381	100
1:12:49:40	5	14	24	17.9674	48.6859	0
1:12:50:50	5	14	24	16.7091	99.5175	0
1:12:52:5	5	14	24	12.7814	99.5175	0
1:12:53:15	5	14	24	13.1481	0.0	0
1:12:54:30	5	14	24	13.5102	0.0	0
1:12:55:45	5	14	24	13.8663	0.0	0
1:12:56:55	5	14	24	14.5446	0.0	0
1:12:58:10	5	14	24	14.8717	0.0	0
1:12:59:20	5	14	24	15.2392	0.0	0
1:13:0:35	5	14	24	15.6125	0.0	0
1:13:1:45	5	14	24	15.9836	0.0	0
1:13:3:0	5	14	24	16.6002	0.0	0
1:13:4:10	5	14	24	16.9062	0.0	100
1:13:5:25	5	14	24	17.2028	0.0	0
1:13:6:35	5	14	24	15.8439	91.9749	0
1:13:7:50	5	14	24	14.804	1.1644	0
1:13:9:0	5	14	24	15.4639	0.0	0
1:13:10:15	5	14	24	15.7711	0.0	0
1:13:11:30	5	14	24	16.1076	0.0	0
1:13:12:40	5	14	24	16.4037	0.0	0
1:13:13:55	5	14	24	16.9985	0.0	0
1:13:15:5	5	14	24	17.2825	0.0	0
1:13:16:20	5	14	24	17.5647	0.0	0
1:13:17:30	5	14	24	17.8361	0.0	0
1:13:18:45	5	14	24	18.1033	0.0	0
1:13:19:55	5	14	24	18.6349	0.0	6.881499999999928
1:13:21:10	5	14	24	18.9077	0.0	76.29500000000004
1:13:22:20	5	14	24	19.1775	0.0	100
1:13:23:35	5	14	24	18.0813	90.9551	0
1:13:24:45	5	14	24	15.7405	99.5497	0
1:13:26:0	5	14	24	14.69	1.2333	0
1:13:27:10	5	14	24	15.0156	0.0	0
1:13:28:25	5	14	24	15.3302	0.0	0
1:13:29:40	5	14	24	15.6404	0.0	0
1:13:30:50	5	14	24	16.0132	0.0	0
1:13:32:5	5	14	24	16.7431	0.0	0
1:13:33:15	5	14	24	17.0301	0.0	20.393000000000143
1:13:34:30	5	14	24	17.316	0.0	100
1:13:35:40	5	14	24	17.5985	0.0	90.64600000000007
1:13:36:55	5	14	24	13.4537	99.3262	0
1:13:38:5	5	14	24	11.8335	99.5172	0
1:13:39:20	5	14	24	12.2014	1.233	0
1:13:40:30	5	14	24	12.5629	0.0	0
1:13:41:45	5	14	24	12.9184	0.0	0
1:13:42:55	5	14	24	13.6068	0.0	0
1:13:44:10	5	14	24	13.9417	0.0	0
1:13:45:20	5	14	24	14.2705	0.0	0
1:13:46:35	5	14	24	14.6029	0.0	0
1:13:47:50	5	14	24	14.9287	0.0	0
1:13:49:0	5	14	24	15.5772	0.0	0
1:13:50:15	5	14	24	15.8855	0.0	0
1:13:51:25	5	14	24	16.1769	0.0	100
1:13:52:40	5	14	24	16.4559	22.1792	0
1:13:53:50	5	14	24	16.4559	99.2682	0
1:13:55:5	5	14	24	11.7761	99.6243	0
1:13:56:15	5	14	24	12.1425	1.234	0
1:13:57:30	5	14	24	12.5012	0.0	0
1:13:58:40	5	14	24	12.85	0.0	0
1:13:59:55	5	14	24	13.5929	0.0	0
1:14:1:5	5	14	24	13.9597	0.0	0
1:14:2:20	5	14	24	14.2777	0.0	0
1:14:3:30	5	14	24	14.5925	0.0	0
1:14:4:45	5	14	24	14.9029	0.0	0
1:14:5:55	5	14	24	15.5878	0.0	0
1:14:7:10	5	14	24	15.9599	0.0	0
1:14:8:20	5	14	24	16.2533	0.0	0
1:14:9:35	5	14	24	16.5491	0.0	0
1:14:10:45	5	14	24	16.8363	0.0	55.13299999999992
1:14:12:0	5	14	24	17.3959	0.0	100
1:14:13:10	5	14	24	17.6664	0.0	100
1:14:14:25	5	14	24	15.4503	99.0596	12.392000000000024
1:14:15:40	5	14	24	13.2802	99.5172	2.11399999999999
1:14:16:50	5	14	24	12.8849	1.233	1.1344999999998961
1:14:18:5	5	14	24	13.5776	0.0	5.161500000000018
1:14:19:15	5	14	24	13.9098	0.0	5.731000000000087
1:14:20:30	5	14	24	14.2374	0.0	8.318499999999979
1:14:21:40	5	14	24	14.5606	0.0	1.6175000000000352
1:14:22:55	5	14	24	15.2269	0.0	22.00050000000008
1:14:24:5	5	14	24	15.5381	0.0	0
1:14:25:20	5	14	24	15.841	0.0	0
1:14:26:30	5	14	24	16.127	0.0	0
1:14:27:45	5	14	24	16.4028	0.0	0
1:14:28:55	5	14	24	17.0957	0.0	0
1:14:30:10	5	14	24	17.3573	0.0	24.150500000000044
1:14:31:20	5	14	24	17.6185	0.0	100
1:14:32:35	5	14	24	17.9074	2.228	0
1:14:33:45	5	14	24	17.6761	99.0806	0
1:14:35:0	5	14	24	12.828	99.528	0
1:14:36:10	5	14	24	13.1697	1.2331	0
1:14:37:25	5	14	24	13.4991	0.0	0
1:14:38:40	5	14	24	13.8171	0.0	0
1:14:39:50	5	14	24	14.1288	0.0	0
1:14:41:5	5	14	24	14.7442	0.0	0
1:14:42:15	5	14	24	15.0402	0.0	0
1:14:43:30	5	14	24	15.342	0.0	0
1:14:44:40	5	14	24	15.7044	0.0	0
1:14:45:55	5	14	24	16.4063	0.0	4.144000000000112
1:14:47:5	5	14	24	16.75	0.0	0
1:14:48:20	5	14	24	17.0118	0.0	0
1:14:49:30	5	14	24	17.2654	0.0	0
1:14:50:45	5	14	24	17.5153	0.0	0
1:14:51:55	5	14	24	18.0995	0.0	0
1:14:53:10	5	14	24	18.4167	0.0	0
1:14:54:20	5	14	24	18.6453	0.0	0
1:14:55:35	5	14	24	18.8827	0.0	0
1:14:56:45	5	14	24	19.1113	0.0	34.83800000000011
1:14:58:0	5	14	24	19.5735	0.0	100
1:14:59:15	5	14	24	19.807	0.0	28.363999999999972
1:15:0:25	5	14	24	17.5838	99.0596	8.556500000000003
1:15:1:35	5	14	24	17.6956	1.2287	11.542999999999882
1:15:2:50	5	14	24	17.9394	0.0	13.871000000000162
1:15:4:5	5	14	24	18.4015	0.0	26.14900000000004
1:15:5:15	5	14	24	18.64	0.0	32.751000000000126
1:15:6:30	5	14	24	18.9308	0.0	44.5455000000001
1:15:7:40	5	14	24	19.1874	0.0	4.085999999999821
1:15:8:55	5	14	24	19.6023	0.0	0
1:15:10:5	5	14	24	19.6023	19.099	0
1:15:11:20	5	14	24	19.881	6.2836	2.4709999999998544
1:15:12:30	5	14	24	20.0438	14.1607	13.022999999999975
1:15:13:45	5	14	24	20.1431	17.8959	20.481500000000043
1:15:14:55	5	14	24	20.3062	17.8959	19.200500000000037
1:15:16:10	5	14	24	20.3062	17.499	37.63500000000005
1:15:17:25	5	14	24	20.2106	30.1065	38.902499999999975
1:15:18:35	5	14	24	19.5455	48.7455	46.31799999999982
1:15:19:50	5	14	24	19.1621	31.8714	56.668000000000234
1:15:21:0	5	14	24	18.7807	41.6314	74.37650000000015
1:15:22:15	5	14	24	16.2866	99.6067	52.77850000000003
1:15:23:25	5	14	24	16.5261	1.2338	12.370500000000042
1:15:24:40	5	14	24	16.7685	0.0	7.780500000000037
1:15:25:50	5	14	24	17.0043	0.0	12.883999999999988
1:15:27:0	5	14	24	17.6039	0.0	6.178000000000086
1:15:28:15	5	14	24	17.8949	0.0	34.22299999999993
1:15:29:25	5	14	24	18.078	13.025	33.1900000000001
1:15:30:40	5	14	24	18.078	31.8134	18.049999999999805
1:15:31:50	5	14	24	18.3298	26.2797	8.956500000000045
1:15:33:5	5	14	24	18.8015	30.586	29.797
1:15:34:20	5	14	24	19.3866	42.371	28.46450000000001
1:15:35:30	5	14	24	18.4928	57.468	49.260999999999996
1:15:36:45	5	14	24	18.567	1.5523	18.04149999999998
1:15:37:55	5	14	24	19.0269	5.6631	0
1:15:39:10	5	14	24	16.7719	78.4486	0
1:15:40:20	5	14	24	17.0185	1.0349	0
1:15:41:35	5	14	24	17.2551	0.0	0
1:15:42:45	5	14	24	17.4824	0.0	0
1:15:44:0	5	14	24	17.9164	0.0	0
1:15:45:10	5	14	24	18.118	0.0	0
1:15:46:25	5	14	24	18.3249	0.0	53.79749999999994
1:15:47:35	5	14	24	18.5172	0.0	78.29100000000007
1:15:48:50	5	14	24	18.7083	33.1029	78.70199999999994
1:15:50:0	5	14	24	13.9685	99.3709	76.03800000000001
1:15:51:15	5	14	24	14.0123	37.5941	16.408000000000044
1:15:52:30	5	14	24	14.1601	30.3447	13.201500000000117
1:15:53:40	5	14	24	14.3416	23.0577	12.441500000000019
1:15:54:55	5	14	24	14.7523	18.1872	11.769499999999965
1:15:56:5	5	14	24	14.8141	28.5177	10.326499999999932
1:15:57:20	5	14	24	15.0952	0.0	12.163999999999966
1:15:58:30	5	14	24	15.4061	0.0	14.526499999999913
1:15:59:45	5	14	24	15.7111	0.0	17.966499999999993
1:16:0:55	5	14	24	16.265	1.1072	18.397999999999964
1:16:2:10	5	14	24	16.4763	9.6077	39.66599999999998
1:16:3:20	5	14	24	16.3183	35.9437	100
1:16:4:35	5	14	24	15.7658	55.7917	0
1:16:5:45	5	14	24	14.064	99.5843	0
1:16:7:0	5	14	24	12.3081	21.8165	0
1:16:8:10	5	14	24	12.5975	0.0	0
1:16:9:25	5	14	24	12.8684	0.0	0
1:16:10:35	5	14	24	13.1349	0.0	0
1:16:11:50	5	14	24	13.3973	0.0	0
1:16:13:0	5	14	24	13.8993	0.0	0
1:16:14:15	5	14	24	14.2095	0.0	0
1:16:15:25	5	14	24	14.5198	0.0	0
1:16:16:40	5	14	24	14.8234	0.0	0
1:16:17:50	5	14	24	15.0496	0.0	0
1:16:19:5	5	14	24	15.5028	0.0	0
1:16:20:20	5	14	24	15.7215	0.0	0
1:16:21:30	5	14	24	15.9333	0.0	0
1:16:22:45	5	14	24	16.1385	0.0	0
1:16:23:55	5	14	24	16.5495	0.0	0
1:16:25:10	5	14	24	16.7464	0.0	0
1:16:26:20	5	14	24	16.9262	0.0	26.49750000000007
1:16:27:35	5	14	24	17.1059	0.0	84.38150000000009
1:16:28:45	5	14	24	17.2808	0.0	55.59900000000008
1:16:30:0	5	14	24	17.3019	29.0202	0
1:16:31:10	5	14	24	20.0471	99.3325	0
1:16:32:25	5	14	24	13.0935	99.5217	0
1:16:33:35	5	14	24	13.2288	1.233	0
1:16:34:50	5	14	24	13.5179	0.0	0
1:16:36:0	5	14	24	13.9691	0.0	0
1:16:37:15	5	14	24	14.1923	0.0	0
1:16:38:25	5	14	24	14.4118	0.0	0
1:16:39:40	5	14	24	14.622	0.0	0
1:16:40:50	5	14	24	15.0287	0.0	0
1:16:42:5	5	14	24	15.2184	0.0	0
1:16:43:20	5	14	24	15.4162	0.0	0
1:16:44:30	5	14	24	15.6065	0.0	0
1:16:45:45	5	14	24	15.8621	0.0	0
1:16:46:55	5	14	24	16.223	0.0	0
1:16:48:10	5	14	24	16.3981	0.0	0
1:16:49:20	5	14	24	16.5721	0.0	0
1:16:50:35	5	14	24	16.7471	0.0	0
1:16:51:45	5	14	24	16.9156	0.0	0
1:16:53:0	5	14	24	17.2421	0.0	100
1:16:54:10	5	14	24	17.4335	0.2385	100
1:16:55:25	5	14	24	17.6218	0.2385	0
1:16:56:40	5	14	24	15.8209	99.3278	0
1:16:57:50	5	14	24	12.9345	72.5071	0
1:16:59:5	5	14	24	12.7657	0.0	0
1:17:0:15	5	14	24	12.9869	0.0	0
1:17:1:30	5	14	24	13.2016	0.0	0
1:17:2:40	5	14	24	13.4709	0.0	0
1:17:3:55	5	14	24	13.8787	0.0	3.2660000000000107
1:17:5:5	5	14	24	14.0703	0.0	0
1:17:6:20	5	14	24	14.2588	0.0	0
1:17:7:30	5	14	24	14.4628	0.0	0
1:17:8:45	5	14	24	14.6409	0.0	0
1:17:9:55	5	14	24	14.9881	0.0	0
1:17:11:10	5	14	24	15.157	0.0	0
1:17:12:20	5	14	24	15.3462	0.0	0
1:17:13:35	5	14	24	15.5063	0.0	0
1:17:14:50	5	14	24	15.6623	0.0	0
1:17:16:0	5	14	24	15.9688	0.0	24.8890000000001
1:17:17:15	5	14	24	16.1183	0.0	39.17049999999988
1:17:18:25	5	14	24	16.2599	0.0	100
1:17:19:40	5	14	24	16.3966	0.0	0
1:17:20:50	5	14	24	16.2901	99.0596	0
1:17:22:5	5	14	24	11.749	82.8786	0
1:17:23:15	5	14	24	11.9628	1.0765	0
1:17:24:30	5	14	24	12.1684	0.0	0
1:17:25:40	5	14	24	12.3756	0.0	0
1:17:26:55	5	14	24	12.7705	0.0	0
1:17:28:5	5	14	24	12.9577	0.0	0
1:17:29:20	5	14	24	13.1894	0.0	0
1:17:30:30	5	14	24	13.4136	0.0	0
1:17:31:45	5	14	24	13.5895	0.0	0
1:17:32:55	5	14	24	13.9267	0.0	0
1:17:34:10	5	14	24	14.0868	0.0	0
1:17:35:20	5	14	24	14.2413	0.0	0
1:17:36:35	5	14	24	14.3925	0.0	0
1:17:37:45	5	14	24	14.5417	0.0	0
1:17:39:0	5	14	24	14.8362	0.0	43.9255000000001
1:17:40:10	5	14	24	14.9825	0.0	58.257999999999996
1:17:41:25	5	14	24	15.1243	0.0	100
1:17:42:35	5	14	24	15.2601	0.0	0
1:17:43:50	5	14	24	15.2601	99.0596	0
1:17:45:0	5	14	24	11.3721	99.5172	0
1:17:46:15	5	14	24	11.5669	1.233	0
1:17:47:25	5	14	24	11.7569	0.0	0
1:17:48:40	5	14	24	11.9385	0.0	0
1:17:49:50	5	14	24	12.1143	0.0	0
1:17:51:5	5	14	24	12.5251	0.0	0
1:17:52:15	5	14	24	12.7586	0.0	0
1:17:53:30	5	14	24	12.9847	0.0	0
1:17:54:45	5	14	24	13.1691	0.0	0
1:17:55:55	5	14	24	13.4807	0.0	0
1:17:57:10	5	14	24	13.6217	0.0	0
1:17:58:20	5	14	24	13.7586	0.0	0
1:17:59:35	5	14	24	13.9598	0.0	0
1:18:0:45	5	14	24	14.163	0.0	0
1:18:2:0	5	14	24	14.5586	0.0	0
1:18:3:10	5	14	24	14.75	0.0	0
1:18:4:25	5	14	24	14.9368	0.0	0
1:18:5:35	5	14	24	15.1213	0.0	0
1:18:6:50	5	14	24	15.3035	0.0	0
1:18:8:5	5	14	24	15.5918	0.0	0
1:18:9:15	5	14	24	15.6969	0.0	0
1:18:10:30	5	14	24	15.8007	0.0	0
1:18:11:40	5	14	24	15.9738	0.0	0
1:18:12:55	5	14	24	16.3059	0.0	0
1:18:14:5	5	14	24	16.468	0.0	0
1:18:15:20	5	14	24	16.6266	0.0	0
1:18:16:30	5	14	24	16.7155	0.0	0
1:18:17:45	5	14	24	16.7155	0.0	0
1:18:18:55	5	14	24	17.0271	0.0	0
1:18:20:10	5	14	24	17.1723	0.0	0
1:18:21:20	5	14	24	17.2482	0.0	0
1:18:22:35	5	14	24	17.3187	0.0	0
1:18:23:50	5	14	24	17.3187	0.0	0
1:18:25:0	5	14	24	17.5111	0.0	0
1:18:26:15	5	14	24	17.5111	0.0	0
1:18:27:25	5	14	24	17.704	0.0	0
1:18:28:40	5	14	24	17.704	0.0	0
1:18:29:50	5	14	24	17.8294	0.0	0
1:18:31:5	5	14	24	17.9384	0.0	0
1:18:32:15	5	14	24	18.0648	0.0	9.621500000000008
1:18:33:30	5	14	24	18.1338	0.0	81.10149999999996
1:18:34:40	5	14	24	18.2346	1.6116	100
1:18:35:55	5	14	24	15.7604	77.0781	0
1:18:37:10	5	14	24	12.5928	99.5802	0
1:18:38:20	5	14	24	12.3902	53.0027	0
1:18:39:35	5	14	24	12.4205	27.1791	0
1:18:40:45	5	14	24	12.501	18.3995	0
1:18:42:0	5	14	24	12.7409	13.373	0
1:18:43:10	5	14	24	12.9388	9.9541	0
1:18:44:25	5	14	24	13.1454	9.4857	0
1:18:45:35	5	14	24	13.3508	9.4857	0
1:18:46:50	5	14	24	13.5529	9.4857	0
1:18:48:0	5	14	24	13.9512	9.7162	0
1:18:49:15	5	14	24	14.1456	10.3428	0
1:18:50:25	5	14	24	14.2595	10.9215	0
1:18:51:40	5	14	24	14.3683	10.8486	0
1:18:52:50	5	14	24	14.4721	9.8408	0
