1:12:33:20	5	16	20	24.4392	30.3939	30.3939
1:12:34:30	5	16	20	23.4014	52.3149	52.5899
1:12:35:45	5	16	20	23.6252	2.9089	2.1398999999999546
1:12:36:55	5	16	20	23.1372	50.053	50.379900000000006
1:12:38:10	5	16	20	22.9664	31.4653	30.988900000000026
1:12:39:25	5	16	20	22.7646	41.5834	42.03890000000003
1:12:40:35	5	16	20	22.1747	44.847	45.30690000000012
1:12:41:55	5	16	20	22.304	21.3866	20.8639000000001
1:12:43:15	5	16	20	22.0813	49.2055	49.636899999999905
1:12:44:35	5	16	20	21.5542	44.1911	43.628399999999964
1:12:45:50	5	16	20	21.7013	20.9979	20.478400000000146
1:12:47:0	5	16	20	21.5076	46.093	46.452899999999985
1:12:48:15	5	16	20	21.3385	39.6626	39.19390000000003
1:12:49:25	5	16	20	21.2251	38.2519	37.80040000000001
1:12:50:40	5	16	20	21.0529	38.8064	39.09140000000011
1:12:52:0	5	16	20	21.0529	35.3452	34.863900000000086
1:12:53:15	5	16	20	20.8638	42.268	42.7114000000001
1:12:54:25	5	16	20	20.724	35.2968	34.738900000000115
1:12:55:40	5	16	20	20.702	32.6814	32.108400000000046
1:12:56:50	5	16	20	20.6484	35.8334	36.285400000000166
1:12:58:5	5	16	20	20.5819	36.0715	36.37339999999995
1:12:59:15	5	16	20	20.5819	36.0715	35.76440000000014
1:13:0:30	5	16	20	20.3334	39.2348	39.671400000000105
1:13:1:45	5	16	20	20.4336	25.6663	25.185900000000114
1:13:2:55	5	16	20	20.3506	37.2856	37.594399999999936
1:13:4:15	5	16	20	20.3506	32.9752	32.44940000000008
1:13:5:30	5	16	20	20.2629	34.9998	35.44740000000006
1:13:6:50	5	16	20	20.2629	31.5425	31.061399999999942
1:13:8:5	5	16	20	20.2629	33.3459	33.69139999999996
1:13:9:15	5	16	20	20.2629	34.5849	35.005899999999954
1:13:10:30	5	16	20	20.1904	35.8716	36.32039999999995
1:13:11:40	5	16	20	20.1904	33.0692	32.559900000000084
1:13:12:55	5	16	20	20.0976	34.2043	34.59940000000006
1:13:14:5	5	16	20	20.1446	29.5968	29.05540000000003
1:13:15:20	5	16	20	20.1446	33.8491	34.22540000000008
1:13:16:40	5	16	20	20.1446	33.8491	34.24340000000007
1:13:17:55	5	16	20	20.0705	34.5387	34.96640000000008
1:13:19:5	5	16	20	20.0705	30.9884	30.502399999999984
1:13:20:15	5	16	20	20.1044	31.6103	31.9664
1:13:21:30	5	16	20	20.0903	34.3532	34.69189999999993
1:13:22:40	5	16	20	20.0903	34.1903	33.7184
1:13:23:55	5	16	20	20.0903	34.1903	34.381399999999985
1:13:25:10	5	16	20	20.0903	34.4575	34.83289999999998
1:13:26:20	5	16	20	19.9823	35.0058	35.28439999999998
1:13:27:35	5	16	20	20.02	28.6428	28.175899999999935
1:13:28:45	5	16	20	20.02	31.8902	32.3464
1:13:30:0	5	16	20	20.02	31.8902	31.880899999999986
1:13:31:10	5	16	20	20.02	31.8902	31.980899999999984
1:13:32:25	5	16	20	20.02	31.8902	32.080899999999986
1:13:33:35	5	16	20	20.1132	31.8902	32.18089999999998
1:13:34:45	5	16	20	20.0237	38.4053	38.80489999999995
1:13:36:0	5	16	20	20.0237	32.1714	31.707900000000127
1:13:37:10	5	16	20	20.0237	32.8028	33.16890000000009
1:13:38:25	5	16	20	20.0237	32.8028	33.287400000000105
1:13:39:35	5	16	20	20.0237	33.0588	33.405900000000116
1:13:40:50	5	16	20	20.0237	33.0588	33.52440000000013
1:13:42:5	5	16	20	20.0237	33.3094	33.64290000000014
1:13:43:40	5	16	20	20.0237	33.3094	33.76140000000015
1:13:45:20	5	16	20	20.0237	33.5562	33.87990000000016
1:13:46:30	5	16	20	20.0237	33.5562	33.998400000000174
1:13:47:45	5	16	20	20.0237	33.8001	34.116900000000186
1:13:48:55	5	16	20	20.0237	33.8001	34.2354000000002
1:13:50:10	5	16	20	20.0237	34.0422	34.35390000000021
1:13:51:20	5	16	20	20.0237	34.0422	34.47240000000022
1:13:52:35	5	16	20	19.9937	34.2828	34.59090000000023
1:13:54:10	5	16	20	20.0009	33.0953	32.609400000000164
1:13:55:30	5	16	20	20.0009	33.0953	33.53190000000025
1:13:57:0	5	16	20	20.0009	33.0953	33.42840000000024
1:13:58:15	5	16	20	20.0009	33.0953	33.432900000000245
1:13:59:25	5	16	20	20.0009	33.0953	33.43740000000025
1:14:0:40	5	16	20	20.0009	33.0953	33.44190000000026
1:14:1:50	5	16	20	20.0009	33.0953	33.44640000000027
1:14:3:5	5	16	20	20.0009	33.0953	33.450900000000274
1:14:4:20	5	16	20	20.0009	33.0953	33.45540000000028
1:14:5:30	5	16	20	20.103	33.0953	33.45990000000029
1:14:6:45	5	16	20	19.9852	40.1535	40.6114000000003
1:14:7:55	5	16	20	20.0156	31.8663	31.34890000000013
1:14:9:10	5	16	20	20.0156	34.7776	35.169900000000176
1:14:10:20	5	16	20	19.9966	34.7776	34.79190000000017
1:14:11:35	5	16	20	19.9966	34.0871	33.53990000000028
1:14:12:45	5	16	20	19.9966	34.0871	33.80790000000026
1:14:14:0	5	16	20	20.0053	34.0871	33.79090000000026
1:14:15:10	5	16	20	20.0053	34.0871	34.38290000000009
1:14:16:25	5	16	20	20.0053	34.0871	34.27890000000012
1:14:17:35	5	16	20	20.0053	34.0871	34.30540000000011
1:14:18:50	5	16	20	20.0053	34.0871	34.331900000000104
1:14:20:0	5	16	20	20.0053	34.0871	34.358400000000096
1:14:21:15	5	16	20	20.0053	34.0871	34.38490000000009
1:14:22:25	5	16	20	20.0053	34.0871	34.41140000000008
1:14:23:40	5	16	20	20.0053	34.0871	34.43790000000007
1:14:24:50	5	16	20	20.0053	34.0871	34.46440000000006
1:14:26:10	5	16	20	20.0053	34.0871	34.49090000000005
1:14:27:25	5	16	20	20.0053	34.2439	34.517400000000045
1:14:28:35	5	16	20	20.0053	34.2439	34.543900000000036
1:14:29:50	5	16	20	20.0053	34.2439	34.57040000000003
1:14:31:20	5	16	20	20.0053	34.2439	34.59690000000002
1:14:32:35	5	16	20	20.0053	34.2439	34.62340000000001
1:14:33:45	5	16	20	20.0053	34.2439	34.6499
1:14:35:0	5	16	20	20.0053	34.2439	34.676399999999994
1:14:36:20	5	16	20	20.0053	34.2439	34.702899999999985
1:14:37:30	5	16	20	20.0053	34.2439	34.72939999999998
1:14:38:45	5	16	20	20.0053	34.2439	34.75589999999997
1:14:39:55	5	16	20	20.0053	34.2439	34.78239999999996
1:14:41:10	5	16	20	20.0053	34.4891	34.80889999999995
1:14:42:20	5	16	20	20.0053	34.4891	34.83539999999994
1:14:43:35	5	16	20	20.0053	34.4891	34.861899999999935
1:14:44:45	5	16	20	20.0053	34.4891	34.888399999999926
1:14:46:0	5	16	20	20.0053	34.4891	34.91489999999992
1:14:47:10	5	16	20	20.0053	34.4891	34.94139999999991
1:14:48:25	5	16	20	20.0053	34.4891	34.9678999999999
1:14:49:35	5	16	20	20.0053	34.4891	34.99439999999989
1:14:50:50	5	16	20	20.0053	34.7249	35.020899999999884
1:14:52:0	5	16	20	20.0053	34.7249	35.047399999999875
1:14:53:15	5	16	20	20.0053	34.7249	35.07389999999987
1:14:54:25	5	16	20	20.0053	34.7249	35.10039999999986
1:14:55:40	5	16	20	20.0053	34.7249	35.12689999999985
1:14:57:5	5	16	20	20.0053	34.7249	35.15339999999984
1:14:58:20	5	16	20	20.0053	34.7249	35.17989999999983
1:14:59:30	5	16	20	20.0053	34.7249	35.206399999999825
1:15:0:45	5	16	20	20.0053	34.7249	35.232899999999816
1:15:2:0	5	16	20	20.1025	34.7249	35.25939999999981
1:15:3:15	5	16	20	20.0387	41.6466	42.08989999999986
1:15:4:25	5	16	20	19.9867	37.1449	36.678399999999804
1:15:5:40	5	16	20	20.0287	34.6735	34.18889999999983
1:15:6:50	5	16	20	20.0287	37.4872	37.842399999999934
1:15:8:5	5	16	20	20.0287	37.4872	37.35589999999991
1:15:9:15	5	16	20	20.0287	37.4872	37.499399999999916
1:15:10:30	5	16	20	20.1102	37.4872	37.64289999999992
1:15:11:40	5	16	20	20.1102	43.1801	43.49139999999981
1:15:12:55	5	16	20	20.082	43.1801	42.819899999999826
1:15:14:5	5	16	20	20.082	41.8976	41.396899999999945
1:15:15:20	5	16	20	20.082	41.8976	42.22989999999992
1:15:16:35	5	16	20	20.1115	42.1523	42.639899999999926
1:15:17:55	5	16	20	20.1115	44.7987	45.11489999999984
1:15:19:10	5	16	20	20.1115	44.7987	45.22989999999986
1:15:20:20	5	16	20	20.1115	45.4257	45.787399999999856
1:15:21:35	5	16	20	20.2397	46.019	46.34489999999985
1:15:22:55	5	16	20	20.2397	55.4706	55.876399999999826
1:15:24:5	5	16	20	20.2397	55.4706	55.15189999999983
1:15:25:20	5	16	20	20.3318	56.0447	56.35039999999982
1:15:26:35	5	16	20	20.4002	63.7226	63.99589999999996
1:15:28:0	5	16	20	20.4002	68.5983	69.06139999999996
1:15:29:15	5	16	20	20.5815	69.697	70.03639999999996
1:15:30:25	5	16	20	20.6514	84.2651	84.72839999999974
1:15:31:40	5	16	20	20.6514	89.3185	89.80939999999981
1:15:32:50	5	16	20	20.7176	91.5273	92.0178999999998
1:15:34:5	5	16	20	20.7176	99.4113	99.90889999999993
1:15:35:15	5	16	20	20.7176	99.5782	100
1:15:36:30	5	16	20	20.8033	99.5782	100
1:15:37:45	5	16	20	20.8033	99.5782	100
1:15:38:55	5	16	20	20.927	99.5782	100
1:15:40:10	5	16	20	20.927	99.5782	100
1:15:41:20	5	16	20	20.927	99.5782	100
1:15:42:35	5	16	20	21.0122	99.5782	100
1:15:43:45	5	16	20	21.0122	99.5782	100
1:15:45:0	5	16	20	21.0122	99.5782	100
1:15:46:10	5	16	20	21.1012	99.5782	100
1:15:47:25	5	16	20	21.1012	99.5782	100
1:15:48:35	5	16	20	21.1012	99.5782	100
1:15:49:50	5	16	20	21.1012	99.5782	100
1:15:51:0	5	16	20	21.2073	99.5782	100
1:15:52:15	5	16	20	21.2073	99.5782	100
1:15:53:25	5	16	20	21.2073	99.5782	100
1:15:54:40	5	16	20	21.2073	99.5782	100
1:15:55:50	5	16	20	21.2073	99.5782	100
1:15:57:5	5	16	20	21.2073	99.5782	100
1:15:58:15	5	16	20	21.2073	99.5782	100
1:15:59:30	5	16	20	21.2073	99.5782	100
1:16:0:40	5	16	20	21.2073	99.5782	100
1:16:1:55	5	16	20	21.2073	99.5782	100
1:16:3:5	5	16	20	21.2073	99.5782	100
1:16:4:20	5	16	20	21.2073	99.5782	100
1:16:5:35	5	16	20	21.2073	99.5782	100
1:16:6:45	5	16	20	21.2073	99.5782	100
1:16:8:0	5	16	20	21.2073	99.5782	100
1:16:9:10	5	16	20	21.2073	99.5782	100
1:16:10:25	5	16	20	21.2073	99.5782	100
1:16:11:35	5	16	20	21.2073	99.5782	100
1:16:12:50	5	16	20	21.2073	99.5782	100
1:16:14:0	5	16	20	21.2073	99.5782	100
1:16:15:15	5	16	20	21.2073	99.5782	100
1:16:16:25	5	16	20	21.2073	99.5782	100
1:16:17:40	5	16	20	21.2073	99.5782	100
1:16:18:50	5	16	20	21.2073	99.5782	100
1:16:20:5	5	16	20	21.1985	99.5782	100
1:16:21:15	5	16	20	21.1985	99.5782	100
1:16:22:30	5	16	20	21.1985	99.5782	100
1:16:23:45	5	16	20	21.1985	99.5782	100
1:16:24:55	5	16	20	21.1985	99.5782	100
1:16:26:10	5	16	20	21.1985	99.5782	100
1:16:27:20	5	16	20	21.1985	99.5782	100
1:16:28:35	5	16	20	21.1985	99.5782	100
1:16:29:45	5	16	20	21.1985	99.5782	100
1:16:31:0	5	16	20	21.1985	99.5782	100
1:16:32:10	5	16	20	21.1985	99.5782	100
1:16:33:25	5	16	20	21.1985	99.5782	100
1:16:34:40	5	16	20	21.1985	99.5782	100
1:16:35:50	5	16	20	21.1985	99.5782	100
1:16:37:5	5	16	20	21.1985	99.5782	100
1:16:38:15	5	16	20	21.1985	99.5782	100
1:16:39:30	5	16	20	21.1985	99.5782	100
1:16:40:40	5	16	20	21.1985	99.5782	100
1:16:41:55	5	16	20	21.1985	99.5782	100
1:16:43:5	5	16	20	21.1985	99.5782	100
1:16:44:20	5	16	20	21.1985	99.5782	100
1:16:45:30	5	16	20	21.1985	99.5782	100
1:16:46:45	5	16	20	21.1985	99.5782	100
1:16:48:0	5	16	20	21.1985	99.5782	100
1:16:49:10	5	16	20	21.1985	99.5782	100
1:16:50:25	5	16	20	21.1985	99.5782	100
1:16:51:35	5	16	20	21.1985	99.5782	100
1:16:52:50	5	16	20	21.1985	99.5782	100
1:16:54:0	5	16	20	21.1985	99.5782	100
1:16:55:15	5	16	20	21.1985	99.5782	100
1:16:56:25	5	16	20	21.1985	99.5782	100
1:16:57:40	5	16	20	21.0964	99.5782	100
1:16:58:50	5	16	20	21.0964	99.3676	98.84549999999999
1:17:0:5	5	16	20	21.0964	99.5018	100
1:17:1:15	5	16	20	21.0964	99.5018	100
1:17:2:30	5	16	20	21.0964	99.5018	100
1:17:3:40	5	16	20	21.0964	99.5018	100
1:17:4:55	5	16	20	21.0964	99.5018	100
1:17:6:5	5	16	20	21.0964	99.5018	100
1:17:7:20	5	16	20	21.0964	99.5018	100
1:17:8:30	5	16	20	21.0964	99.5018	100
1:17:9:45	5	16	20	21.0964	99.5018	100
1:17:10:55	5	16	20	21.0964	99.5018	100
1:17:12:10	5	16	20	21.0964	99.5018	100
1:17:13:25	5	16	20	21.0964	99.5018	100
1:17:14:35	5	16	20	20.9932	99.5018	100
1:17:15:50	5	16	20	20.9932	98.7363	98.25800000000017
1:17:17:0	5	16	20	20.9932	99.5351	100
1:17:18:15	5	16	20	20.9932	99.5351	100
1:17:19:25	5	16	20	20.9932	99.5351	100
1:17:20:40	5	16	20	20.9932	99.5351	100
1:17:21:50	5	16	20	20.9932	99.5351	100
1:17:23:5	5	16	20	20.9932	99.5351	100
1:17:24:15	5	16	20	20.9932	99.5351	100
1:17:25:30	5	16	20	20.9932	99.5351	100
1:17:26:40	5	16	20	20.9932	99.5351	100
1:17:27:55	5	16	20	20.9932	99.5351	100
1:17:29:10	5	16	20	20.9932	99.5351	100
1:17:30:20	5	16	20	20.9932	99.5351	100
1:17:31:35	5	16	20	20.8963	99.5351	100
1:17:32:45	5	16	20	20.8963	98.6817	98.18299999999991
1:17:34:0	5	16	20	20.8963	99.515	100
1:17:35:10	5	16	20	20.8963	99.515	100
1:17:36:25	5	16	20	20.8963	99.515	100
1:17:37:35	5	16	20	20.8963	99.515	100
1:17:38:50	5	16	20	20.8963	99.515	100
1:17:40:0	5	16	20	20.8963	99.515	100
1:17:41:15	5	16	20	20.8963	99.515	100
1:17:42:25	5	16	20	20.7945	99.515	100
1:17:43:40	5	16	20	20.7945	97.8358	97.35549999999995
1:17:44:55	5	16	20	20.7945	99.5912	100
1:17:46:5	5	16	20	20.7945	99.5912	100
1:17:47:20	5	16	20	20.7945	99.5912	100
1:17:48:30	5	16	20	20.7945	99.5912	100
1:17:49:45	5	16	20	20.7945	99.5912	100
1:17:50:55	5	16	20	20.7945	99.5912	100
1:17:52:10	5	16	20	20.6992	99.5912	100
1:17:53:20	5	16	20	20.6992	97.7945	97.30150000000012
1:17:54:35	5	16	20	20.6992	99.5834	100
1:17:55:45	5	16	20	20.6992	99.5834	100
1:17:57:0	5	16	20	20.6992	99.5834	100
1:17:58:10	5	16	20	20.6992	99.5834	100
1:17:59:25	5	16	20	20.6992	99.5834	100
1:18:0:40	5	16	20	20.6992	99.5834	100
1:18:1:50	5	16	20	20.6992	99.5834	100
1:18:3:5	5	16	20	20.6992	99.5834	100
1:18:4:15	5	16	20	20.6992	99.5834	100
1:18:5:30	5	16	20	20.6992	99.5834	100
1:18:6:40	5	16	20	20.6992	99.5834	100
1:18:7:55	5	16	20	20.6992	99.5834	100
1:18:9:10	5	16	20	20.6992	99.5834	100
1:18:10:20	5	16	20	20.6992	99.5834	100
1:18:11:35	5	16	20	20.5994	99.5834	100
1:18:12:45	5	16	20	20.6023	97.0789	96.50999999999988
1:18:14:0	5	16	20	20.5973	99.5944	100
1:18:15:10	5	16	20	20.5973	99.5944	100
1:18:16:25	5	16	20	20.5973	99.5944	100
1:18:17:35	5	16	20	20.5973	99.5944	100
1:18:18:50	5	16	20	20.5973	99.5944	100
1:18:20:0	5	16	20	20.5973	99.5944	100
1:18:21:15	5	16	20	20.5973	99.5944	100
1:18:22:25	5	16	20	20.5973	99.5944	100
1:18:23:40	5	16	20	20.5973	99.5944	100
1:18:24:50	5	16	20	20.5973	99.5944	100
1:18:26:5	5	16	20	20.5973	99.5944	100
1:18:27:20	5	16	20	20.5973	99.5944	100
1:18:28:30	5	16	20	20.5973	99.5944	100
1:18:29:45	5	16	20	20.5973	99.5944	100
1:18:30:55	5	16	20	20.5973	99.5944	100
1:18:32:10	5	16	20	20.5973	99.5944	100
1:18:33:20	5	16	20	20.5973	99.5944	100
1:18:34:35	5	16	20	20.5973	99.5944	100
1:18:35:45	5	16	20	20.5973	99.5944	100
1:18:37:0	5	16	20	20.4895	99.5944	100
1:18:38:10	5	16	20	20.4895	95.9324	95.44049999999993
1:18:39:25	5	16	20	20.4895	99.0736	99.50499999999994
1:18:40:40	5	16	20	20.4895	99.5243	100
1:18:41:50	5	16	20	20.4895	99.5243	100
1:18:43:5	5	16	20	20.4895	99.5243	100
1:18:44:15	5	16	20	20.4895	99.5243	100
1:18:45:30	5	16	20	20.4895	99.5243	100
1:18:46:40	5	16	20	20.4895	99.5243	100
1:18:47:55	5	16	20	20.4895	99.5243	100
1:18:49:5	5	16	20	20.4895	99.5243	100
1:18:50:20	5	16	20	20.4895	99.5243	100
1:18:51:30	5	16	20	20.4895	99.5243	100
1:18:52:45	5	16	20	20.4895	99.5243	100
1:18:54:0	5	16	20	20.4895	99.5243	100
1:18:55:10	5	16	20	20.4895	99.5243	100
1:18:56:25	5	16	20	20.4895	99.5243	100
1:18:57:35	5	16	20	20.4895	99.5243	100
1:18:58:50	5	16	20	20.4895	99.5243	100
1:19:0:0	5	16	20	20.4895	99.5243	100
1:19:1:15	5	16	20	20.4895	99.5243	100
1:19:2:25	5	16	20	20.4895	99.5243	100
1:19:3:40	5	16	20	20.4895	99.5243	100
1:19:4:50	5	16	20	20.4895	99.5243	100
1:19:6:5	5	16	20	20.4895	99.5243	100
1:19:7:20	5	16	20	20.4895	99.5243	100
1:19:8:30	5	16	20	20.4895	99.5243	100
1:19:9:45	5	16	20	20.4895	99.5243	100
1:19:10:55	5	16	20	20.4895	99.5243	100
1:19:12:10	5	16	20	20.3971	99.5243	100
1:19:13:20	5	16	20	20.3971	96.4411	95.9794999999999
1:19:14:35	5	16	20	20.4052	99.0447	99.35099999999991
1:19:15:45	5	16	20	20.3996	99.5095	100
1:19:17:0	5	16	20	20.3996	99.5095	100
1:19:18:10	5	16	20	20.3996	99.5095	100
1:19:19:25	5	16	20	20.3996	99.5095	100
1:19:20:40	5	16	20	20.3996	99.5095	100
1:19:21:50	5	16	20	20.3996	99.5095	100
1:19:23:5	5	16	20	20.3996	99.5095	100
1:19:24:15	5	16	20	20.3996	99.5095	100
1:19:25:30	5	16	20	20.3996	99.5095	100
1:19:26:40	5	16	20	20.3996	99.5095	100
1:19:27:55	5	16	20	20.3996	99.5095	100
1:19:29:5	5	16	20	20.3996	99.5095	100
1:19:30:20	5	16	20	20.3996	99.5095	100
1:19:31:30	5	16	20	20.3996	99.5095	100
1:19:32:45	5	16	20	20.3996	99.5095	100
1:19:33:55	5	16	20	20.3996	99.5095	100
1:19:35:10	5	16	20	20.3996	99.5095	100
1:19:36:25	5	16	20	20.3996	99.5095	100
1:19:37:35	5	16	20	20.3996	99.5095	100
1:19:38:50	5	16	20	20.3996	99.5095	100
1:19:40:0	5	16	20	20.3996	99.5095	100
1:19:41:15	5	16	20	20.3996	99.5095	100
1:19:42:25	5	16	20	20.3996	99.5095	100
1:19:43:40	5	16	20	20.3996	99.5095	100
1:19:44:50	5	16	20	20.3996	99.5095	100
1:19:46:5	5	16	20	20.3996	99.5095	100
1:19:47:15	5	16	20	20.3996	99.5095	100
1:19:48:30	5	16	20	20.3996	99.5095	100
1:19:49:40	5	16	20	20.3996	99.5095	100
1:19:50:55	5	16	20	20.3996	99.5095	100
1:19:52:10	5	16	20	20.3996	99.5095	100
1:19:53:20	5	16	20	20.3996	99.5095	100
1:19:54:35	5	16	20	20.3996	99.5095	100
1:19:55:45	5	16	20	20.3996	99.5095	100
1:19:57:0	5	16	20	20.3996	99.5095	100
1:19:58:10	5	16	20	20.3996	99.5095	100
1:19:59:25	5	16	20	20.3996	99.5095	100
1:20:0:35	5	16	20	20.3996	99.5095	100
1:20:1:50	5	16	20	20.3996	99.5095	100
1:20:3:0	5	16	20	20.3996	99.5095	100
1:20:4:15	5	16	20	20.3996	99.5095	100
1:20:5:25	5	16	20	20.3996	99.5095	100
1:20:6:40	5	16	20	20.3996	99.5095	100
1:20:7:50	5	16	20	20.3996	99.5095	100
1:20:9:5	5	16	20	20.3996	99.5095	100
1:20:10:20	5	16	20	20.3996	99.5095	100
1:20:11:30	5	16	20	20.3996	99.5095	100
1:20:12:45	5	16	20	20.3996	99.5095	100
1:20:13:55	5	16	20	20.3996	99.5095	100
1:20:15:10	5	16	20	20.3996	99.5095	100
1:20:16:20	5	16	20	20.3996	99.5095	100
1:20:17:35	5	16	20	20.3996	99.5095	100
1:20:18:45	5	16	20	20.3996	99.5095	100
1:20:20:0	5	16	20	20.3996	99.5095	100
1:20:21:15	5	16	20	20.3996	99.5095	100
1:20:22:25	5	16	20	20.3996	99.5095	100
1:20:23:40	5	16	20	20.3996	99.5095	100
1:20:24:50	5	16	20	20.3996	99.5095	100
1:20:26:5	5	16	20	20.3996	99.5095	100
1:20:27:15	5	16	20	20.3996	99.5095	100
1:20:28:30	5	16	20	20.3996	99.5095	100
1:20:29:40	5	16	20	20.3996	99.5095	100
1:20:30:55	5	16	20	20.3996	99.5095	100
1:20:32:5	5	16	20	20.3996	99.5095	100
1:20:33:20	5	16	20	20.4137	99.5095	100
1:20:34:30	5	16	20	20.4137	99.5095	100
1:20:35:45	5	16	20	20.4137	99.5095	100
1:20:37:0	5	16	20	20.4137	99.5095	100
1:20:38:10	5	16	20	20.4137	99.5095	100
1:20:39:25	5	16	20	20.4137	99.5095	100
1:20:40:35	5	16	20	20.5077	99.5095	100
1:20:41:50	5	16	20	20.5077	99.5095	100
1:20:43:0	5	16	20	20.5077	99.5095	100
1:20:44:15	5	16	20	20.5077	99.5095	100
1:20:45:25	5	16	20	20.5077	99.5095	100
1:20:46:40	5	16	20	20.5077	99.5095	100
1:20:47:50	5	16	20	20.5077	99.5095	100
1:20:49:5	5	16	20	20.5077	99.5095	100
1:20:50:15	5	16	20	20.5077	99.5095	100
1:20:51:30	5	16	20	20.5077	99.5095	100
1:20:52:45	5	16	20	20.5077	99.5095	100
1:20:53:55	5	16	20	20.607	99.5095	100
1:20:55:10	5	16	20	20.607	99.5095	100
1:20:56:20	5	16	20	20.607	99.5095	100
1:20:57:35	5	16	20	20.607	99.5095	100
1:20:58:45	5	16	20	20.607	99.5095	100
1:21:0:0	5	16	20	20.607	99.5095	100
1:21:1:10	5	16	20	20.607	99.5095	100
1:21:2:25	5	16	20	20.7013	99.5095	100
1:21:3:35	5	16	20	20.7013	99.5095	100
1:21:4:50	5	16	20	20.7013	99.5095	100
1:21:6:0	5	16	20	20.7013	99.5095	100
1:21:7:15	5	16	20	20.7013	99.5095	100
1:21:8:25	5	16	20	20.8027	99.5095	100
1:21:9:40	5	16	20	20.8027	99.5095	100
1:21:10:50	5	16	20	20.8027	99.5095	100
1:21:12:5	5	16	20	20.8027	99.5095	100
1:21:13:15	5	16	20	20.9017	99.5095	100
1:21:14:30	5	16	20	20.9017	99.5095	100
1:21:15:40	5	16	20	20.9017	99.5095	100
1:21:16:55	5	16	20	20.9017	99.5095	100
1:21:18:10	5	16	20	20.9017	99.5095	100
1:21:19:20	5	16	20	21.0139	99.5095	100
1:21:20:35	5	16	20	21.0139	99.5095	100
1:21:21:45	5	16	20	21.0139	99.5095	100
1:21:23:0	5	16	20	21.0139	99.5095	100
1:21:24:10	5	16	20	21.0139	99.5095	100
1:21:25:25	5	16	20	21.0139	99.5095	100
1:21:26:40	5	16	20	21.1065	99.5095	100
1:21:27:50	5	16	20	21.1065	99.5095	100
1:21:29:5	5	16	20	21.1065	99.5095	100
1:21:30:15	5	16	20	21.1065	99.5095	100
1:21:31:30	5	16	20	21.2089	99.5095	100
1:21:32:40	5	16	20	21.2089	99.5095	100
1:21:33:55	5	16	20	21.2089	99.5095	100
1:21:35:5	5	16	20	21.2089	99.5095	100
1:21:36:20	5	16	20	21.2089	99.5095	100
1:21:37:35	5	16	20	21.3064	99.5095	100
1:21:38:45	5	16	20	21.3064	99.5095	100
1:21:40:0	5	16	20	21.3064	99.5095	100
1:21:41:10	5	16	20	21.3064	99.5095	100
1:21:42:25	5	16	20	21.3064	99.5095	100
1:21:43:35	5	16	20	21.3064	99.5095	100
1:21:44:50	5	16	20	21.4061	99.5095	100
1:21:46:0	5	16	20	21.4061	99.5095	100
1:21:47:15	5	16	20	21.4061	99.5095	100
1:21:48:30	5	16	20	21.4061	99.5095	100
1:21:49:40	5	16	20	21.4061	99.5095	100
1:21:50:55	5	16	20	21.4061	99.5095	100
1:21:52:5	5	16	20	21.5061	99.5095	100
1:21:53:20	5	16	20	21.5061	99.5095	100
1:21:54:30	5	16	20	21.5061	99.5095	100
1:21:55:45	5	16	20	21.5061	99.5095	100
1:21:56:55	5	16	20	21.5061	99.5095	100
1:21:58:10	5	16	20	21.5061	99.5095	100
1:21:59:20	5	16	20	21.614	99.5095	100
1:22:0:35	5	16	20	21.614	99.5095	100
1:22:1:45	5	16	20	21.614	99.5095	100
1:22:3:0	5	16	20	21.614	99.5095	100
1:22:4:15	5	16	20	21.715	99.5095	100
1:22:5:25	5	16	20	21.715	99.5095	100
1:22:6:40	5	16	20	21.715	99.5095	100
1:22:7:50	5	16	20	21.8091	99.5095	100
1:22:9:5	5	16	20	21.8091	99.5095	100
1:22:10:15	5	16	20	21.8091	99.5095	100
1:22:11:30	5	16	20	21.8091	99.5095	100
1:22:12:40	5	16	20	21.8091	99.5095	100
1:22:13:55	5	16	20	21.9021	99.5095	100
1:22:15:5	5	16	20	21.9021	99.5095	100
1:22:16:20	5	16	20	21.9021	99.5095	100
1:22:17:35	5	16	20	21.9021	99.5095	100
1:22:18:45	5	16	20	21.9021	99.5095	100
1:22:20:5	5	16	20	21.9021	99.5095	100
1:22:21:20	5	16	20	22.0057	99.5095	100
1:22:22:30	5	16	20	22.0057	99.5095	100
1:22:23:45	5	16	20	22.0057	99.5095	100
1:22:24:55	5	16	20	22.0057	99.5095	100
