1:12:33:20	5	15	20	17.0934	62.4359	62.4359
1:12:34:30	5	15	20	17.3525	48.3897	47.90289999999999
1:12:35:45	5	15	20	17.7228	51.1615	51.50689999999999
1:12:36:55	5	15	20	17.9439	59.9478	60.3039
1:12:38:10	5	15	20	18.0604	59.2929	58.84039999999998
1:12:39:20	5	15	20	18.1933	53.898	53.39840000000012
1:12:40:35	5	15	20	18.7034	51.783	51.255900000000054
1:12:41:55	5	15	20	18.5973	75.6092	75.93589999999992
1:12:43:15	5	15	20	18.8177	54.8713	54.374400000000094
1:12:44:35	5	15	20	19.0255	63.9988	64.38039999999992
1:12:45:50	5	15	20	19.0255	69.4261	69.70890000000011
1:12:47:0	5	15	20	19.0255	62.2836	61.71940000000008
1:12:48:15	5	15	20	19.1628	57.3989	56.84690000000008
1:12:49:25	5	15	20	19.2538	61.2686	61.58540000000007
1:12:50:40	5	15	20	19.3099	61.2686	61.709899999999905
1:12:52:0	5	15	20	19.3099	60.9982	60.54089999999998
1:12:53:15	5	15	20	19.3099	56.7704	56.24889999999996
1:12:54:25	5	15	20	19.4032	53.2781	52.79839999999996
1:12:55:40	5	15	20	19.5185	55.4143	55.8788999999999
1:12:56:50	5	15	20	19.5185	59.2639	59.566399999999994
1:12:58:5	5	15	20	19.5185	55.975	55.42939999999997
1:12:59:15	5	15	20	19.5185	53.5724	53.021899999999974
1:13:0:30	5	15	20	19.6226	53.5724	50.614399999999975
1:13:1:40	5	15	20	19.6226	55.1896	55.4938999999999
1:13:2:55	5	15	20	19.6226	52.543	52.0453999999999
1:13:4:15	5	15	20	19.7513	50.6606	50.158399999999894
1:13:5:30	5	15	20	19.7513	56.9038	57.28040000000003
1:13:6:50	5	15	20	19.7513	54.5799	54.1064
1:13:8:5	5	15	20	19.7513	53.3547	52.8629
1:13:9:15	5	15	20	19.7513	52.1905	51.619400000000006
1:13:10:30	5	15	20	19.8141	50.8705	50.37590000000001
1:13:11:40	5	15	20	19.8141	53.0487	53.52839999999996
1:13:12:55	5	15	20	19.8141	52.1631	51.65689999999997
1:13:14:5	5	15	20	19.9181	51.1732	50.727399999999975
1:13:15:20	5	15	20	19.8506	56.7762	57.077899999999914
1:13:16:40	5	15	20	19.8134	50.8391	50.383399999999995
1:13:17:50	5	15	20	19.9072	48.5868	48.044900000000084
1:13:19:5	5	15	20	19.8788	53.9524	54.23589999999994
1:13:20:15	5	15	20	19.9056	50.84	50.37689999999987
1:13:21:30	5	15	20	19.9056	51.5859	52.07289999999999
1:13:22:40	5	15	20	19.9056	51.5859	51.198899999999966
1:13:23:55	5	15	20	20.0174	51.1742	50.726899999999965
1:13:25:5	5	15	20	19.9075	57.6821	58.08089999999988
1:13:26:20	5	15	20	19.8965	49.2551	48.79789999999991
1:13:27:30	5	15	20	20.0405	49.2551	49.21389999999995
1:13:28:45	5	15	20	19.889	58.5475	58.94140000000007
1:13:29:55	5	15	20	19.995	46.8963	46.3788999999999
1:13:31:10	5	15	20	19.995	55.1923	55.51640000000005
1:13:32:20	5	15	20	19.995	54.3886	53.901400000000024
1:13:33:35	5	15	20	19.8948	54.3886	53.87640000000003
1:13:34:45	5	15	20	19.9779	47.3939	46.837399999999974
1:13:36:0	5	15	20	19.9779	53.2904	53.63140000000011
1:13:37:10	5	15	20	19.9779	52.7631	52.2744000000001
1:13:38:25	5	15	20	19.9779	52.6783	52.16390000000011
1:13:39:35	5	15	20	20.001	52.5427	52.053400000000124
1:13:40:50	5	15	20	20.001	53.1836	53.5599000000001
1:13:42:0	5	15	20	20.001	53.1836	53.218400000000116
1:13:43:35	5	15	20	20.001	53.1836	53.223400000000126
1:13:45:20	5	15	20	19.9978	53.1836	53.228400000000136
1:13:46:30	5	15	20	19.9978	53.1836	53.00940000000017
1:13:47:45	5	15	20	19.9978	53.1836	53.046400000000176
1:13:48:55	5	15	20	19.9978	53.1836	53.03540000000018
1:13:50:10	5	15	20	19.9978	53.1836	53.024400000000185
1:13:51:20	5	15	20	19.9978	53.1836	53.01340000000019
1:13:52:35	5	15	20	19.9978	53.1836	53.00240000000019
1:13:54:10	5	15	20	19.9978	53.1836	52.9914000000002
1:13:55:30	5	15	20	19.9978	53.1836	52.9804000000002
1:13:57:0	5	15	20	19.9978	53.1836	52.969400000000206
1:13:58:15	5	15	20	19.9978	53.1836	52.95840000000021
1:13:59:25	5	15	20	19.9978	53.1836	52.947400000000215
1:14:0:40	5	15	20	19.9978	53.1836	52.93640000000022
1:14:1:50	5	15	20	19.9978	53.1836	52.925400000000224
1:14:3:5	5	15	20	19.9978	53.1836	52.91440000000023
1:14:4:15	5	15	20	20.0072	53.1836	52.90340000000023
1:14:5:30	5	15	20	20.0072	53.1836	53.550400000000195
1:14:6:40	5	15	20	20.0072	53.1836	53.445400000000205
1:14:7:55	5	15	20	20.0072	53.1836	53.48140000000021
1:14:9:10	5	15	20	20.0072	53.1836	53.51740000000021
1:14:10:20	5	15	20	20.0072	53.1836	53.55340000000021
1:14:11:35	5	15	20	20.0072	53.1836	53.58940000000021
1:14:12:45	5	15	20	20.1026	53.1836	53.62540000000021
1:14:14:0	5	15	20	19.9664	59.9164	60.33940000000007
1:14:15:10	5	15	20	20.0095	50.3656	49.887400000000184
1:14:16:25	5	15	20	20.0095	54.4415	54.779400000000095
1:14:17:35	5	15	20	20.0095	54.4415	54.180400000000105
1:14:18:50	5	15	20	20.0095	54.4415	54.227900000000105
1:14:20:0	5	15	20	20.0095	54.4415	54.275400000000104
1:14:21:15	5	15	20	20.0095	54.4415	54.322900000000104
1:14:22:25	5	15	20	20.0095	54.4415	54.3704000000001
1:14:23:40	5	15	20	20.0095	54.4415	54.4179000000001
1:14:24:50	5	15	20	20.0095	54.4415	54.4654000000001
1:14:26:10	5	15	20	19.9989	54.4415	54.5129000000001
1:14:27:25	5	15	20	19.9989	54.2843	53.81840000000008
1:14:28:35	5	15	20	19.9989	54.2843	53.971900000000076
1:14:29:50	5	15	20	19.9989	54.2843	53.96640000000007
1:14:31:20	5	15	20	19.9989	54.2843	53.960900000000066
1:14:32:30	5	15	20	19.9989	54.2843	53.95540000000006
1:14:33:45	5	15	20	19.9989	54.2843	53.949900000000056
1:14:34:55	5	15	20	19.9989	54.2843	53.94440000000005
1:14:36:20	5	15	20	19.9989	54.2843	53.93890000000005
1:14:37:30	5	15	20	19.9989	54.2843	53.93340000000004
1:14:38:45	5	15	20	19.9989	54.2843	53.92790000000004
1:14:39:55	5	15	20	19.9989	54.2843	53.92240000000003
1:14:41:10	5	15	20	19.9989	54.2843	53.91690000000003
1:14:42:20	5	15	20	19.9989	54.2843	53.91140000000002
1:14:43:35	5	15	20	19.9989	54.2843	53.90590000000002
1:14:44:45	5	15	20	19.9989	54.2843	53.90040000000001
1:14:46:0	5	15	20	19.9989	54.2843	53.89490000000001
1:14:47:10	5	15	20	20.0013	54.2843	53.8894
1:14:48:25	5	15	20	19.9974	54.2843	54.0519000000001
1:14:49:35	5	15	20	19.9974	54.2843	53.74939999999997
1:14:50:50	5	15	20	19.9974	54.2843	53.79489999999999
1:14:52:0	5	15	20	20.0079	54.2843	53.781899999999986
1:14:53:15	5	15	20	20.0079	54.2843	54.50390000000001
1:14:54:25	5	15	20	20.0079	54.2843	54.3859
1:14:55:40	5	15	20	20.0079	54.2843	54.425399999999996
1:14:57:5	5	15	20	20.0079	54.2843	54.46489999999999
1:14:58:15	5	15	20	20.0079	54.2843	54.50439999999999
1:14:59:30	5	15	20	20.0079	54.2843	54.54389999999999
1:15:0:40	5	15	20	20.1077	54.2843	54.58339999999998
1:15:2:0	5	15	20	19.9964	61.1631	61.60890000000011
1:15:3:15	5	15	20	20.0354	53.364	52.85940000000009
1:15:4:25	5	15	20	20.0354	56.741	57.240899999999954
1:15:5:40	5	15	20	20.1039	56.741	56.83289999999998
1:15:6:50	5	15	20	20.0803	61.379	61.80489999999999
1:15:8:5	5	15	20	20.0803	60.139	59.644900000000106
1:15:9:15	5	15	20	20.0803	60.139	60.40040000000009
1:15:10:30	5	15	20	20.1204	60.4119	60.801900000000096
1:15:11:40	5	15	20	20.1204	63.5741	64.01040000000003
1:15:12:55	5	15	20	20.1204	63.5741	64.01090000000005
1:15:14:5	5	15	20	20.1204	64.2255	64.61290000000005
1:15:15:20	5	15	20	20.1204	64.2255	65.21490000000006
1:15:16:30	5	15	20	20.1204	65.4211	65.81690000000006
1:15:17:55	5	15	20	20.2259	66.0526	66.41890000000006
1:15:19:10	5	15	20	20.1912	74.1046	74.40590000000002
1:15:20:20	5	15	20	20.1912	71.9824	71.52389999999997
1:15:21:35	5	15	20	20.2277	72.6237	73.00039999999997
1:15:22:55	5	15	20	20.3176	76.0204	76.51139999999998
1:15:24:5	5	15	20	20.3176	82.9511	83.39539999999998
1:15:25:20	5	15	20	20.468	83.23	83.63489999999997
1:15:26:30	5	15	20	20.5725	95.4126	95.75090000000006
1:15:28:0	5	15	20	20.6866	99.5552	100
1:15:29:15	5	15	20	20.8217	99.5552	100
1:15:30:25	5	15	20	20.9839	99.5552	100
1:15:31:40	5	15	20	21.3169	99.5552	100
1:15:32:50	5	15	20	21.4925	99.5552	100
1:15:34:5	5	15	20	21.6793	99.5552	100
1:15:35:15	5	15	20	21.8626	99.5552	100
1:15:36:30	5	15	20	22.2031	99.5552	100
1:15:37:40	5	15	20	22.3578	99.5552	100
1:15:38:55	5	15	20	22.4954	99.5552	100
1:15:40:5	5	15	20	22.618	99.5552	100
1:15:41:20	5	15	20	22.7268	99.5552	100
1:15:42:30	5	15	20	22.9093	99.5552	100
1:15:43:45	5	15	20	22.9093	99.5552	100
1:15:44:55	5	15	20	23.0605	99.5552	100
1:15:46:10	5	15	20	23.127	99.5552	100
1:15:47:20	5	15	20	23.127	99.5552	100
1:15:48:35	5	15	20	23.2455	99.5552	100
1:15:49:45	5	15	20	23.3442	99.5552	100
1:15:51:0	5	15	20	23.3442	99.5552	100
1:15:52:10	5	15	20	23.4193	99.5552	100
1:15:53:25	5	15	20	23.4193	99.5552	100
1:15:54:40	5	15	20	23.4193	99.5552	100
1:15:55:50	5	15	20	23.5166	99.5552	100
1:15:57:5	5	15	20	23.5166	99.5552	100
1:15:58:15	5	15	20	23.5166	99.5552	100
1:15:59:30	5	15	20	23.5166	99.5552	100
1:16:0:40	5	15	20	23.5166	99.5552	100
1:16:1:55	5	15	20	23.5166	99.5552	100
1:16:3:5	5	15	20	23.5166	99.5552	100
1:16:4:20	5	15	20	23.5166	99.5552	100
1:16:5:30	5	15	20	23.5166	99.5552	100
1:16:6:45	5	15	20	23.5166	99.5552	100
1:16:7:55	5	15	20	23.5166	99.5552	100
1:16:9:10	5	15	20	23.5166	99.5552	100
1:16:10:20	5	15	20	23.5166	99.5552	100
1:16:11:35	5	15	20	23.5166	99.5552	100
1:16:12:45	5	15	20	23.5166	99.5552	100
1:16:14:0	5	15	20	23.5166	99.5552	100
1:16:15:15	5	15	20	23.5166	99.5552	100
1:16:16:25	5	15	20	23.5166	99.5552	100
1:16:17:40	5	15	20	23.4938	99.5552	100
1:16:18:50	5	15	20	23.4938	99.5552	100
1:16:20:5	5	15	20	23.4938	99.5552	100
1:16:21:15	5	15	20	23.4938	99.5552	100
1:16:22:30	5	15	20	23.4938	99.5552	100
1:16:23:40	5	15	20	23.4938	99.5552	100
1:16:24:55	5	15	20	23.4938	99.5552	100
1:16:26:10	5	15	20	23.4938	99.5552	100
1:16:27:20	5	15	20	23.3934	99.5552	100
1:16:28:35	5	15	20	23.3934	99.5552	100
1:16:29:45	5	15	20	23.3934	99.5552	100
1:16:31:0	5	15	20	23.3934	99.5552	100
1:16:32:10	5	15	20	23.3934	99.5552	100
1:16:33:25	5	15	20	23.3934	99.5552	100
1:16:34:35	5	15	20	23.3934	99.5552	100
1:16:35:50	5	15	20	23.2975	99.5552	100
1:16:37:0	5	15	20	23.2975	99.5552	100
1:16:38:15	5	15	20	23.2975	99.5552	100
1:16:39:25	5	15	20	23.2975	99.5552	100
1:16:40:40	5	15	20	23.2975	99.5552	100
1:16:41:55	5	15	20	23.2975	99.5552	100
1:16:43:5	5	15	20	23.2975	99.5552	100
1:16:44:20	5	15	20	23.2975	99.5552	100
1:16:45:30	5	15	20	23.2975	99.5552	100
1:16:46:45	5	15	20	23.2975	99.5552	100
1:16:47:55	5	15	20	23.1913	99.5552	100
1:16:49:10	5	15	20	23.1913	99.5552	100
1:16:50:20	5	15	20	23.1913	99.5552	100
1:16:51:35	5	15	20	23.1913	99.5552	100
1:16:52:50	5	15	20	23.1913	99.5552	100
1:16:54:0	5	15	20	23.1913	99.5552	100
1:16:55:15	5	15	20	23.1913	99.5552	100
1:16:56:25	5	15	20	23.0951	99.5552	100
1:16:57:40	5	15	20	23.0951	99.5552	100
1:16:58:50	5	15	20	23.0951	99.5552	100
1:17:0:5	5	15	20	23.0951	99.5552	100
1:17:1:15	5	15	20	23.0951	99.5552	100
1:17:2:30	5	15	20	23.0951	99.5552	100
1:17:3:40	5	15	20	22.9862	99.5552	100
1:17:4:55	5	15	20	22.9862	99.5552	100
1:17:6:5	5	15	20	22.9862	99.5552	100
1:17:7:20	5	15	20	22.9862	99.5552	100
1:17:8:30	5	15	20	22.9862	99.5552	100
1:17:9:45	5	15	20	22.9862	99.5552	100
1:17:10:55	5	15	20	22.8903	99.5552	100
1:17:12:10	5	15	20	22.8903	99.5552	100
1:17:13:20	5	15	20	22.8903	99.5552	100
1:17:14:35	5	15	20	22.8903	99.5552	100
1:17:15:45	5	15	20	22.8903	99.5552	100
1:17:17:0	5	15	20	22.8903	99.5552	100
1:17:18:15	5	15	20	22.7883	99.5552	100
1:17:19:25	5	15	20	22.7883	99.5552	100
1:17:20:40	5	15	20	22.7883	99.5552	100
1:17:21:50	5	15	20	22.7883	99.5552	100
1:17:23:5	5	15	20	22.7883	99.5552	100
1:17:24:15	5	15	20	22.7883	99.5552	100
1:17:25:30	5	15	20	22.691	99.5552	100
1:17:26:40	5	15	20	22.691	99.5552	100
1:17:27:55	5	15	20	22.691	99.5552	100
1:17:29:5	5	15	20	22.691	99.5552	100
1:17:30:20	5	15	20	22.691	99.5552	100
1:17:31:30	5	15	20	22.591	99.5552	100
1:17:32:45	5	15	20	22.591	99.5552	100
1:17:33:55	5	15	20	22.591	99.5552	100
1:17:35:10	5	15	20	22.591	99.5552	100
1:17:36:25	5	15	20	22.591	99.5552	100
1:17:37:35	5	15	20	22.591	99.5552	100
1:17:38:50	5	15	20	22.4795	99.5552	100
1:17:40:0	5	15	20	22.4795	99.5552	100
1:17:41:15	5	15	20	22.4795	99.5552	100
1:17:42:25	5	15	20	22.4795	99.5552	100
1:17:43:40	5	15	20	22.389	99.5552	100
1:17:44:50	5	15	20	22.389	99.5552	100
1:17:46:5	5	15	20	22.389	99.5552	100
1:17:47:15	5	15	20	22.389	99.5552	100
1:17:48:30	5	15	20	22.2967	99.5552	100
1:17:49:45	5	15	20	22.2967	99.5552	100
1:17:50:55	5	15	20	22.2967	99.5552	100
1:17:52:10	5	15	20	22.2967	99.5552	100
1:17:53:20	5	15	20	22.2967	99.5552	100
1:17:54:35	5	15	20	22.1943	99.5552	100
1:17:55:45	5	15	20	22.1943	99.5552	100
1:17:57:0	5	15	20	22.1943	99.5552	100
1:17:58:10	5	15	20	22.1943	99.5552	100
1:17:59:25	5	15	20	22.1943	99.5552	100
1:18:0:35	5	15	20	22.0895	99.5552	100
1:18:1:50	5	15	20	22.0895	99.5552	100
1:18:3:5	5	15	20	22.0895	99.5552	100
1:18:4:15	5	15	20	22.0895	99.5552	100
1:18:5:30	5	15	20	22.0895	99.5552	100
1:18:6:40	5	15	20	22.0895	99.5552	100
1:18:7:55	5	15	20	22.0895	99.5552	100
1:18:9:5	5	15	20	22.0895	99.5552	100
1:18:10:20	5	15	20	21.9936	99.5552	100
1:18:11:30	5	15	20	21.9936	99.5552	100
1:18:12:45	5	15	20	21.9936	99.5552	100
1:18:14:0	5	15	20	21.9936	99.5552	100
1:18:15:10	5	15	20	21.9936	99.5552	100
1:18:16:25	5	15	20	21.9936	99.5552	100
1:18:17:35	5	15	20	21.9936	99.5552	100
1:18:18:50	5	15	20	21.9936	99.5552	100
1:18:20:0	5	15	20	21.9936	99.5552	100
1:18:21:15	5	15	20	21.9936	99.5552	100
1:18:22:25	5	15	20	21.9936	99.5552	100
1:18:23:40	5	15	20	21.9936	99.5552	100
1:18:24:50	5	15	20	21.9936	99.5552	100
1:18:26:5	5	15	20	21.8957	99.5552	100
1:18:27:15	5	15	20	21.8957	99.5552	100
1:18:28:30	5	15	20	21.8957	99.5552	100
1:18:29:45	5	15	20	21.8957	99.5552	100
1:18:30:55	5	15	20	21.8957	99.5552	100
1:18:32:10	5	15	20	21.8957	99.5552	100
1:18:33:20	5	15	20	21.8957	99.5552	100
1:18:34:35	5	15	20	21.8957	99.5552	100
1:18:35:45	5	15	20	21.8957	99.5552	100
1:18:37:0	5	15	20	21.7994	99.5552	100
1:18:38:10	5	15	20	21.7994	99.5552	100
1:18:39:25	5	15	20	21.7994	99.5552	100
1:18:40:35	5	15	20	21.7994	99.5552	100
1:18:41:50	5	15	20	21.7994	99.5552	100
1:18:43:0	5	15	20	21.7994	99.5552	100
1:18:44:15	5	15	20	21.7994	99.5552	100
1:18:45:25	5	15	20	21.7994	99.5552	100
1:18:46:40	5	15	20	21.7994	99.5552	100
1:18:47:55	5	15	20	21.7994	99.5552	100
1:18:49:5	5	15	20	21.7994	99.5552	100
1:18:50:20	5	15	20	21.7994	99.5552	100
1:18:51:30	5	15	20	21.6987	99.5552	100
1:18:52:45	5	15	20	21.6987	99.5552	100
1:18:53:55	5	15	20	21.6987	99.5552	100
1:18:55:10	5	15	20	21.6987	99.5552	100
1:18:56:20	5	15	20	21.6987	99.5552	100
1:18:57:35	5	15	20	21.6987	99.5552	100
1:18:58:50	5	15	20	21.6987	99.5552	100
1:19:0:0	5	15	20	21.6987	99.5552	100
1:19:1:15	5	15	20	21.6987	99.5552	100
1:19:2:25	5	15	20	21.6987	99.5552	100
1:19:3:40	5	15	20	21.6987	99.5552	100
1:19:4:50	5	15	20	21.6987	99.5552	100
1:19:6:5	5	15	20	21.6987	99.5552	100
1:19:7:15	5	15	20	21.6987	99.5552	100
1:19:8:30	5	15	20	21.6987	99.5552	100
1:19:9:45	5	15	20	21.6987	99.5552	100
1:19:10:55	5	15	20	21.6987	99.5552	100
1:19:12:10	5	15	20	21.6987	99.5552	100
1:19:13:20	5	15	20	21.6987	99.5552	100
1:19:14:35	5	15	20	21.6987	99.5552	100
1:19:15:45	5	15	20	21.5988	99.5552	100
1:19:17:0	5	15	20	21.5988	99.5552	100
1:19:18:10	5	15	20	21.5988	99.5552	100
1:19:19:25	5	15	20	21.5988	99.5552	100
1:19:20:35	5	15	20	21.5988	99.5552	100
1:19:21:50	5	15	20	21.5988	99.5552	100
1:19:23:0	5	15	20	21.5988	99.5552	100
1:19:24:15	5	15	20	21.5988	99.5552	100
1:19:25:25	5	15	20	21.5988	99.5552	100
1:19:26:40	5	15	20	21.5988	99.5552	100
1:19:27:55	5	15	20	21.5988	99.5552	100
1:19:29:5	5	15	20	21.5988	99.5552	100
1:19:30:20	5	15	20	21.5988	99.5552	100
1:19:31:30	5	15	20	21.5988	99.5552	100
1:19:32:45	5	15	20	21.5988	99.5552	100
1:19:33:55	5	15	20	21.5988	99.5552	100
1:19:35:10	5	15	20	21.5988	99.5552	100
1:19:36:20	5	15	20	21.5988	99.5552	100
1:19:37:35	5	15	20	21.5988	99.5552	100
1:19:38:45	5	15	20	21.5988	99.5552	100
1:19:40:0	5	15	20	21.5988	99.5552	100
1:19:41:15	5	15	20	21.5988	99.5552	100
1:19:42:25	5	15	20	21.5988	99.5552	100
1:19:43:40	5	15	20	21.5988	99.5552	100
1:19:44:50	5	15	20	21.5988	99.5552	100
1:19:46:5	5	15	20	21.4983	99.5552	100
1:19:47:15	5	15	20	21.4983	99.5552	100
1:19:48:30	5	15	20	21.4983	99.5552	100
1:19:49:40	5	15	20	21.4983	99.5552	100
1:19:50:55	5	15	20	21.4983	99.5552	100
1:19:52:5	5	15	20	21.4983	99.5552	100
1:19:53:20	5	15	20	21.4983	99.5552	100
1:19:54:35	5	15	20	21.4983	99.5552	100
1:19:55:45	5	15	20	21.4983	99.5552	100
1:19:57:0	5	15	20	21.4983	99.5552	100
1:19:58:10	5	15	20	21.4983	99.5552	100
1:19:59:25	5	15	20	21.4983	99.5552	100
1:20:0:35	5	15	20	21.4983	99.5552	100
1:20:1:50	5	15	20	21.4983	99.5552	100
1:20:3:0	5	15	20	21.4983	99.5552	100
1:20:4:15	5	15	20	21.4983	99.5552	100
1:20:5:25	5	15	20	21.4983	99.5552	100
1:20:6:40	5	15	20	21.4983	99.5552	100
1:20:7:50	5	15	20	21.4983	99.5552	100
1:20:9:5	5	15	20	21.4983	99.5552	100
1:20:10:15	5	15	20	21.4983	99.5552	100
1:20:11:30	5	15	20	21.4983	99.5552	100
1:20:12:45	5	15	20	21.4983	99.5552	100
1:20:13:55	5	15	20	21.4983	99.5552	100
1:20:15:10	5	15	20	21.4983	99.5552	100
1:20:16:20	5	15	20	21.4983	99.5552	100
1:20:17:35	5	15	20	21.4983	99.5552	100
1:20:18:45	5	15	20	21.4983	99.5552	100
1:20:20:0	5	15	20	21.4983	99.5552	100
1:20:21:10	5	15	20	21.4983	99.5552	100
1:20:22:25	5	15	20	21.4983	99.5552	100
1:20:23:35	5	15	20	21.4983	99.5552	100
1:20:24:50	5	15	20	21.4983	99.5552	100
1:20:26:5	5	15	20	21.4983	99.5552	100
1:20:27:15	5	15	20	21.4983	99.5552	100
1:20:28:30	5	15	20	21.4983	99.5552	100
1:20:29:40	5	15	20	21.4983	99.5552	100
1:20:30:55	5	15	20	21.4983	99.5552	100
1:20:32:5	5	15	20	21.4983	99.5552	100
1:20:33:20	5	15	20	21.4983	99.5552	100
1:20:34:30	5	15	20	21.4983	99.5552	100
1:20:35:45	5	15	20	21.5039	99.5552	100
1:20:36:55	5	15	20	21.5039	99.5552	100
1:20:38:10	5	15	20	21.5039	99.5552	100
1:20:39:25	5	15	20	21.5039	99.5552	100
1:20:40:35	5	15	20	21.5039	99.5552	100
1:20:41:50	5	15	20	21.5039	99.5552	100
1:20:43:0	5	15	20	21.5039	99.5552	100
1:20:44:15	5	15	20	21.5039	99.5552	100
1:20:45:25	5	15	20	21.5039	99.5552	100
1:20:46:40	5	15	20	21.5039	99.5552	100
1:20:47:50	5	15	20	21.5039	99.5552	100
1:20:49:5	5	15	20	21.5039	99.5552	100
1:20:50:15	5	15	20	21.5039	99.5552	100
1:20:51:30	5	15	20	21.6023	99.5552	100
1:20:52:40	5	15	20	21.6023	99.5552	100
1:20:53:55	5	15	20	21.6023	99.5552	100
1:20:55:5	5	15	20	21.6023	99.5552	100
1:20:56:20	5	15	20	21.6023	99.5552	100
1:20:57:35	5	15	20	21.6023	99.5552	100
1:20:58:45	5	15	20	21.6023	99.5552	100
1:21:0:0	5	15	20	21.6023	99.5552	100
1:21:1:10	5	15	20	21.6023	99.5552	100
1:21:2:25	5	15	20	21.6023	99.5552	100
1:21:3:35	5	15	20	21.7075	99.5552	100
1:21:4:50	5	15	20	21.7075	99.5552	100
1:21:6:0	5	15	20	21.7075	99.5552	100
1:21:7:15	5	15	20	21.7075	99.5552	100
1:21:8:25	5	15	20	21.7075	99.5552	100
1:21:9:40	5	15	20	21.8003	99.5552	100
1:21:10:50	5	15	20	21.8003	99.5552	100
1:21:12:5	5	15	20	21.8003	99.5552	100
1:21:13:15	5	15	20	21.8003	99.5552	100
1:21:14:30	5	15	20	21.8003	99.5552	100
1:21:15:40	5	15	20	21.8003	99.5552	100
1:21:16:55	5	15	20	21.9112	99.5552	100
1:21:18:10	5	15	20	21.9112	99.5552	100
1:21:19:20	5	15	20	21.9112	99.5552	100
1:21:20:35	5	15	20	21.9112	99.5552	100
1:21:21:45	5	15	20	21.9112	99.5552	100
1:21:23:0	5	15	20	21.9112	99.5552	100
1:21:24:10	5	15	20	21.9112	99.5552	100
1:21:25:25	5	15	20	22.0136	99.5552	100
1:21:26:35	5	15	20	22.0136	99.5552	100
1:21:27:50	5	15	20	22.0136	99.5552	100
1:21:29:5	5	15	20	22.0136	99.5552	100
1:21:30:15	5	15	20	22.1004	99.5552	100
1:21:31:30	5	15	20	22.1004	99.5552	100
1:21:32:40	5	15	20	22.1004	99.5552	100
1:21:33:55	5	15	20	22.1004	99.5552	100
1:21:35:5	5	15	20	22.1004	99.5552	100
1:21:36:20	5	15	20	22.1004	99.5552	100
1:21:37:30	5	15	20	22.1004	99.5552	100
1:21:38:45	5	15	20	22.2112	99.5552	100
1:21:40:0	5	15	20	22.2112	99.5552	100
1:21:41:10	5	15	20	22.2112	99.5552	100
1:21:42:25	5	15	20	22.2112	99.5552	100
1:21:43:35	5	15	20	22.2112	99.5552	100
1:21:44:50	5	15	20	22.2112	99.5552	100
1:21:46:0	5	15	20	22.3002	99.5552	100
1:21:47:15	5	15	20	22.3002	99.5552	100
1:21:48:25	5	15	20	22.3002	99.5552	100
1:21:49:40	5	15	20	22.3002	99.5552	100
1:21:50:50	5	15	20	22.3002	99.5552	100
1:21:52:5	5	15	20	22.3002	99.5552	100
1:21:53:20	5	15	20	22.3002	99.5552	100
1:21:54:30	5	15	20	22.4127	99.5552	100
1:21:55:45	5	15	20	22.4127	99.5552	100
1:21:56:55	5	15	20	22.4127	99.5552	100
1:21:58:10	5	15	20	22.4127	99.5552	100
1:21:59:20	5	15	20	22.4127	99.5552	100
1:22:0:35	5	15	20	22.5009	99.5552	100
1:22:1:45	5	15	20	22.5009	99.5552	100
1:22:3:0	5	15	20	22.5009	99.5552	100
1:22:4:10	5	15	20	22.5009	99.5552	100
1:22:5:25	5	15	20	22.5009	99.5552	100
1:22:6:35	5	15	20	22.6116	99.5552	100
1:22:7:50	5	15	20	22.6116	99.5552	100
1:22:9:0	5	15	20	22.6116	99.5552	100
1:22:10:15	5	15	20	22.6116	99.5552	100
1:22:11:30	5	15	20	22.6116	99.5552	100
1:22:12:40	5	15	20	22.6116	99.5552	100
1:22:13:55	5	15	20	22.7143	99.5552	100
1:22:15:5	5	15	20	22.7143	99.5552	100
1:22:16:20	5	15	20	22.7143	99.5552	100
1:22:17:30	5	15	20	22.7143	99.5552	100
1:22:18:45	5	15	20	22.7143	99.5552	100
1:22:20:5	5	15	20	22.7143	99.5552	100
1:22:21:15	5	15	20	22.814	99.5552	100
1:22:22:30	5	15	20	22.814	99.5552	100
1:22:23:40	5	15	20	22.814	99.5552	100
1:22:24:55	5	15	20	22.814	99.5552	100
