1:3:20:40	5	4	22	21.8732	8.8281	8.8281
1:3:21:55	5	4	22	21.8732	8.6656	8.194100000000002
1:3:23:5	5	4	22	21.768	8.0724	7.560100000000006
1:3:24:20	5	4	22	21.768	0.0	0
1:3:25:30	5	4	22	21.768	0.0	0.4180000000000028
1:3:26:45	5	4	22	21.768	0.0	0
1:3:27:55	5	4	22	21.768	0.0	0
1:3:29:10	5	4	22	21.8108	0.0	0
1:3:30:20	5	4	22	21.8108	1.3502	1.8359999999999843
1:3:31:35	5	4	22	21.8108	0.0	0.24799999999999045
1:3:32:45	5	4	22	21.931	0.0	0
1:3:34:0	5	4	22	21.931	7.0147	7.468000000000039
1:3:35:10	5	4	22	21.931	5.8834	5.320000000000036
1:3:36:25	5	4	22	22.0128	5.4714	4.9750000000000405
1:3:37:35	5	4	22	22.0128	9.9543	10.35599999999988
1:3:38:50	5	4	22	22.0128	9.6627	9.192999999999909
1:3:40:0	5	4	22	22.1265	9.6627	9.256999999999902
1:3:41:15	5	4	22	22.1265	16.8122	17.279999999999998
1:3:42:30	5	4	22	22.0491	16.6637	16.206999999999976
1:3:43:40	5	4	22	21.9953	11.8978	11.42149999999992
1:3:44:55	5	4	22	22.0246	9.5382	9.062000000000001
1:3:46:5	5	4	22	22.0246	11.4958	11.896499999999932
1:3:47:20	5	4	22	22.1116	11.4958	11.579999999999941
1:3:48:30	5	4	22	22.1116	17.4533	17.79299999999992
1:3:49:45	5	4	22	22.1116	17.4533	17.04599999999992
1:3:50:55	5	4	22	22.2117	17.4533	17.603999999999917
1:3:52:10	5	4	22	22.2117	24.6917	25.168999999999997
1:3:53:20	5	4	22	22.3414	24.6917	24.72599999999998
1:3:54:35	5	4	22	22.4172	34.4359	34.86349999999996
1:3:55:45	5	4	22	22.5058	39.4467	39.93100000000003
1:3:57:0	5	4	22	22.612	46.6125	47.081999999999994
1:3:58:10	5	4	22	22.7401	55.3626	55.71599999999984
1:3:59:25	5	4	22	18.4198	65.6796	66.1500000000001
1:4:0:35	5	4	22	18.4198	0.0	0
1:4:1:50	5	4	22	17.9135	46.584	46.90350000000004
1:4:3:0	5	4	22	18.0144	0.0	0
1:4:4:15	5	4	22	18.0144	0.0	0
1:4:5:25	5	4	22	18.2613	0.0	0
1:4:6:40	5	4	22	18.3275	0.0	0
1:4:7:50	5	4	22	18.3275	0.0	0
1:4:9:5	5	4	22	18.4681	0.0	0
1:4:10:15	5	4	22	18.5447	0.0	0
1:4:11:30	5	4	22	18.6187	0.0	0
1:4:12:40	5	4	22	18.7549	0.0	0
1:4:13:55	5	4	22	18.8197	0.0	0
1:4:15:5	5	4	22	18.8197	0.0	0
1:4:16:20	5	4	22	19.0251	0.0	0
1:4:17:30	5	4	22	19.0251	0.0	0
1:4:18:45	5	4	22	19.1569	0.0	0
1:4:20:0	5	4	22	19.2205	0.0	0
1:4:21:10	5	4	22	19.2205	0.0	0
1:4:22:25	5	4	22	19.4089	0.0	0
1:4:23:35	5	4	22	19.4089	0.0	0
1:4:24:50	5	4	22	19.5294	0.0	0
1:4:26:0	5	4	22	19.5294	0.0	0
1:4:27:15	5	4	22	19.6455	0.0	0
1:4:28:25	5	4	22	19.7026	0.0	0
1:4:29:40	5	4	22	19.8135	0.0	0
1:4:30:50	5	4	22	19.8135	0.0	0
1:4:32:5	5	4	22	19.9224	0.0	0
1:4:33:15	5	4	22	19.9224	0.0	0
1:4:34:30	5	4	22	20.0276	0.0	0
1:4:35:40	5	4	22	20.1296	0.0	0
1:4:36:55	5	4	22	20.1296	0.0	0
1:4:38:5	5	4	22	20.2276	0.0	0
1:4:39:20	5	4	22	20.3232	0.0	0
1:4:40:30	5	4	22	20.3232	0.0	0
1:4:41:45	5	4	22	20.4184	0.0	0
1:4:42:55	5	4	22	20.3832	0.0	0
1:4:44:10	5	4	22	20.3832	0.0	0
1:4:45:20	5	4	22	20.3832	0.0	0
1:4:46:35	5	4	22	20.3832	0.0	0
1:4:47:45	5	4	22	20.4099	0.0	0
1:4:49:0	5	4	22	20.4099	0.0	0
1:4:50:15	5	4	22	20.4099	0.0	0
1:4:51:25	5	4	22	20.4099	0.0	0
1:4:52:40	5	4	22	20.5171	0.0	0
1:4:53:50	5	4	22	20.5171	0.0	0
1:4:55:5	5	4	22	20.5171	0.0	0
1:4:56:15	5	4	22	20.6329	0.0	0
1:4:57:30	5	4	22	20.6329	0.2811	0.6915000000000049
1:4:58:40	5	4	22	20.7194	0.2811	0
1:4:59:55	5	4	22	20.7194	0.2811	0
1:5:1:5	5	4	22	20.7194	0.2811	0
1:5:2:20	5	4	22	20.8157	0.2811	0
1:5:3:30	5	4	22	20.8157	0.2811	0.33799999999995833
1:5:4:45	5	4	22	20.8157	0.2811	0
1:5:5:55	5	4	22	20.8157	0.2811	0
1:5:7:10	5	4	22	20.9109	0.2811	0
1:5:8:20	5	4	22	20.9109	0.2811	0.7425000000001347
1:5:9:35	5	4	22	20.9109	0.2811	0
1:5:10:45	5	4	22	21.0055	0.2811	0
1:5:12:0	5	4	22	21.0055	0.8627	1.1764999999999937
1:5:13:10	5	4	22	21.0055	0.0	0
1:5:14:25	5	4	22	21.133	0.0	0
1:5:15:35	5	4	22	21.133	3.677	3.952499999999848
1:5:16:50	5	4	22	21.133	0.0	0
1:5:18:0	5	4	22	21.2285	0.0	0
1:5:19:15	5	4	22	21.2285	1.9515	2.350000000000083
1:5:20:25	5	4	22	21.2285	0.0	0
1:5:21:40	5	4	22	21.1775	0.0	0
1:5:22:55	5	4	22	21.1775	0.0	0
1:5:24:5	5	4	22	21.1775	0.0	0
1:5:25:20	5	4	22	21.1775	0.0	0
1:5:26:30	5	4	22	21.2219	0.0	0
1:5:27:45	5	4	22	21.2219	0.0	0
1:5:28:55	5	4	22	21.2219	0.0	0
1:5:30:10	5	4	22	21.2219	0.0	0
1:5:31:20	5	4	22	21.3177	0.0	0
1:5:32:35	5	4	22	21.3177	2.5271	2.8154999999997976
1:5:33:45	5	4	22	21.3177	0.0	0
1:5:35:0	5	4	22	21.4261	0.0	0
1:5:36:10	5	4	22	21.4261	3.8707	4.176500000000214
1:5:37:25	5	4	22	21.5085	0.0	0
1:5:38:40	5	4	22	21.5085	2.5944	2.898499999999995
1:5:39:50	5	4	22	21.5085	0.0	0
1:5:41:5	5	4	22	21.5085	0.0	0
1:5:42:15	5	4	22	21.6223	0.0	0
1:5:43:30	5	4	22	21.6223	5.0224	5.508499999999845
1:5:44:40	5	4	22	21.7059	2.4854	1.912999999999876
1:5:45:55	5	4	22	21.7059	5.4648	5.876499999999911
1:5:47:0	5	4	22	21.7059	3.6472	3.1519999999999015
1:5:48:15	5	4	22	21.8102	2.143	1.6814999999999003
1:5:49:25	5	4	22	21.774	7.0448	7.511999999999794
1:5:50:40	5	4	22	21.774	2.9776	2.464499999999994
1:5:51:50	5	4	22	21.8004	2.3725	1.8774999999999586
1:5:53:5	5	4	22	21.8004	2.3725	2.595499999999884
1:5:54:15	5	4	22	21.8004	1.666	1.2014999999998999
1:5:55:30	5	4	22	21.8004	0.0	0.20349999999989876
1:5:56:45	5	4	22	21.9218	0.0	0
1:5:57:55	5	4	22	21.9218	7.0436	7.500000000000089
1:5:59:10	5	4	22	21.9218	5.785	5.288000000000075
1:6:0:20	5	4	22	21.9218	5.352	4.89700000000008
1:6:1:35	5	4	22	21.9218	4.9499	4.5060000000000855
1:6:2:45	5	4	22	22.0058	4.6896	4.115000000000091
1:6:4:0	5	4	22	22.0058	9.1878	9.60400000000007
1:6:5:10	5	4	22	22.0058	8.8624	8.37300000000008
1:6:6:25	5	4	22	22.1033	8.8624	8.402000000000083
1:6:7:35	5	4	22	22.1033	14.9069	15.256000000000096
1:6:8:50	5	4	22	22.1033	14.7624	14.310000000000098
1:6:10:0	5	4	22	22.1033	14.7624	14.826500000000102
1:6:11:15	5	4	22	22.2342	15.012	15.343000000000107
1:6:12:25	5	4	22	22.3301	24.6061	25.022500000000143
1:6:13:40	5	4	22	22.3301	30.5994	30.943000000000165
1:6:14:50	5	4	22	21.8348	30.8419	31.155000000000168
1:6:16:5	5	4	22	21.7717	0.0	0
1:6:17:15	5	4	22	21.8217	1.8311	2.18649999999986
1:6:18:30	5	4	22	21.9126	5.0435	5.491499999999938
1:6:19:40	5	4	22	21.9126	9.7728	10.213000000000019
1:6:20:55	5	4	22	22.0146	8.856	8.412500000000005
1:6:22:5	5	4	22	22.0146	14.7794	15.115500000000033
1:6:23:20	5	4	22	22.1094	14.1749	13.658500000000036
1:6:24:30	5	4	22	22.2249	20.0319	20.367499999999996
1:6:25:45	5	4	22	22.2249	27.1167	27.577500000000068
1:6:26:55	5	4	22	22.1135	27.1167	26.969500000000064
1:6:28:10	5	4	22	21.7977	20.7627	20.295999999999843
1:6:29:20	5	4	22	21.6089	0.0	0.42849999999992505
1:6:30:35	5	4	22	21.7309	0.0	0
1:6:31:45	5	4	22	21.7309	9.0414	9.416499999999992
1:6:33:0	5	4	22	21.8595	6.7835	6.2409999999999854
1:6:34:10	5	4	22	21.9246	13.4719	13.897500000000136
1:6:35:25	5	4	22	22.048	15.4242	15.823000000000178
1:6:36:40	5	4	22	22.048	22.6333	23.107499999999934
1:6:37:50	5	4	22	22.1088	21.9546	21.496499999999976
1:6:39:5	5	4	22	22.1088	25.7054	25.992499999999996
1:6:40:15	5	4	22	22.3596	25.7054	25.624499999999983
1:6:41:30	5	4	22	22.4867	43.371	43.72450000000009
1:6:42:40	5	4	22	21.1586	50.2218	50.65749999999997
1:6:43:55	5	4	22	21.1586	0.0	0
1:6:45:5	5	4	22	21.1586	15.2172	15.714499999999987
1:6:46:20	5	4	22	21.2098	11.9773	11.507499999999986
1:6:47:30	5	4	22	21.3029	11.3935	10.884500000000088
1:6:48:45	5	4	22	21.3029	12.3761	12.682500000000054
1:6:49:55	5	4	22	21.4847	8.253	7.8005000000000635
1:6:51:10	5	4	22	21.5695	16.7095	17.041000000000004
1:6:52:20	5	4	22	21.7655	17.3246	17.67350000000011
1:6:53:35	5	4	22	21.8919	27.5085	27.968999999999955
1:6:54:45	5	4	22	21.3959	32.2607	32.7045
1:6:56:0	5	4	22	21.4182	0.0	0
1:6:57:10	5	4	22	21.5044	5.6715	5.980499999999829
1:6:58:25	5	4	22	21.6902	8.4289	8.770999999999969
1:6:59:35	5	4	22	21.783	17.6197	18.005999999999975
1:7:0:50	5	4	22	21.8834	19.7157	20.166000000000004
1:7:2:0	5	4	22	21.9963	24.2996	24.717000000000038
1:7:3:15	5	4	22	21.5986	30.1976	30.531000000000024
1:7:4:25	5	4	22	21.6747	1.5519	0.9800000000000075
1:7:5:40	5	4	22	21.6747	9.9339	10.265500000000038
1:7:6:55	5	4	22	21.7282	7.9459	7.497500000000041
1:7:8:5	5	4	22	21.8296	9.1913	9.616000000000025
1:7:9:20	5	4	22	22.0294	14.0863	14.552499999999906
1:7:10:30	5	4	22	22.1188	25.8492	26.165499999999913
1:7:11:45	5	4	22	22.2445	29.1134	29.5735
1:7:12:55	5	4	22	22.3832	37.3132	37.62549999999987
1:7:14:10	5	4	22	21.3898	46.3004	46.67149999999989
1:7:15:20	5	4	22	20.5127	0.0	0
1:7:16:35	5	4	22	20.5127	0.0	0
1:7:17:45	5	4	22	20.6519	5.4362	5.720000000000027
1:7:19:0	5	4	22	20.7796	7.5654	8.027500000000192
1:7:20:10	5	4	22	20.9079	7.8127	8.13799999999997
1:7:21:25	5	4	22	21.1467	8.817	9.101500000000211
1:7:22:35	5	4	22	21.2905	18.0435	18.43250000000001
1:7:23:50	5	4	22	21.4382	20.1839	20.650000000000208
1:7:25:0	5	4	22	21.2402	24.8536	25.28449999999996
1:7:26:15	5	4	22	21.1911	6.8707	6.400000000000219
1:7:27:25	5	4	22	21.3135	2.5923	2.1339999999999826
1:7:28:40	5	4	22	21.4416	7.0036	7.394000000000194
1:7:29:50	5	4	22	21.5711	10.7985	11.092500000000154
1:7:31:5	5	4	22	21.703	15.0747	15.444000000000173
1:7:32:15	5	4	22	21.7288	20.103	20.590000000000046
1:7:33:30	5	4	22	21.6542	19.3969	18.93250000000009
1:7:34:40	5	4	22	21.6542	12.4497	11.967500000000069
1:7:35:55	5	4	22	21.6542	11.8663	11.35750000000007
1:7:37:5	5	4	22	21.6542	10.1827	9.628500000000066
1:7:38:20	5	4	22	21.9173	8.3848	7.899500000000064
1:7:39:35	5	4	22	22.0483	24.2988	24.587500000000162
1:7:40:45	5	4	22	22.2062	28.9669	29.39750000000016
1:7:42:0	5	4	22	21.5656	38.328	38.72700000000002
1:7:43:10	5	4	22	21.3012	0.0	0
1:7:44:20	5	4	22	21.4352	0.0	0
1:7:45:35	5	4	22	21.5797	9.4466	9.851999999999759
1:7:46:45	5	4	22	21.7267	14.8525	15.13299999999985
1:7:48:0	5	4	22	21.8694	20.8138	21.153999999999975
1:7:49:10	5	4	22	22.1956	27.1871	27.571499999999798
1:7:50:25	5	4	22	21.1304	47.1727	47.611999999999824
1:7:51:35	5	4	22	21.2541	0.0	0
1:7:52:50	5	4	22	21.2541	19.8545	20.28899999999993
1:7:54:0	5	4	22	21.2541	15.177	14.703999999999944
1:7:55:15	5	4	22	21.5709	11.4688	10.97449999999995
1:7:56:25	5	4	22	21.7729	29.0699	29.421
1:7:57:40	5	4	22	21.3118	36.198	36.66349999999987
1:7:58:50	5	4	22	21.4143	0.0	0.22100000000001785
1:8:0:5	5	4	22	21.5297	10.3953	10.87149999999994
1:8:1:15	5	4	22	21.8313	14.1896	14.483499999999783
1:8:2:30	5	4	22	22.0372	31.1843	31.51299999999985
1:8:3:45	5	4	22	22.1485	40.1863	40.55849999999982
1:8:4:55	5	4	22	21.228	44.9944	45.44699999999981
1:8:6:10	5	4	22	21.1392	0.0	0
1:8:7:20	5	4	22	21.4705	3.27	3.7314999999997767
1:8:8:35	5	4	22	21.67	23.502	23.950499999999977
1:8:9:45	5	4	22	21.8844	29.9103	30.29849999999998
1:8:11:0	5	4	22	21.2336	40.196	40.66399999999982
1:8:12:10	5	4	22	20.9881	0.0	0
1:8:13:25	5	4	22	21.2403	0.0	0
1:8:14:35	5	4	22	21.4315	15.9856	16.277000000000132
1:8:15:50	5	4	22	21.614	21.7595	22.079500000000003
1:8:17:0	5	4	22	21.81	28.6988	29.144000000000094
1:8:18:15	5	4	22	20.8883	37.8157	38.19649999999994
1:8:19:25	5	4	22	21.0604	0.0	0
1:8:20:40	5	4	22	21.2502	19.8786	20.313999999999997
1:8:21:55	5	4	22	21.498	25.9667	26.32049999999987
1:8:23:5	5	4	22	21.7065	36.5781	37.07050000000001
1:8:24:20	5	4	22	21.0508	45.102	45.4384999999998
1:8:25:30	5	4	22	21.2148	0.0	0
1:8:26:45	5	4	22	21.2148	16.2677	16.56950000000009
1:8:27:55	5	4	22	21.3075	10.6898	10.18350000000007
1:8:29:10	5	4	22	21.4003	12.4099	12.746500000000118
1:8:30:20	5	4	22	21.7727	14.0886	14.389500000000144
1:8:31:35	5	4	22	21.9623	14.0886	36.06700000000007
1:8:32:45	5	4	22	21.4145	42.1796	42.616499999999995
1:8:34:0	5	4	22	21.4145	1.9202	1.238000000000099
1:8:35:10	5	4	22	21.6459	6.1634	6.527500000000082
1:8:36:25	5	4	22	22.0363	19.4042	19.798000000000133
1:8:37:35	5	4	22	21.6533	41.6022	41.8845000000001
1:8:38:50	5	4	22	21.727	10.0	9.400000000000176
1:8:40:0	5	4	22	21.727	18.2541	18.570500000000084
1:8:41:15	5	4	22	21.727	16.5798	16.100000000000104
1:8:42:30	5	4	22	21.9192	15.1848	14.735000000000106
1:8:43:40	5	4	22	22.1436	26.5296	26.824000000000087
1:8:44:55	5	4	22	21.548	38.897	39.24500000000004
1:8:46:5	5	4	22	21.548	0.0	0
1:8:47:15	5	4	22	21.9407	6.2977	6.674000000000007
1:8:48:30	5	4	22	22.187	31.5408	31.903000000000095
1:8:49:45	5	4	22	21.6618	42.6737	42.95700000000018
1:8:50:55	5	4	22	21.7531	4.0997	3.433500000000045
1:8:52:10	5	4	22	21.8697	15.7035	16.011500000000094
1:8:53:20	5	4	22	21.7876	21.2716	21.569500000000215
1:8:54:35	5	4	22	22.0001	13.9913	13.42200000000016
1:8:55:45	5	4	22	22.2376	28.0271	28.466500000000075
1:8:57:0	5	4	22	21.5867	41.4986	41.90450000000014
1:8:58:10	5	4	22	21.4058	0.0	0
1:8:59:25	5	4	22	21.8305	0.0	0
1:9:0:35	5	4	22	22.0812	29.0105	29.471500000000113
1:9:1:50	5	4	22	21.5936	39.3318	39.80249999999998
1:9:3:0	5	4	22	21.6472	2.9613	2.315999999999967
1:9:4:15	5	4	22	21.9159	11.0463	11.350000000000176
1:9:5:25	5	4	22	21.6735	27.2901	27.591000000000072
1:9:6:40	5	4	22	21.8875	6.6678	6.172000000000093
1:9:7:50	5	4	22	22.1208	22.8566	23.1555
1:9:9:5	5	4	22	22.3815	35.3589	35.714000000000006
1:9:10:15	5	4	22	21.233	50.5705	51.067499999999995
1:9:11:30	5	4	22	21.4363	0.0	0
1:9:12:40	5	4	22	21.726	27.2097	27.62349999999989
1:9:13:55	5	4	22	22.0621	41.5815	42.034499999999895
1:9:15:5	5	4	22	22.4132	59.4837	59.84600000000002
1:9:16:20	5	4	22	18.631	79.2604	79.69199999999992
1:9:17:30	5	4	22	18.8618	1.0425	0
1:9:18:45	5	4	22	18.3643	55.6046	56.0439999999999
1:9:19:55	5	4	22	18.6949	2.7247	2.0660000000000025
1:9:21:10	5	4	22	18.9132	14.1912	14.492000000000015
1:9:22:20	5	4	22	19.4794	8.7884	8.28849999999996
1:9:23:35	5	4	22	19.5709	28.7746	29.213999999999864
1:9:24:45	5	4	22	19.7297	15.0785	14.52300000000012
1:9:26:0	5	4	22	19.9108	12.6717	12.121000000000034
1:9:27:10	5	4	22	20.3495	11.598	11.06449999999985
1:9:28:25	5	4	22	20.2638	28.291	28.610999999999937
1:9:29:35	5	4	22	20.4564	8.2691	7.778999999999975
1:9:30:50	5	4	22	20.6042	13.3675	13.865499999999876
1:9:32:0	5	4	22	20.7209	13.3675	13.604499999999899
1:9:33:15	5	4	22	21.2143	13.0578	12.5775
1:9:34:30	5	4	22	21.4476	38.5995	38.96950000000006
1:9:35:40	5	4	22	21.008	43.5034	43.97100000000004
1:9:36:55	5	4	22	21.1251	7.4819	6.937499999999893
1:9:38:5	5	4	22	21.2517	16.4024	16.768499999999968
1:9:39:20	5	4	22	21.3418	19.1579	19.499499999999944
1:9:40:30	5	4	22	21.6219	19.7944	20.16599999999992
1:9:41:45	5	4	22	21.5148	34.652	35.130499999999984
1:9:42:55	5	4	22	21.4977	22.0761	21.541500000000035
1:9:44:10	5	4	22	21.5257	22.0761	19.52499999999983
1:9:45:20	5	4	22	21.4703	19.7705	19.23000000000002
1:9:46:35	5	4	22	21.5842	13.0354	12.560500000000076
1:9:47:50	5	4	22	21.6119	18.436	18.715999999999887
1:9:49:0	5	4	22	21.8823	17.3392	16.86749999999988
1:9:50:10	5	4	22	22.156	33.1544	33.43950000000004
1:9:51:25	5	4	22	21.7412	47.5022	47.95399999999987
1:9:52:35	5	4	22	21.8523	16.1897	15.592499999999923
1:9:53:50	5	4	22	21.7205	27.9756	28.297499999999943
1:9:55:0	5	4	22	21.7205	17.1681	16.66650000000005
1:9:56:15	5	4	22	22.251	17.1681	17.24600000000003
1:9:57:30	5	4	22	21.2388	52.621	52.983500000000035
1:9:58:40	5	4	22	21.4649	0.0	0
1:9:59:55	5	4	22	21.4649	26.801	27.203999999999926
1:10:1:5	5	4	22	21.4649	21.6284	21.136999999999944
1:10:2:20	5	4	22	22.0023	18.9607	18.461499999999944
1:10:3:30	5	4	22	21.0267	53.0677	53.40400000000006
1:10:4:45	5	4	22	21.2571	0.0	0
1:10:5:55	5	4	22	21.3133	25.5259	25.895499999999974
1:10:7:10	5	4	22	21.2626	23.1374	22.65900000000002
1:10:8:20	5	4	22	21.8386	15.2801	14.833499999999837
1:10:9:35	5	4	22	21.2025	51.8448	52.22699999999991
1:10:10:45	5	4	22	21.4248	0.0	0
1:10:12:0	5	4	22	21.5366	20.651	21.11500000000003
1:10:13:10	5	4	22	21.5366	22.4033	22.730499999999942
1:10:14:25	5	4	22	22.0777	19.2704	18.73649999999996
1:10:15:35	5	4	22	21.3804	53.9483	54.296499999999966
1:10:16:50	5	4	22	20.6412	53.9483	0
1:10:18:0	5	4	22	20.7355	0.0	0
1:10:19:15	5	4	22	21.1359	10.4171	10.894999999999797
1:10:20:25	5	4	22	20.9606	30.7344	31.18599999999992
1:10:21:40	5	4	22	21.3625	30.7344	8.588499999999897
1:10:22:50	5	4	22	21.7456	33.7515	34.15399999999998
1:10:24:5	5	4	22	21.2513	51.402	51.75499999999989
1:10:25:15	5	4	22	20.8752	10.8207	10.135499999999972
1:10:26:30	5	4	22	21.1561	0.0	0
1:10:27:40	5	4	22	21.4676	19.2677	19.680499999999945
1:10:28:55	5	4	22	21.2716	32.6513	33.052500000000116
1:10:30:5	5	4	22	21.2716	12.4894	11.99799999999998
1:10:31:20	5	4	22	21.5993	11.7647	11.296
1:10:32:30	5	4	22	21.5993	30.2106	30.593000000000004
1:10:33:45	5	4	22	21.8744	24.1965	23.674
1:10:34:55	5	4	22	22.25	40.6177	40.92750000000013
1:10:36:10	5	4	22	21.0215	61.9749	62.46500000000001
1:10:37:20	5	4	22	20.0762	0.0	0
1:10:38:35	5	4	22	20.3778	0.0	0
1:10:39:45	5	4	22	20.7534	25.3086	25.67250000000003
1:10:41:0	5	4	22	20.3715	38.9165	39.329499999999925
1:10:42:10	5	4	22	20.2859	1.3858	0.7295000000000726
1:10:43:25	5	4	22	20.789	0.0	0
1:10:44:35	5	4	22	20.789	27.5089	27.93049999999999
1:10:45:50	5	4	22	21.047	14.798	14.329
1:10:47:0	5	4	22	21.3692	26.0447	26.333999999999946
1:10:48:15	5	4	22	20.9062	39.8307	40.25299999999987
1:10:49:25	5	4	22	21.1767	0.0	0
1:10:50:40	5	4	22	21.2752	19.9722	20.411000000000143
1:10:51:50	5	4	22	21.6099	19.6307	19.13200000000021
1:10:53:5	5	4	22	21.9432	37.1128	37.45950000000006
1:10:54:15	5	4	22	20.6656	53.5128	53.819500000000176
1:10:55:30	5	4	22	20.9366	0.0	0
1:10:56:40	5	4	22	20.8676	31.1803	31.461999999999808
1:10:57:55	5	4	22	21.2319	17.7996	17.249999999999908
1:10:59:10	5	4	22	21.1112	37.6857	38.123999999999896
1:11:0:20	5	4	22	20.9799	20.8933	20.369999999999937
1:11:1:35	5	4	22	21.1987	9.065	8.545499999999961
1:11:2:45	5	4	22	21.2803	20.4317	20.730499999999825
1:11:4:0	5	4	22	21.3413	19.6387	19.153999999999964
1:11:5:10	5	4	22	21.6753	19.0958	18.601499999999938
1:11:6:25	5	4	22	21.6496	37.396	37.77299999999991
1:11:7:35	5	4	22	21.6496	29.8387	29.34049999999988
1:11:8:50	5	4	22	21.5028	28.4858	27.973999999999887
1:11:10:5	5	4	22	21.5028	16.4691	15.945999999999959
1:11:11:15	5	4	22	21.9885	16.1899	15.661999999999946
1:11:12:25	5	4	22	21.3423	46.9008	47.1749999999998
1:11:13:40	5	4	22	21.6013	0.0	0
1:11:14:50	5	4	22	21.7029	24.1997	24.534499999999735
1:11:16:5	5	4	22	22.0632	25.3807	25.767999999999862
1:11:17:15	5	4	22	21.8043	47.6942	47.97949999999975
1:11:18:30	5	4	22	21.8043	25.2808	24.767999999999972
1:11:19:40	5	4	22	21.7953	27.2633	27.672999999999934
1:11:20:55	5	4	22	21.7953	26.5343	26.064499999999917
1:11:22:5	5	4	22	21.6361	25.6759	25.175999999999927
1:11:23:20	5	4	22	21.6823	13.4708	13.008499999999792
1:11:24:30	5	4	22	21.7852	16.4235	16.81099999999999
1:11:25:45	5	4	22	22.1323	21.2734	21.732499999999835
1:11:26:55	5	4	22	22.4933	43.1384	43.411999999999935
1:11:28:10	5	4	22	21.7425	63.6772	64.13699999999997
1:11:29:20	5	4	22	20.7999	9.4473	8.632499999999851
1:11:30:35	5	4	22	21.038	0.0	0
1:11:31:45	5	4	22	21.038	24.4638	24.805499999999938
1:11:33:0	5	4	22	21.3787	16.9218	16.42399999999995
1:11:34:10	5	4	22	21.731	35.0909	35.46299999999982
1:11:35:25	5	4	22	20.9863	51.5964	51.90700000000007
1:11:36:35	5	4	22	21.2648	0.0	0
1:11:37:50	5	4	22	21.3685	25.235	25.5970000000001
1:11:39:0	5	4	22	21.7613	25.235	25.002500000000083
1:11:40:15	5	4	22	21.0479	47.5014	47.78549999999992
1:11:41:25	5	4	22	21.337	0.0	0
1:11:42:40	5	4	22	21.337	25.8007	26.17750000000008
1:11:43:50	5	4	22	21.337	19.0748	18.52600000000006
1:11:45:5	5	4	22	21.6937	15.6849	15.211000000000059
1:11:46:15	5	4	22	21.8298	36.3987	36.86500000000006
1:11:47:30	5	4	22	21.6548	39.1657	39.50999999999999
1:11:48:40	5	4	22	21.6548	24.8578	24.3675000000002
1:11:49:55	5	4	22	21.6548	24.8578	25.266500000000164
1:11:51:5	5	4	22	21.6548	24.0326	23.540500000000172
1:11:52:20	5	4	22	21.7012	22.3741	21.81450000000018
1:11:53:30	5	4	22	21.6865	22.9506	23.33650000000008
1:11:54:45	5	4	22	21.712	20.5935	20.117500000000014
1:11:55:55	5	4	22	22.062	20.5935	20.555500000000094
1:11:57:10	5	4	22	22.4576	42.9466	43.233000000000175
1:11:58:20	5	4	22	20.6846	65.6884	65.98500000000003
1:11:59:35	5	4	22	20.9744	0.0	0
1:12:0:45	5	4	22	20.6486	39.8603	40.30399999999997
1:12:2:0	5	4	22	20.7951	8.5355	8.022999999999904
1:12:3:10	5	4	22	21.0105	15.9155	16.408000000000133
1:12:4:25	5	4	22	21.7523	22.8223	23.264000000000017
1:12:5:35	5	4	22	20.9083	66.7276	67.01150000000013
1:12:6:50	5	4	22	21.1591	0.0	0
1:12:8:0	5	4	22	21.3378	24.417	24.75749999999989
1:12:9:15	5	4	22	21.2059	28.8986	29.300000000000104
1:12:10:25	5	4	22	21.3767	14.5661	14.075499999999952
1:12:11:40	5	4	22	21.3767	23.6604	24.039499999999965
1:12:12:50	5	4	22	21.7319	18.8393	18.360999999999965
1:12:14:5	5	4	22	22.1522	39.639	40.108499999999964
1:12:15:15	5	4	22	20.9295	62.5597	62.86100000000003
1:12:16:30	5	4	22	21.2255	0.0	0
1:12:17:40	5	4	22	21.0412	33.3851	33.707999999999956
1:12:18:55	5	4	22	21.1725	12.9881	12.494499999999942
1:12:20:5	5	4	22	21.5147	19.2803	19.655999999999914
1:12:21:20	5	4	22	21.256	37.1422	37.50300000000004
1:12:22:30	5	4	22	21.4423	12.3697	11.834499999999949
1:12:23:45	5	4	22	21.553	24.6904	25.035999999999913
1:12:24:55	5	4	22	21.9817	26.7609	27.202000000000016
1:12:26:10	5	4	22	22.4567	52.9291	53.31549999999994
1:12:27:20	5	4	22	19.7376	79.6427	80.04350000000005
1:12:28:35	5	4	22	20.0411	0.0	0
1:12:29:45	5	4	22	19.4666	50.3499	50.7195
1:12:31:0	5	4	22	19.6874	0.0	0
1:12:32:10	5	4	22	19.9901	11.1237	11.406500000000044
1:12:33:25	5	4	22	20.7368	17.3517	17.720500000000143
1:12:34:35	5	4	22	20.4057	54.9971	55.39949999999992
1:12:35:50	5	4	22	20.6198	15.2755	14.706000000000003
1:12:37:0	5	4	22	20.7251	26.4049	26.688000000000127
1:12:38:10	5	4	22	20.7251	24.3965	23.946500000000086
1:12:39:25	5	4	22	20.9291	16.4996	15.992500000000096
1:12:40:40	5	4	22	20.9291	23.4458	23.897999999999897
1:12:41:50	5	4	22	21.3137	15.9794	15.483499999999932
1:12:43:5	5	4	22	21.7362	36.5886	37.0510000000001
1:12:44:15	5	4	22	20.9402	56.9715	57.42550000000003
1:12:45:30	5	4	22	21.2394	0.0	0
1:12:46:40	5	4	22	21.2394	27.1722	27.584999999999926
1:12:47:55	5	4	22	21.6752	19.7877	19.29399999999994
1:12:49:5	5	4	22	21.4192	45.6194	45.99699999999997
1:12:50:20	5	4	22	21.0584	20.3872	19.91599999999995
1:12:51:30	5	4	22	21.3657	0.0	0
1:12:52:45	5	4	22	21.456	21.9395	22.215000000000114
1:12:53:55	5	4	22	21.5578	21.2881	20.755000000000035
1:12:55:10	5	4	22	21.5578	23.3462	23.8065000000001
1:12:56:20	5	4	22	21.8316	20.5754	20.06850000000009
1:12:57:35	5	4	22	22.338	36.7239	37.02350000000018
1:12:58:45	5	4	22	21.1635	67.0276	67.52250000000012
1:13:0:0	5	4	22	21.377	0.0	0
1:13:1:10	5	4	22	21.6375	27.9469	28.38000000000001
1:13:2:25	5	4	22	21.0669	39.9677	40.297500000000035
1:13:3:35	5	4	22	21.3561	0.0	0
1:13:4:50	5	4	22	21.4249	23.8128	24.137500000000056
1:13:6:0	5	4	22	21.8236	21.8431	21.396000000000015
1:13:7:15	5	4	22	22.3079	21.8431	45.397499999999894
1:13:8:25	5	4	22	20.8861	72.0681	72.43599999999999
1:13:9:40	5	4	22	21.172	0.0	0
1:13:10:50	5	4	22	21.172	35.4098	35.770500000000126
1:13:12:5	5	4	22	21.0079	27.8406	27.342000000000105
1:13:13:15	5	4	22	21.1566	12.1638	11.715000000000021
1:13:14:30	5	4	22	21.5427	19.1724	19.62500000000015
1:13:15:40	5	4	22	21.5427	39.7435	40.20450000000006
1:13:16:55	5	4	22	21.5427	32.6875	32.12650000000008
1:13:18:5	5	4	22	21.4687	30.3799	29.840000000000078
1:13:19:20	5	4	22	21.4478	22.8687	22.373499999999964
1:13:20:30	5	4	22	21.5395	19.8867	19.364000000000157
1:13:21:45	5	4	22	21.5395	22.9155	23.335500000000085
1:13:22:55	5	4	22	21.966	20.163	19.657500000000095
1:13:24:10	5	4	22	21.6966	46.8095	47.21000000000015
1:13:25:20	5	4	22	21.2909	22.317	21.784500000000076
1:13:26:35	5	4	22	21.5932	0.0	0
1:13:27:45	5	4	22	21.6611	23.3875	23.70099999999992
1:13:29:0	5	4	22	21.6611	22.3482	21.885500000000047
1:13:30:10	5	4	22	22.0451	19.6723	19.172500000000028
1:13:31:25	5	4	22	21.6916	44.0193	44.35800000000006
1:13:32:35	5	4	22	21.8434	14.6572	14.078500000000037
1:13:33:50	5	4	22	21.8434	28.0626	28.464999999999904
1:13:35:0	5	4	22	22.2255	25.8688	25.40499999999993
1:13:36:15	5	4	22	22.0023	51.0095	51.369000000000014
1:13:37:25	5	4	22	22.0023	31.6978	31.1410000000001
1:13:38:40	5	4	22	21.8307	34.2007	34.50050000000009
1:13:39:50	5	4	22	21.8307	22.9496	22.49999999999999
1:13:41:5	5	4	22	21.8307	23.947	24.227500000000013
1:13:42:15	5	4	22	22.224	23.8716	23.381000000000014
1:13:43:30	5	4	22	22.9092	49.6883	50.065500000000014
1:13:44:40	5	4	22	19.8779	92.9744	93.24999999999989
1:13:45:55	5	4	22	20.116	0.0	0
1:13:47:5	5	4	22	20.2046	51.1459	51.525999999999925
1:13:48:20	5	4	22	18.799	45.1927	44.73649999999991
1:13:49:30	5	4	22	19.114	0.0	0
1:13:50:45	5	4	22	19.114	26.7279	27.129000000000083
1:13:51:55	5	4	22	19.3862	8.4475	7.974000000000068
1:13:53:10	5	4	22	19.7538	12.2957	12.597999999999931
1:13:54:20	5	4	22	20.2987	20.84	21.17799999999992
1:13:55:35	5	4	22	20.2987	42.0899	42.57600000000005
1:13:56:45	5	4	22	20.2987	26.3455	25.896000000000022
1:13:58:0	5	4	22	20.469	17.848	17.389500000000023
1:13:59:10	5	4	22	20.6172	20.489	20.804000000000094
1:14:0:25	5	4	22	20.7188	20.489	20.96850000000003
1:14:1:35	5	4	22	20.8766	19.4788	18.94350000000013
1:14:2:50	5	4	22	21.2898	21.5826	22.059499999999993
1:14:4:0	5	4	22	21.808	42.5248	42.999500000000005
1:14:5:15	5	4	22	20.3006	69.1267	69.52450000000002
1:14:6:25	5	4	22	20.5956	0.0	0
1:14:7:40	5	4	22	20.3973	34.4218	34.764000000000124
1:14:8:50	5	4	22	20.5797	9.9681	9.436000000000124
1:14:10:5	5	4	22	20.7466	16.738	17.164999999999964
1:14:11:15	5	4	22	21.2381	18.6324	19.01050000000012
1:14:12:30	5	4	22	20.9132	44.2724	44.644999999999996
1:14:13:40	5	4	22	21.1246	11.3327	10.720000000000049
1:14:14:55	5	4	22	21.2487	24.5642	24.95750000000012
1:14:16:5	5	4	22	21.6747	25.7224	26.096500000000006
1:14:17:20	5	4	22	21.1568	49.9626	50.29850000000016
1:14:18:30	5	4	22	21.4025	6.7393	6.0290000000000745
1:14:19:45	5	4	22	21.3547	26.3548	26.780500000000046
1:14:20:55	5	4	22	21.7367	17.2991	16.761500000000144
1:14:22:10	5	4	22	22.1205	40.677	40.99199999999998
1:14:23:20	5	4	22	21.1258	60.3825	60.811500000000066
1:14:24:35	5	4	22	21.4004	0.0	0
1:14:25:45	5	4	22	21.3485	29.3028	29.771499999999946
1:14:27:0	5	4	22	21.3485	19.5766	19.02149999999997
1:14:28:10	5	4	22	21.75	17.0275	16.542499999999976
1:14:29:20	5	4	22	21.7589	41.0596	41.38999999999989
1:14:30:35	5	4	22	21.7589	35.1944	34.74049999999995
1:14:31:50	5	4	22	21.5703	33.8463	33.40149999999994
1:14:33:0	5	4	22	21.6007	19.485	18.993999999999875
1:14:34:15	5	4	22	21.7148	21.4125	21.802499999999903
1:14:35:25	5	4	22	21.5726	27.0334	27.336999999999936
1:14:36:35	5	4	22	21.6988	14.7742	14.2455
1:14:37:50	5	4	22	22.0795	22.7733	23.075499999999796
1:14:39:5	5	4	22	22.576	46.0158	46.32549999999989
1:14:40:15	5	4	22	20.8178	75.2993	75.76749999999996
1:14:41:30	5	4	22	21.0942	0.0	0
1:14:42:40	5	4	22	20.7344	39.3754	39.810000000000194
1:14:43:50	5	4	22	20.9183	6.4722	5.949000000000169
1:14:45:5	5	4	22	21.0988	17.6076	17.891000000000012
1:14:46:20	5	4	22	21.2054	21.9754	22.359000000000187
1:14:47:30	5	4	22	21.3846	22.2396	22.607500000000176
1:14:48:45	5	4	22	21.3846	29.1386	29.57950000000004
1:14:49:55	5	4	22	21.7367	24.2937	23.814500000000063
1:14:51:10	5	4	22	21.4368	44.9214	45.38450000000006
1:14:52:20	5	4	22	21.169	18.3458	17.793500000000236
1:14:53:30	5	4	22	21.435	1.1928	0.7300000000001248
1:14:54:45	5	4	22	21.5345	18.8585	19.21200000000002
1:14:55:55	5	4	22	21.8932	19.0863	19.362000000000222
1:14:57:10	5	4	22	22.2682	40.171	40.65100000000011
1:14:58:25	5	4	22	21.2145	60.5332	60.98650000000013
1:14:59:35	5	4	22	21.4704	0.0	0
1:15:0:50	5	4	22	21.4704	29.3218	29.791000000000025
1:15:2:0	5	4	22	21.3781	23.7506	23.304500000000026
1:15:3:10	5	4	22	21.7302	14.665	14.195499999999921
1:15:4:25	5	4	22	22.2534	36.8359	37.11749999999995
1:15:5:35	5	4	22	21.1916	66.6295	67.11099999999989
1:15:6:50	5	4	22	21.4148	0.0	0
1:15:8:5	5	4	22	21.5476	27.0982	27.508999999999872
1:15:9:15	5	4	22	21.3315	30.126	30.530999999999864
1:15:10:25	5	4	22	21.5012	11.6951	11.149999999999807
1:15:11:40	5	4	22	21.6045	22.6504	22.92799999999998
1:15:12:50	5	4	22	22.0067	24.6896	25.119500000000006
1:15:14:5	5	4	22	22.4877	49.3983	49.74649999999979
1:15:15:15	5	4	22	20.268	76.9931	77.41699999999994
1:15:16:30	5	4	22	20.5246	1.0212	0
1:15:17:40	5	4	22	20.0876	42.1305	42.59749999999992
1:15:18:55	5	4	22	20.275	1.4675	0.781499999999852
1:15:20:5	5	4	22	20.5697	10.5168	10.892499999999878
1:15:21:20	5	4	22	21.0296	19.6998	20.085500000000035
1:15:22:30	5	4	22	20.973	40.2464	40.706499999999835
1:15:23:45	5	4	22	20.973	25.4902	24.993999999999897
1:15:24:55	5	4	22	21.0624	21.1679	20.707999999999885
1:15:26:10	5	4	22	21.3815	21.1679	21.830999999999968
1:15:27:20	5	4	22	21.224	37.8229	38.13899999999987
1:15:28:35	5	4	22	21.224	19.775	19.23499999999996
1:15:29:45	5	4	22	21.3417	18.1813	17.717499999999944
1:15:31:0	5	4	22	21.7046	21.5841	22.076499999999893
1:15:32:10	5	4	22	22.1096	41.9684	42.422499999999886
1:15:33:25	5	4	22	20.7869	63.3606	63.85199999999996
1:15:34:35	5	4	22	21.0253	0.0	0
1:15:35:50	5	4	22	21.0253	29.9767	30.463000000000164
1:15:37:0	5	4	22	20.9631	22.5869	22.01350000000014
1:15:38:15	5	4	22	21.1504	13.2586	12.786000000000097
1:15:39:25	5	4	22	21.2066	21.3419	21.645500000000144
1:15:40:40	5	4	22	21.2066	21.3419	18.522000000000176
1:15:41:50	5	4	22	21.5319	14.1994	13.712000000000177
1:15:43:5	5	4	22	21.8775	32.1519	32.51600000000009
1:15:44:15	5	4	22	21.4386	49.1588	49.488000000000184
1:15:45:30	5	4	22	21.5745	13.606	12.968500000000155
1:15:46:40	5	4	22	21.4825	25.9132	26.258000000000127
1:15:47:55	5	4	22	21.5177	16.1344	15.652000000000225
1:15:49:5	5	4	22	21.8313	16.4389	16.908500000000192
1:15:50:20	5	4	22	21.8599	35.5153	35.92100000000002
1:15:51:30	5	4	22	21.8599	32.8728	32.375500000000116
1:15:52:45	5	4	22	21.6264	31.7966	31.2460000000001
1:15:54:0	5	4	22	21.7101	14.6625	14.200500000000144
1:15:55:10	5	4	22	22.0106	21.283	21.69400000000016
1:15:56:20	5	4	22	21.7248	39.6447	40.02400000000013
1:15:57:35	5	4	22	21.8484	16.0871	15.563500000000008
1:15:58:45	5	4	22	21.8484	26.6386	27.126500000000256
1:16:0:0	5	4	22	22.2489	24.9914	24.514500000000215
1:16:1:10	5	4	22	21.967	51.3988	51.79150000000004
1:16:2:25	5	4	22	21.967	27.8193	27.295500000000057
1:16:3:40	5	4	22	21.8466	30.9338	31.359000000000055
1:16:4:50	5	4	22	21.8466	23.2671	22.766000000000044
1:16:6:5	5	4	22	21.7801	23.4638	23.80500000000004
1:16:7:15	5	4	22	22.4282	18.8535	18.383000000000187
1:16:8:30	5	4	22	21.3854	63.3562	63.648000000000124
1:16:9:40	5	4	22	21.5936	0.0	0
1:16:10:55	5	4	22	21.6191	26.7415	27.142999999999855
1:16:12:5	5	4	22	21.5828	24.2584	23.772999999999946
1:16:13:20	5	4	22	21.5001	19.4946	18.944999999999883
1:16:14:30	5	4	22	21.6781	12.1824	11.61449999999995
1:16:15:45	5	4	22	22.0081	22.3506	22.815499999999993
1:16:16:55	5	4	22	22.4493	41.2373	41.63599999999987
1:16:18:10	5	4	22	21.2782	67.2287	67.61050000000003
1:16:19:20	5	4	22	20.4286	0.0	0
1:16:20:35	5	4	22	20.6005	0.0	0
1:16:21:45	5	4	22	20.7032	16.6057	16.920000000000037
1:16:23:0	5	4	22	20.9972	15.0729	14.532999999999934
1:16:24:10	5	4	22	21.3081	26.772	27.088499999999982
1:16:25:25	5	4	22	21.0243	39.0825	39.42749999999998
1:16:26:35	5	4	22	21.1527	11.9956	11.438500000000019
1:16:27:50	5	4	22	21.2218	19.3186	19.804999999999954
1:16:29:0	5	4	22	21.5262	18.9778	18.47950000000013
1:16:30:15	5	4	22	21.581	34.5827	34.85999999999993
1:16:31:25	5	4	22	21.581	32.2362	31.760999999999974
1:16:32:35	5	4	22	21.3649	29.298	28.84399999999997
1:16:33:50	5	4	22	21.4624	12.0854	11.621999999999908
1:16:35:5	5	4	22	21.7266	18.1606	18.512999999999924
1:16:36:15	5	4	22	21.73	32.4099	32.85650000000008
1:16:37:30	5	4	22	21.6673	28.2808	27.764499999999995
1:16:38:40	5	4	22	21.6673	22.4866	21.97450000000004
1:16:39:55	5	4	22	21.565	21.7821	21.25150000000004
1:16:41:5	5	4	22	21.8394	12.8917	12.42700000000007
1:16:42:20	5	4	22	22.08	30.638	30.99450000000007
1:16:43:30	5	4	22	21.6933	42.5912	42.91749999999987
1:16:44:40	5	4	22	21.7401	13.2183	12.639500000000073
1:16:45:55	5	4	22	21.7401	19.7704	20.182500000000115
1:16:47:10	5	4	22	22.0137	18.6555	18.181000000000108
1:16:48:20	5	4	22	22.2788	35.7029	36.0335
1:16:49:35	5	4	22	21.5113	50.1006	50.55500000000005
1:16:50:45	5	4	22	21.6532	0.0	0
1:16:52:0	5	4	22	21.7027	18.6134	19.002
1:16:53:10	5	4	22	21.694	18.6134	18.604500000000126
1:16:54:25	5	4	22	21.9658	16.2435	15.766500000000025
1:16:55:35	5	4	22	22.3181	33.0705	33.393000000000214
1:16:56:50	5	4	22	21.4709	53.3556	53.806000000000154
1:16:58:0	5	4	22	21.4709	0.0	0
1:16:59:15	5	4	22	21.7528	9.6425	10.062500000000014
1:17:0:25	5	4	22	21.5853	26.8147	27.150000000000034
1:17:1:40	5	4	22	21.8015	10.4778	9.960500000000003
1:17:2:50	5	4	22	22.0739	25.0659	25.533500000000053
1:17:4:5	5	4	22	21.6899	39.8893	40.36599999999987
1:17:5:15	5	4	22	21.5223	10.3499	9.769500000000125
1:17:6:30	5	4	22	21.6961	2.7465	2.247000000000071
1:17:7:40	5	4	22	21.9161	14.2365	14.538500000000077
1:17:8:55	5	4	22	22.1811	25.5208	25.812000000000005
1:17:10:5	5	4	22	21.8669	40.1747	40.64250000000006
1:17:11:20	5	4	22	21.5564	16.0427	15.579000000000086
1:17:12:30	5	4	22	21.7638	0.0	0
1:17:13:45	5	4	22	21.9927	16.6419	16.957500000000003
1:17:14:55	5	4	22	22.2826	28.3738	28.688499999999966
1:17:16:10	5	4	22	21.7677	45.1894	45.51149999999993
1:17:17:20	5	4	22	21.4819	7.1937	6.533000000000122
1:17:18:35	5	4	22	21.5873	0.0	0
1:17:19:45	5	4	22	21.694	8.7231	9.07449999999999
1:17:21:0	5	4	22	21.8858	12.5933	12.898999999999994
1:17:22:10	5	4	22	22.0948	22.737	23.194500000000033
1:17:23:25	5	4	22	22.0495	34.0821	34.37649999999999
1:17:24:35	5	4	22	21.9663	29.0313	28.544499999999925
1:17:25:50	5	4	22	21.8565	24.1289	23.647500000000075
1:17:27:0	5	4	22	21.8565	17.5832	17.041000000000054
1:17:28:15	5	4	22	22.0635	17.5832	17.970500000000055
1:17:29:25	5	4	22	22.0635	31.3197	31.74300000000011
1:17:30:40	5	4	22	21.9167	29.3989	28.955500000000104
1:17:31:50	5	4	22	21.9167	19.482	18.996999999999936
1:17:33:5	5	4	22	22.1333	20.4937	20.782499999999967
1:17:34:15	5	4	22	21.5001	35.0645	35.527999999999935
1:17:35:30	5	4	22	21.6441	0.0	0
1:17:36:40	5	4	22	21.6441	16.7585	17.078500000000112
1:17:37:55	5	4	22	21.6441	13.6697	13.139000000000092
1:17:39:5	5	4	22	21.837	11.8481	11.3595000000001
1:17:40:20	5	4	22	22.2316	22.8087	23.082999999999974
1:17:41:30	5	4	22	21.3634	46.6706	46.99650000000004
1:17:42:45	5	4	22	21.469	0.0	0
1:17:43:55	5	4	22	21.5073	16.9066	17.2320000000002
1:17:45:10	5	4	22	21.7077	16.1501	15.674000000000134
1:17:46:20	5	4	22	22.1473	26.2126	26.66400000000003
1:17:47:35	5	4	22	21.3839	52.5769	52.968500000000205
1:17:48:45	5	4	22	21.485	0.0	0
1:17:50:0	5	4	22	21.5503	14.9635	15.447499999999934
1:17:51:10	5	4	22	21.5503	15.5783	15.926999999999989
1:17:52:25	5	4	22	21.7001	13.1782	12.69899999999998
1:17:53:40	5	4	22	21.9001	20.4551	20.936499999999914
1:17:54:50	5	4	22	21.5679	30.7233	31.189999999999873
1:17:56:0	5	4	22	21.6123	4.9809	4.436500000000105
1:17:57:15	5	4	22	21.8508	9.8881	10.367000000000033
1:17:58:25	5	4	22	22.0846	24.0172	24.457499999999932
1:17:59:40	5	4	22	22.4034	36.1636	36.49999999999986
1:18:0:50	5	4	22	21.1562	55.3232	55.732000000000085
1:18:2:5	5	4	22	20.9513	0.0	0
1:18:3:15	5	4	22	21.1055	0.0	0.14600000000013935
1:18:4:30	5	4	22	21.3143	8.4398	8.770000000000078
1:18:5:40	5	4	22	21.3143	16.3126	16.60050000000009
1:18:6:55	5	4	22	21.3143	10.4927	10.040000000000084
1:18:8:5	5	4	22	21.3143	7.0898	6.611500000000081
1:18:9:20	5	4	22	21.659	3.6626	3.183000000000078
1:18:10:30	5	4	22	21.8839	23.4514	23.883500000000044
1:18:11:45	5	4	22	22.1459	32.384	32.75100000000016
1:18:12:55	5	4	22	21.5706	46.6876	47.13700000000017
1:18:14:10	5	4	22	21.2637	4.3672	3.665500000000023
1:18:15:20	5	4	22	21.4263	0.0	0
1:18:16:35	5	4	22	21.4263	11.9765	12.304000000000066
1:18:17:45	5	4	22	21.5989	7.4635	6.996500000000054
1:18:19:0	5	4	22	21.7505	15.8814	16.210000000000004
1:18:20:10	5	4	22	21.9168	21.883	22.227499999999907
1:18:21:25	5	4	22	21.5411	30.038	30.346999999999902
1:18:22:35	5	4	22	21.6275	1.7064	1.1375000000000135
1:18:23:50	5	4	22	21.765	10.1928	10.52650000000007
1:18:25:0	5	4	22	21.9137	16.6045	16.99300000000001
1:18:26:15	5	4	22	22.27	23.7023	24.164499999999887
1:18:27:25	5	4	22	22.7083	46.1545	46.44349999999997
1:18:28:40	5	4	22	20.9532	72.7328	73.13000000000008
1:18:29:50	5	4	22	21.0115	0.0	0
1:18:31:5	5	4	22	21.0115	24.8224	25.173500000000217
1:18:32:15	5	4	22	20.7102	19.8408	19.356500000000185
1:18:33:30	5	4	22	20.8535	0.0	0
1:18:34:40	5	4	22	20.9888	7.8177	8.10150000000002
1:18:35:55	5	4	22	21.1254	9.1912	9.690500000000082
1:18:37:5	5	4	22	21.2699	11.8483	12.166999999999923
1:18:38:20	5	4	22	21.439	15.5765	15.860000000000003
1:18:39:30	5	4	22	21.651	21.5387	21.87900000000001
1:18:40:45	5	4	22	21.9383	30.973	31.377499999999987
1:18:41:55	5	4	22	21.5592	46.0724	46.56350000000012
1:18:43:10	5	4	22	21.3131	15.994	15.408500000000021
1:18:44:20	5	4	22	21.4226	2.1471	1.663999999999902
1:18:45:35	5	4	22	21.4226	9.1355	9.585999999999967
1:18:46:45	5	4	22	21.55	5.5446	5.056499999999954
1:18:48:0	5	4	22	21.55	10.5968	11.087500000000055
1:18:49:10	5	4	22	21.7171	7.3943	6.926500000000036
1:18:50:25	5	4	22	21.9431	7.3943	16.373499999999886
1:18:51:35	5	4	22	22.0691	27.817	28.272500000000097
1:18:52:50	5	4	22	21.8501	27.817	33.4179999999999
1:18:54:0	5	4	22	21.8501	16.9875	16.543500000000094
1:18:55:15	5	4	22	22.1547	18.7486	19.079000000000065
1:18:56:25	5	4	22	22.4625	39.1951	39.65149999999987
1:18:57:40	5	4	22	21.2972	57.0418	57.40199999999993
1:18:58:50	5	4	22	21.3228	0.0	0
1:19:0:5	5	4	22	21.3228	0.0	15.757500000000029
1:19:1:15	5	4	22	21.5846	11.6757	11.987500000000022
1:19:2:30	5	4	22	21.8	26.4532	26.927499999999842
1:19:3:40	5	4	22	22.0777	35.6172	36.00150000000005
1:19:4:55	5	4	22	20.8747	50.7183	51.20949999999998
1:19:6:5	5	4	22	20.7525	0.0	0
1:19:7:20	5	4	22	20.9874	3.3779	3.864500000000035
1:19:8:30	5	4	22	21.1432	15.5645	15.90300000000001
1:19:9:45	5	4	22	21.3002	17.7428	18.222499999999968
1:19:10:55	5	4	22	21.2081	22.1947	22.591499999999982
1:19:12:10	5	4	22	21.1858	10.7428	10.290500000000087
1:19:13:20	5	4	22	21.3186	6.6652	6.151499999999981
1:19:14:35	5	4	22	21.3186	11.2793	11.710999999999974
1:19:15:45	5	4	22	21.4967	6.7785	6.31199999999998
1:19:17:0	5	4	22	21.4967	15.054	15.372000000000021
1:19:18:10	5	4	22	21.4967	10.647	10.184000000000015
1:19:19:25	5	4	22	21.5273	8.1537	7.667500000000018
1:19:20:35	5	4	22	21.5273	7.7993	7.293000000000003
1:19:21:50	5	4	22	21.6622	4.9769	4.470500000000008
1:19:23:0	5	4	22	21.7698	11.1778	11.549999999999887
1:19:24:15	5	4	22	21.9911	15.0616	15.36950000000001
1:19:25:25	5	4	22	22.1946	27.7316	28.095499999999944
1:19:26:40	5	4	22	21.6852	38.7017	38.97650000000007
1:19:27:50	5	4	22	21.7266	1.8885	1.238999999999848
1:19:29:5	5	4	22	21.7266	9.9054	10.204000000000093
1:19:30:15	5	4	22	21.9745	8.7784	8.216000000000054
1:19:31:25	5	4	22	22.1402	23.7155	24.201999999999906
1:19:32:40	5	4	22	21.7686	31.6616	31.95500000000001
1:19:33:55	5	4	22	21.7686	4.6418	4.158499999999936
1:19:35:5	5	4	22	21.8381	8.0759	8.575499999999945
1:19:36:20	5	4	22	21.8381	11.9735	12.283500000000043
1:19:37:30	5	4	22	21.9388	10.8996	10.431500000000025
1:19:38:40	5	4	22	22.0623	16.3822	16.671000000000014
1:19:39:55	5	4	22	22.2034	23.0802	23.499500000000015
1:19:41:10	5	4	22	22.3773	31.5063	31.83549999999988
1:19:42:20	5	4	22	21.2459	42.6264	42.909000000000134
1:19:43:35	5	4	22	21.3327	0.0	0
1:19:44:45	5	4	22	21.4795	18.8781	19.276500000000052
1:19:46:0	5	4	22	21.6713	24.5996	24.914000000000218
1:19:47:10	5	4	22	21.8633	33.1938	33.535499999999985
1:19:48:20	5	4	22	21.3503	42.0907	42.455000000000034
1:19:49:35	5	4	22	21.3503	3.6464	2.9815000000001604
1:19:50:45	5	4	22	21.4394	6.9571	7.428000000000136
1:19:52:0	5	4	22	21.4394	10.0064	10.416500000000028
1:19:53:10	5	4	22	21.5507	6.7477	6.277000000000047
1:19:54:25	5	4	22	21.7358	10.9131	11.26500000000004
1:19:55:35	5	4	22	21.8625	19.9325	20.30600000000018
1:19:56:10	5	4	22	21.8625	24.6406	25.077500000000125
1:19:56:10	5	4	22	21.8625	24.6406	22.489500000000135
1:19:56:10	5	4	22	21.8625	24.6406	21.802000000000138
1:19:56:10	5	4	22	21.8625	24.6406	21.11450000000014
1:19:56:10	5	4	22	21.8625	24.6406	20.427000000000145
1:19:56:10	5	4	22	21.8625	24.6406	19.73950000000015
1:19:56:10	5	4	22	21.8625	24.6406	19.052000000000152
1:19:56:10	5	4	22	21.8625	24.6406	18.364500000000156
1:19:56:10	5	4	22	21.8625	24.6406	17.67700000000016
1:19:56:10	5	4	22	21.8625	24.6406	16.989500000000163
1:19:56:10	5	4	22	21.8625	24.6406	16.302000000000167
1:19:56:10	5	4	22	21.8625	24.6406	15.61450000000017
1:19:56:10	5	4	22	21.8625	24.6406	14.927000000000174
1:19:56:10	5	4	22	21.8625	24.6406	14.239500000000177
1:19:56:10	5	4	22	21.8625	24.6406	13.55200000000018
1:19:56:10	5	4	22	21.8625	24.6406	12.864500000000184
1:19:56:10	5	4	22	21.8625	24.6406	12.177000000000188
1:19:56:10	5	4	22	21.8625	24.6406	11.489500000000191
1:19:56:10	5	4	22	21.8625	24.6406	10.802000000000195
1:19:56:10	5	4	22	21.8625	24.6406	10.114500000000199
1:19:56:10	5	4	22	21.8625	24.6406	9.427000000000202
1:19:56:10	5	4	22	21.8625	24.6406	8.739500000000206
1:19:56:10	5	4	22	21.8625	24.6406	8.05200000000021
1:19:56:10	5	4	22	21.8625	24.6406	7.364500000000213
1:19:56:10	5	4	22	21.8625	24.6406	6.677000000000216
1:19:56:10	5	4	22	21.8625	24.6406	5.98950000000022
1:19:56:10	5	4	22	21.8625	24.6406	5.302000000000223
1:19:56:10	5	4	22	21.8625	24.6406	4.614500000000227
1:19:56:10	5	4	22	21.8625	24.6406	3.9270000000002305
1:19:56:10	5	4	22	21.8625	24.6406	3.239500000000234
1:19:56:10	5	4	22	21.8625	24.6406	2.5520000000002376
1:19:56:10	5	4	22	21.8625	24.6406	1.8645000000002412
1:19:56:10	5	4	22	21.8625	24.6406	1.1770000000002447
1:19:56:10	5	4	22	21.8625	24.6406	0.4895000000002483
1:19:56:10	5	4	22	21.8625	24.6406	0
1:19:56:10	5	4	22	21.8625	24.6406	0
1:19:56:10	5	4	22	21.8625	24.6406	0
1:19:56:10	5	4	22	21.8625	24.6406	0
1:19:56:10	5	4	22	21.8625	24.6406	0
1:19:56:10	5	4	22	21.8625	24.6406	0
1:19:56:10	5	4	22	21.8625	24.6406	0
1:19:56:10	5	4	22	21.8625	24.6406	0
1:19:56:10	5	4	22	21.8625	24.6406	0
1:19:56:10	5	4	22	21.8625	24.6406	0
1:19:56:10	5	4	22	21.8625	24.6406	0
1:19:56:10	5	4	22	21.8625	24.6406	0
1:19:56:10	5	4	22	21.8625	24.6406	0
1:19:56:10	5	4	22	21.8625	24.6406	0
1:19:56:10	5	4	22	21.8625	24.6406	0
1:19:56:10	5	4	22	21.8625	24.6406	0
1:19:56:10	5	4	22	21.8625	24.6406	0
1:19:56:10	5	4	22	21.8625	24.6406	0
1:19:56:10	5	4	22	21.8625	24.6406	0
1:19:56:10	5	4	22	21.8625	24.6406	0
1:19:56:10	5	4	22	21.8625	24.6406	0
1:19:56:10	5	4	22	21.8625	24.6406	0
1:19:56:10	5	4	22	21.8625	24.6406	0
1:19:56:10	5	4	22	21.8625	24.6406	0
1:19:56:10	5	4	22	21.8625	24.6406	0
1:19:56:10	5	4	22	21.8625	24.6406	0
1:19:56:10	5	4	22	21.8625	24.6406	0
1:19:56:10	5	4	22	21.8625	24.6406	0
1:19:56:10	5	4	22	21.8625	24.6406	0
1:19:56:10	5	4	22	21.8625	24.6406	0
1:19:56:10	5	4	22	21.8625	24.6406	0
1:19:56:10	5	4	22	21.8625	24.6406	0
1:19:56:10	5	4	22	21.8625	24.6406	0
1:19:56:10	5	4	22	21.8625	24.6406	0
1:19:56:10	5	4	22	21.8625	24.6406	0
1:19:56:10	5	4	22	21.8625	24.6406	0
1:19:56:10	5	4	22	21.8625	24.6406	0
1:19:56:10	5	4	22	21.8625	24.6406	0
1:19:56:10	5	4	22	21.8625	24.6406	0
1:19:56:10	5	4	22	21.8625	24.6406	0
1:19:56:10	5	4	22	21.8625	24.6406	0
1:19:56:10	5	4	22	21.8625	24.6406	0
1:19:56:10	5	4	22	21.8625	24.6406	0
1:19:56:10	5	4	22	21.8625	24.6406	0
1:19:56:10	5	4	22	21.8625	24.6406	0
1:19:56:10	5	4	22	21.8625	24.6406	0
1:19:56:10	5	4	22	21.8625	24.6406	0
1:19:56:10	5	4	22	21.8625	24.6406	0
1:19:56:10	5	4	22	21.8625	24.6406	0
1:19:56:10	5	4	22	21.8625	24.6406	0
1:19:56:10	5	4	22	21.8625	24.6406	0
1:19:56:10	5	4	22	21.8625	24.6406	0
1:19:56:10	5	4	22	21.8625	24.6406	0
1:19:56:10	5	4	22	21.8625	24.6406	0
1:19:56:10	5	4	22	21.8625	24.6406	0
1:19:56:10	5	4	22	21.8625	24.6406	0
1:19:56:10	5	4	22	21.8625	24.6406	0
1:19:56:10	5	4	22	21.8625	24.6406	0
1:19:56:10	5	4	22	21.8625	24.6406	0
1:19:56:10	5	4	22	21.8625	24.6406	0
1:19:56:10	5	4	22	21.8625	24.6406	0
1:19:56:10	5	4	22	21.8625	24.6406	0
1:19:56:10	5	4	22	21.8625	24.6406	0
1:19:56:10	5	4	22	21.8625	24.6406	0
1:19:56:10	5	4	22	21.8625	24.6406	0
1:19:56:10	5	4	22	21.8625	24.6406	0
1:19:56:10	5	4	22	21.8625	24.6406	0
1:19:56:10	5	4	22	21.8625	24.6406	0
1:19:56:10	5	4	22	21.8625	24.6406	0
1:19:56:10	5	4	22	21.8625	24.6406	0
1:19:56:10	5	4	22	21.8625	24.6406	0
1:19:56:10	5	4	22	21.8625	24.6406	0
1:19:56:10	5	4	22	21.8625	24.6406	0
1:19:56:10	5	4	22	21.8625	24.6406	0
1:19:56:10	5	4	22	21.8625	24.6406	0
1:19:56:10	5	4	22	21.8625	24.6406	0
1:19:56:10	5	4	22	21.8625	24.6406	0
1:19:56:10	5	4	22	21.8625	24.6406	0
1:19:56:10	5	4	22	21.8625	24.6406	0
1:19:56:10	5	4	22	21.8625	24.6406	0
1:19:56:10	5	4	22	21.8625	24.6406	0
1:19:56:10	5	4	22	21.8625	24.6406	0
1:19:56:10	5	4	22	21.8625	24.6406	0
1:19:56:10	5	4	22	21.8625	24.6406	0
1:19:56:10	5	4	22	21.8625	24.6406	0
1:19:56:10	5	4	22	21.8625	24.6406	0
1:19:56:10	5	4	22	21.8625	24.6406	0
1:19:56:10	5	4	22	21.8625	24.6406	0
1:19:56:10	5	4	22	21.8625	24.6406	0
1:19:56:10	5	4	22	21.8625	24.6406	0
1:19:56:10	5	4	22	21.8625	24.6406	0
1:19:56:10	5	4	22	21.8625	24.6406	0
1:19:56:10	5	4	22	21.8625	24.6406	0
1:19:56:10	5	4	22	21.8625	24.6406	0
1:19:56:10	5	4	22	21.8625	24.6406	0
1:19:56:10	5	4	22	21.8625	24.6406	0
1:19:56:10	5	4	22	21.8625	24.6406	0
1:19:56:10	5	4	22	21.8625	24.6406	0
1:19:56:10	5	4	22	21.8625	24.6406	0
1:19:56:10	5	4	22	21.8625	24.6406	0
1:19:56:10	5	4	22	21.8625	24.6406	0
1:19:56:10	5	4	22	21.8625	24.6406	0
1:19:56:10	5	4	22	21.8625	24.6406	0
1:19:56:10	5	4	22	21.8625	24.6406	0
1:19:56:10	5	4	22	21.8625	24.6406	0
1:19:56:10	5	4	22	21.8625	24.6406	0
1:19:56:10	5	4	22	21.8625	24.6406	0
1:19:56:10	5	4	22	21.8625	24.6406	0
1:19:56:10	5	4	22	21.8625	24.6406	0
1:19:56:10	5	4	22	21.8625	24.6406	0
1:19:56:10	5	4	22	21.8625	24.6406	0
1:19:56:10	5	4	22	21.8625	24.6406	0
1:19:56:10	5	4	22	21.8625	24.6406	0
1:19:56:10	5	4	22	21.8625	24.6406	0
1:19:56:10	5	4	22	21.8625	24.6406	0
1:19:56:10	5	4	22	21.8625	24.6406	0
1:19:56:10	5	4	22	21.8625	24.6406	0
1:19:56:10	5	4	22	21.8625	24.6406	0
1:19:56:10	5	4	22	21.8625	24.6406	0
1:19:56:10	5	4	22	21.8625	24.6406	0
1:19:56:10	5	4	22	21.8625	24.6406	0
1:19:56:10	5	4	22	21.8625	24.6406	0
1:19:56:10	5	4	22	21.8625	24.6406	0
1:19:56:10	5	4	22	21.8625	24.6406	0
1:19:56:10	5	4	22	21.8625	24.6406	0
1:19:56:10	5	4	22	21.8625	24.6406	0
1:19:56:10	5	4	22	21.8625	24.6406	0
1:19:56:10	5	4	22	21.8625	24.6406	0
1:19:56:10	5	4	22	21.8625	24.6406	0
1:19:56:10	5	4	22	21.8625	24.6406	0
1:19:56:10	5	4	22	21.8625	24.6406	0
1:19:56:10	5	4	22	21.8625	24.6406	0
1:19:56:10	5	4	22	21.8625	24.6406	0
1:19:56:10	5	4	22	21.8625	24.6406	0
1:19:56:10	5	4	22	21.8625	24.6406	0
1:19:56:10	5	4	22	21.8625	24.6406	0
1:19:56:10	5	4	22	21.8625	24.6406	0
1:19:56:10	5	4	22	21.8625	24.6406	0
1:19:56:10	5	4	22	21.8625	24.6406	0
1:19:56:10	5	4	22	21.8625	24.6406	0
1:19:56:10	5	4	22	21.8625	24.6406	0
1:19:56:10	5	4	22	21.8625	24.6406	0
1:19:56:10	5	4	22	21.8625	24.6406	0
1:19:56:10	5	4	22	21.8625	24.6406	0
1:19:56:10	5	4	22	21.8625	24.6406	0
1:19:56:10	5	4	22	21.8625	24.6406	0
1:19:56:10	5	4	22	21.8625	24.6406	0
1:19:56:10	5	4	22	21.8625	24.6406	0
1:19:56:10	5	4	22	21.8625	24.6406	0
1:19:56:10	5	4	22	21.8625	24.6406	0
1:19:56:10	5	4	22	21.8625	24.6406	0
1:19:56:10	5	4	22	21.8625	24.6406	0
1:19:56:10	5	4	22	21.8625	24.6406	0
1:19:56:10	5	4	22	21.8625	24.6406	0
1:19:56:10	5	4	22	21.8625	24.6406	0
1:19:56:10	5	4	22	21.8625	24.6406	0
1:19:56:10	5	4	22	21.8625	24.6406	0
1:19:56:10	5	4	22	21.8625	24.6406	0
1:19:56:10	5	4	22	21.8625	24.6406	0
1:19:56:10	5	4	22	21.8625	24.6406	0
1:19:56:10	5	4	22	21.8625	24.6406	0
1:19:56:10	5	4	22	21.8625	24.6406	0
1:19:56:10	5	4	22	21.8625	24.6406	0
1:19:56:10	5	4	22	21.8625	24.6406	0
1:19:56:10	5	4	22	21.8625	24.6406	0
1:19:56:10	5	4	22	21.8625	24.6406	0
1:19:56:10	5	4	22	21.8625	24.6406	0
1:19:56:10	5	4	22	21.8625	24.6406	0
1:19:56:10	5	4	22	21.8625	24.6406	0
1:19:56:10	5	4	22	21.8625	24.6406	0
1:19:56:10	5	4	22	21.8625	24.6406	0
1:19:56:10	5	4	22	21.8625	24.6406	0
1:19:56:10	5	4	22	21.8625	24.6406	0
1:19:56:10	5	4	22	21.8625	24.6406	0
1:19:56:10	5	4	22	21.8625	24.6406	0
1:19:56:10	5	4	22	21.8625	24.6406	0
1:19:56:10	5	4	22	21.8625	24.6406	0
1:19:56:10	5	4	22	21.8625	24.6406	0
1:19:56:10	5	4	22	21.8625	24.6406	0
1:19:56:10	5	4	22	21.8625	24.6406	0
1:19:56:10	5	4	22	21.8625	24.6406	0
1:19:56:10	5	4	22	21.8625	24.6406	0
1:19:56:10	5	4	22	21.8625	24.6406	0
1:19:56:10	5	4	22	21.8625	24.6406	0
1:19:56:10	5	4	22	21.8625	24.6406	0
1:19:56:10	5	4	22	21.8625	24.6406	0
1:19:56:10	5	4	22	21.8625	24.6406	0
1:19:56:10	5	4	22	21.8625	24.6406	0
1:19:56:10	5	4	22	21.8625	24.6406	0
1:19:56:10	5	4	22	21.8625	24.6406	0
1:19:56:10	5	4	22	21.8625	24.6406	0
1:19:56:10	5	4	22	21.8625	24.6406	0
1:19:56:10	5	4	22	21.8625	24.6406	0
1:19:56:10	5	4	22	21.8625	24.6406	0
1:19:56:10	5	4	22	21.8625	24.6406	0
1:19:56:10	5	4	22	21.8625	24.6406	0
1:19:56:10	5	4	22	21.8625	24.6406	0
1:19:56:10	5	4	22	21.8625	24.6406	0
1:19:56:10	5	4	22	21.8625	24.6406	0
1:19:56:10	5	4	22	21.8625	24.6406	0
1:19:56:10	5	4	22	21.8625	24.6406	0
1:19:56:10	5	4	22	21.8625	24.6406	0
1:19:56:10	5	4	22	21.8625	24.6406	0
1:19:56:10	5	4	22	21.8625	24.6406	0
1:19:56:10	5	4	22	21.8625	24.6406	0
1:19:56:10	5	4	22	21.8625	24.6406	0
1:19:56:10	5	4	22	21.8625	24.6406	0
1:19:56:10	5	4	22	21.8625	24.6406	0
1:19:56:10	5	4	22	21.8625	24.6406	0
1:19:56:10	5	4	22	21.8625	24.6406	0
1:19:56:10	5	4	22	21.8625	24.6406	0
1:19:56:10	5	4	22	21.8625	24.6406	0
1:19:56:10	5	4	22	21.8625	24.6406	0
1:19:56:10	5	4	22	21.8625	24.6406	0
1:19:56:10	5	4	22	21.8625	24.6406	0
1:19:56:10	5	4	22	21.8625	24.6406	0
1:19:56:10	5	4	22	21.8625	24.6406	0
1:19:56:10	5	4	22	21.8625	24.6406	0
1:19:56:10	5	4	22	21.8625	24.6406	0
1:19:56:10	5	4	22	21.8625	24.6406	0
1:19:56:10	5	4	22	21.8625	24.6406	0
1:19:56:10	5	4	22	21.8625	24.6406	0
1:19:56:10	5	4	22	21.8625	24.6406	0
1:19:56:10	5	4	22	21.8625	24.6406	0
1:19:56:10	5	4	22	21.8625	24.6406	0
1:19:56:10	5	4	22	21.8625	24.6406	0
1:19:56:10	5	4	22	21.8625	24.6406	0
1:19:56:10	5	4	22	21.8625	24.6406	0
1:19:56:10	5	4	22	21.8625	24.6406	0
1:19:56:10	5	4	22	21.8625	24.6406	0
1:19:56:10	5	4	22	21.8625	24.6406	0
1:19:56:10	5	4	22	21.8625	24.6406	0
1:19:56:10	5	4	22	21.8625	24.6406	0
1:19:56:10	5	4	22	21.8625	24.6406	0
1:19:56:10	5	4	22	21.8625	24.6406	0
1:19:56:10	5	4	22	21.8625	24.6406	0
1:19:56:10	5	4	22	21.8625	24.6406	0
1:19:56:10	5	4	22	21.8625	24.6406	0
1:19:56:10	5	4	22	21.8625	24.6406	0
1:19:56:10	5	4	22	21.8625	24.6406	0
1:19:56:10	5	4	22	21.8625	24.6406	0
1:19:56:10	5	4	22	21.8625	24.6406	0
1:19:56:10	5	4	22	21.8625	24.6406	0
1:19:56:10	5	4	22	21.8625	24.6406	0
1:19:56:10	5	4	22	21.8625	24.6406	0
1:19:56:10	5	4	22	21.8625	24.6406	0
1:19:56:10	5	4	22	21.8625	24.6406	0
1:19:56:10	5	4	22	21.8625	24.6406	0
1:19:56:10	5	4	22	21.8625	24.6406	0
1:19:56:10	5	4	22	21.8625	24.6406	0
1:19:56:10	5	4	22	21.8625	24.6406	0
1:19:56:10	5	4	22	21.8625	24.6406	0
1:19:56:10	5	4	22	21.8625	24.6406	0
1:19:56:10	5	4	22	21.8625	24.6406	0
1:19:56:10	5	4	22	21.8625	24.6406	0
1:19:56:10	5	4	22	21.8625	24.6406	0
1:19:56:10	5	4	22	21.8625	24.6406	0
1:19:56:10	5	4	22	21.8625	24.6406	0
1:19:56:10	5	4	22	21.8625	24.6406	0
1:19:56:10	5	4	22	21.8625	24.6406	0
1:19:56:10	5	4	22	21.8625	24.6406	0
1:19:56:10	5	4	22	21.8625	24.6406	0
1:19:56:10	5	4	22	21.8625	24.6406	0
1:19:56:10	5	4	22	21.8625	24.6406	0
1:19:56:10	5	4	22	21.8625	24.6406	0
1:19:56:10	5	4	22	21.8625	24.6406	0
1:19:56:10	5	4	22	21.8625	24.6406	0
1:19:56:10	5	4	22	21.8625	24.6406	0
1:19:56:10	5	4	22	21.8625	24.6406	0
1:19:56:10	5	4	22	21.8625	24.6406	0
1:19:56:10	5	4	22	21.8625	24.6406	0
1:19:56:10	5	4	22	21.8625	24.6406	0
1:19:56:10	5	4	22	21.8625	24.6406	0
1:19:56:10	5	4	22	21.8625	24.6406	0
1:19:56:10	5	4	22	21.8625	24.6406	0
1:19:56:10	5	4	22	21.8625	24.6406	0
1:19:56:10	5	4	22	21.8625	24.6406	0
1:19:56:10	5	4	22	21.8625	24.6406	0
1:19:56:10	5	4	22	21.8625	24.6406	0
1:19:56:10	5	4	22	21.8625	24.6406	0
1:19:56:10	5	4	22	21.8625	24.6406	0
1:19:56:10	5	4	22	21.8625	24.6406	0
1:19:56:10	5	4	22	21.8625	24.6406	0
1:19:56:10	5	4	22	21.8625	24.6406	0
1:19:56:10	5	4	22	21.8625	24.6406	0
1:19:56:10	5	4	22	21.8625	24.6406	0
1:19:56:10	5	4	22	21.8625	24.6406	0
1:19:56:10	5	4	22	21.8625	24.6406	0
1:19:56:10	5	4	22	21.8625	24.6406	0
1:19:56:10	5	4	22	21.8625	24.6406	0
1:19:56:10	5	4	22	21.8625	24.6406	0
1:19:56:10	5	4	22	21.8625	24.6406	0
1:19:56:10	5	4	22	21.8625	24.6406	0
1:19:56:10	5	4	22	21.8625	24.6406	0
1:19:56:10	5	4	22	21.8625	24.6406	0
1:19:56:10	5	4	22	21.8625	24.6406	0
1:19:56:10	5	4	22	21.8625	24.6406	0
1:19:56:10	5	4	22	21.8625	24.6406	0
1:19:56:10	5	4	22	21.8625	24.6406	0
1:19:56:10	5	4	22	21.8625	24.6406	0
1:19:56:10	5	4	22	21.8625	24.6406	0
1:19:56:10	5	4	22	21.8625	24.6406	0
1:19:56:10	5	4	22	21.8625	24.6406	0
1:19:56:10	5	4	22	21.8625	24.6406	0
1:19:56:10	5	4	22	21.8625	24.6406	0
1:19:56:10	5	4	22	21.8625	24.6406	0
1:19:56:10	5	4	22	21.8625	24.6406	0
1:19:56:10	5	4	22	21.8625	24.6406	0
1:19:56:10	5	4	22	21.8625	24.6406	0
1:19:56:10	5	4	22	21.8625	24.6406	0
1:19:56:10	5	4	22	21.8625	24.6406	0
1:19:56:10	5	4	22	21.8625	24.6406	0
1:19:56:10	5	4	22	21.8625	24.6406	0
1:19:56:10	5	4	22	21.8625	24.6406	0
1:19:56:10	5	4	22	21.8625	24.6406	0
1:19:56:10	5	4	22	21.8625	24.6406	0
1:19:56:10	5	4	22	21.8625	24.6406	0
1:19:56:10	5	4	22	21.8625	24.6406	0
1:19:56:10	5	4	22	21.8625	24.6406	0
1:19:56:10	5	4	22	21.8625	24.6406	0
1:19:56:10	5	4	22	21.8625	24.6406	0
1:19:56:10	5	4	22	21.8625	24.6406	0
1:19:56:10	5	4	22	21.8625	24.6406	0
1:19:56:10	5	4	22	21.8625	24.6406	0
1:19:56:10	5	4	22	21.8625	24.6406	0
1:19:56:10	5	4	22	21.8625	24.6406	0
1:19:56:10	5	4	22	21.8625	24.6406	0
1:19:56:10	5	4	22	21.8625	24.6406	0
1:19:56:10	5	4	22	21.8625	24.6406	0
1:19:56:10	5	4	22	21.8625	24.6406	0
1:19:56:10	5	4	22	21.8625	24.6406	0
1:19:56:10	5	4	22	21.8625	24.6406	0
1:19:56:10	5	4	22	21.8625	24.6406	0
1:19:56:10	5	4	22	21.8625	24.6406	0
1:19:56:10	5	4	22	21.8625	24.6406	0
1:19:56:10	5	4	22	21.8625	24.6406	0
1:19:56:10	5	4	22	21.8625	24.6406	0
1:19:56:10	5	4	22	21.8625	24.6406	0
1:19:56:10	5	4	22	21.8625	24.6406	0
1:19:56:10	5	4	22	21.8625	24.6406	0
1:19:56:10	5	4	22	21.8625	24.6406	0
1:19:56:10	5	4	22	21.8625	24.6406	0
1:19:56:10	5	4	22	21.8625	24.6406	0
1:19:56:10	5	4	22	21.8625	24.6406	0
1:19:56:10	5	4	22	21.8625	24.6406	0
1:19:56:10	5	4	22	21.8625	24.6406	0
1:19:56:10	5	4	22	21.8625	24.6406	0
1:19:56:10	5	4	22	21.8625	24.6406	0
1:19:56:10	5	4	22	21.8625	24.6406	0
1:19:56:10	5	4	22	21.8625	24.6406	0
1:19:56:10	5	4	22	21.8625	24.6406	0
1:19:56:10	5	4	22	21.8625	24.6406	0
1:19:56:10	5	4	22	21.8625	24.6406	0
1:19:56:10	5	4	22	21.8625	24.6406	0
1:19:56:10	5	4	22	21.8625	24.6406	0
1:19:56:10	5	4	22	21.8625	24.6406	0
1:19:56:10	5	4	22	21.8625	24.6406	0
1:19:56:10	5	4	22	21.8625	24.6406	0
1:19:56:10	5	4	22	21.8625	24.6406	0
1:19:56:10	5	4	22	21.8625	24.6406	0
1:19:56:10	5	4	22	21.8625	24.6406	0
1:19:56:10	5	4	22	21.8625	24.6406	0
1:19:56:10	5	4	22	21.8625	24.6406	0
1:19:56:10	5	4	22	21.8625	24.6406	0
1:19:56:10	5	4	22	21.8625	24.6406	0
1:19:56:10	5	4	22	21.8625	24.6406	0
1:19:56:10	5	4	22	21.8625	24.6406	0
1:19:56:10	5	4	22	21.8625	24.6406	0
1:19:56:10	5	4	22	21.8625	24.6406	0
1:19:56:10	5	4	22	21.8625	24.6406	0
1:19:56:10	5	4	22	21.8625	24.6406	0
1:19:56:10	5	4	22	21.8625	24.6406	0
1:19:56:10	5	4	22	21.8625	24.6406	0
1:19:56:10	5	4	22	21.8625	24.6406	0
1:19:56:10	5	4	22	21.8625	24.6406	0
1:19:56:10	5	4	22	21.8625	24.6406	0
1:19:56:10	5	4	22	21.8625	24.6406	0
1:19:56:10	5	4	22	21.8625	24.6406	0
1:19:56:10	5	4	22	21.8625	24.6406	0
1:19:56:10	5	4	22	21.8625	24.6406	0
1:19:56:10	5	4	22	21.8625	24.6406	0
1:19:56:10	5	4	22	21.8625	24.6406	0
1:19:56:10	5	4	22	21.8625	24.6406	0
1:19:56:10	5	4	22	21.8625	24.6406	0
1:19:56:10	5	4	22	21.8625	24.6406	0
1:19:56:10	5	4	22	21.8625	24.6406	0
1:19:56:10	5	4	22	21.8625	24.6406	0
1:19:56:10	5	4	22	21.8625	24.6406	0
1:19:56:10	5	4	22	21.8625	24.6406	0
1:19:56:10	5	4	22	21.8625	24.6406	0
1:19:56:10	5	4	22	21.8625	24.6406	0
1:19:56:10	5	4	22	21.8625	24.6406	0
1:19:56:10	5	4	22	21.8625	24.6406	0
1:19:56:10	5	4	22	21.8625	24.6406	0
1:19:56:10	5	4	22	21.8625	24.6406	0
1:19:56:10	5	4	22	21.8625	24.6406	0
1:19:56:10	5	4	22	21.8625	24.6406	0
1:19:56:10	5	4	22	21.8625	24.6406	0
1:19:56:10	5	4	22	21.8625	24.6406	0
1:19:56:10	5	4	22	21.8625	24.6406	0
1:19:56:10	5	4	22	21.8625	24.6406	0
1:19:56:10	5	4	22	21.8625	24.6406	0
1:19:56:10	5	4	22	21.8625	24.6406	0
1:19:56:10	5	4	22	21.8625	24.6406	0
1:19:56:10	5	4	22	21.8625	24.6406	0
1:19:56:10	5	4	22	21.8625	24.6406	0
1:19:56:10	5	4	22	21.8625	24.6406	0
1:19:56:10	5	4	22	21.8625	24.6406	0
1:19:56:10	5	4	22	21.8625	24.6406	0
1:19:56:10	5	4	22	21.8625	24.6406	0
1:19:56:10	5	4	22	21.8625	24.6406	0
1:19:56:10	5	4	22	21.8625	24.6406	0
1:19:56:10	5	4	22	21.8625	24.6406	0
1:19:56:10	5	4	22	21.8625	24.6406	0
1:19:56:10	5	4	22	21.8625	24.6406	0
1:19:56:10	5	4	22	21.8625	24.6406	0
1:19:56:10	5	4	22	21.8625	24.6406	0
1:19:56:10	5	4	22	21.8625	24.6406	0
1:19:56:10	5	4	22	21.8625	24.6406	0
1:19:56:10	5	4	22	21.8625	24.6406	0
1:19:56:10	5	4	22	21.8625	24.6406	0
1:19:56:10	5	4	22	21.8625	24.6406	0
1:19:56:10	5	4	22	21.8625	24.6406	0
1:19:56:10	5	4	22	21.8625	24.6406	0
1:19:56:10	5	4	22	21.8625	24.6406	0
1:19:56:10	5	4	22	21.8625	24.6406	0
1:19:56:10	5	4	22	21.8625	24.6406	0
1:19:56:10	5	4	22	21.8625	24.6406	0
1:19:56:10	5	4	22	21.8625	24.6406	0
1:19:56:10	5	4	22	21.8625	24.6406	0
1:19:56:10	5	4	22	21.8625	24.6406	0
1:19:56:10	5	4	22	21.8625	24.6406	0
1:19:56:10	5	4	22	21.8625	24.6406	0
1:19:56:10	5	4	22	21.8625	24.6406	0
1:19:56:10	5	4	22	21.8625	24.6406	0
1:19:56:10	5	4	22	21.8625	24.6406	0
1:19:56:10	5	4	22	21.8625	24.6406	0
1:19:56:10	5	4	22	21.8625	24.6406	0
1:19:56:10	5	4	22	21.8625	24.6406	0
1:19:56:10	5	4	22	21.8625	24.6406	0
1:19:56:10	5	4	22	21.8625	24.6406	0
1:19:56:10	5	4	22	21.8625	24.6406	0
1:19:56:10	5	4	22	21.8625	24.6406	0
1:19:56:10	5	4	22	21.8625	24.6406	0
1:19:56:10	5	4	22	21.8625	24.6406	0
1:19:56:10	5	4	22	21.8625	24.6406	0
1:19:56:10	5	4	22	21.8625	24.6406	0
1:19:56:10	5	4	22	21.8625	24.6406	0
1:19:56:10	5	4	22	21.8625	24.6406	0
1:19:56:10	5	4	22	21.8625	24.6406	0
1:19:56:10	5	4	22	21.8625	24.6406	0
1:19:56:10	5	4	22	21.8625	24.6406	0
1:19:56:10	5	4	22	21.8625	24.6406	0
1:19:56:10	5	4	22	21.8625	24.6406	0
1:19:56:10	5	4	22	21.8625	24.6406	0
1:19:56:10	5	4	22	21.8625	24.6406	0
1:19:56:10	5	4	22	21.8625	24.6406	0
1:19:56:10	5	4	22	21.8625	24.6406	0
1:19:56:10	5	4	22	21.8625	24.6406	0
1:19:56:10	5	4	22	21.8625	24.6406	0
1:19:56:10	5	4	22	21.8625	24.6406	0
1:19:56:10	5	4	22	21.8625	24.6406	0
1:19:56:10	5	4	22	21.8625	24.6406	0
1:19:56:10	5	4	22	21.8625	24.6406	0
1:19:56:10	5	4	22	21.8625	24.6406	0
1:19:56:10	5	4	22	21.8625	24.6406	0
1:19:56:10	5	4	22	21.8625	24.6406	0
1:19:56:10	5	4	22	21.8625	24.6406	0
1:19:56:10	5	4	22	21.8625	24.6406	0
1:19:56:10	5	4	22	21.8625	24.6406	0
1:19:56:10	5	4	22	21.8625	24.6406	0
1:19:56:10	5	4	22	21.8625	24.6406	0
1:19:56:10	5	4	22	21.8625	24.6406	0
1:19:56:10	5	4	22	21.8625	24.6406	0
1:19:56:10	5	4	22	21.8625	24.6406	0
1:19:56:10	5	4	22	21.8625	24.6406	0
1:19:56:10	5	4	22	21.8625	24.6406	0
1:19:56:10	5	4	22	21.8625	24.6406	0
1:19:56:10	5	4	22	21.8625	24.6406	0
1:19:56:10	5	4	22	21.8625	24.6406	0
1:19:56:10	5	4	22	21.8625	24.6406	0
1:19:56:10	5	4	22	21.8625	24.6406	0
1:19:56:10	5	4	22	21.8625	24.6406	0
1:19:56:10	5	4	22	21.8625	24.6406	0
1:19:56:10	5	4	22	21.8625	24.6406	0
1:19:56:10	5	4	22	21.8625	24.6406	0
1:19:56:10	5	4	22	21.8625	24.6406	0
1:19:56:10	5	4	22	21.8625	24.6406	0
1:19:56:10	5	4	22	21.8625	24.6406	0
1:19:56:10	5	4	22	21.8625	24.6406	0
1:19:56:10	5	4	22	21.8625	24.6406	0
1:19:56:10	5	4	22	21.8625	24.6406	0
1:19:56:10	5	4	22	21.8625	24.6406	0
1:19:56:10	5	4	22	21.8625	24.6406	0
1:19:56:10	5	4	22	21.8625	24.6406	0
1:19:56:10	5	4	22	21.8625	24.6406	0
1:19:56:10	5	4	22	21.8625	24.6406	0
1:19:56:10	5	4	22	21.8625	24.6406	0
1:19:56:10	5	4	22	21.8625	24.6406	0
1:19:56:10	5	4	22	21.8625	24.6406	0
1:19:56:10	5	4	22	21.8625	24.6406	0
1:19:56:10	5	4	22	21.8625	24.6406	0
1:19:56:10	5	4	22	21.8625	24.6406	0
1:19:56:10	5	4	22	21.8625	24.6406	0
1:19:56:10	5	4	22	21.8625	24.6406	0
1:19:56:10	5	4	22	21.8625	24.6406	0
1:19:56:10	5	4	22	21.8625	24.6406	0
1:19:56:10	5	4	22	21.8625	24.6406	0
1:19:56:10	5	4	22	21.8625	24.6406	0
1:19:56:10	5	4	22	21.8625	24.6406	0
1:19:56:10	5	4	22	21.8625	24.6406	0
1:19:56:10	5	4	22	21.8625	24.6406	0
1:19:56:10	5	4	22	21.8625	24.6406	0
1:19:56:10	5	4	22	21.8625	24.6406	0
1:19:56:10	5	4	22	21.8625	24.6406	0
1:19:56:10	5	4	22	21.8625	24.6406	0
1:19:56:10	5	4	22	21.8625	24.6406	0
1:19:56:10	5	4	22	21.8625	24.6406	0
1:19:56:10	5	4	22	21.8625	24.6406	0
1:19:56:10	5	4	22	21.8625	24.6406	0
1:19:56:10	5	4	22	21.8625	24.6406	0
1:19:56:10	5	4	22	21.8625	24.6406	0
1:19:56:10	5	4	22	21.8625	24.6406	0
1:19:56:10	5	4	22	21.8625	24.6406	0
1:19:56:10	5	4	22	21.8625	24.6406	0
1:19:56:10	5	4	22	21.8625	24.6406	0
1:19:56:10	5	4	22	21.8625	24.6406	0
1:19:56:10	5	4	22	21.8625	24.6406	0
1:19:56:10	5	4	22	21.8625	24.6406	0
1:19:56:10	5	4	22	21.8625	24.6406	0
1:19:56:10	5	4	22	21.8625	24.6406	0
1:19:56:10	5	4	22	21.8625	24.6406	0
1:19:56:10	5	4	22	21.8625	24.6406	0
1:19:56:10	5	4	22	21.8625	24.6406	0
1:19:56:10	5	4	22	21.8625	24.6406	0
1:19:56:10	5	4	22	21.8625	24.6406	0
1:19:56:10	5	4	22	21.8625	24.6406	0
1:19:56:10	5	4	22	21.8625	24.6406	0
1:19:56:10	5	4	22	21.8625	24.6406	0
1:19:56:10	5	4	22	21.8625	24.6406	0
1:19:56:10	5	4	22	21.8625	24.6406	0
1:19:56:10	5	4	22	21.8625	24.6406	0
1:19:56:10	5	4	22	21.8625	24.6406	0
1:19:56:10	5	4	22	21.8625	24.6406	0
1:19:56:10	5	4	22	21.8625	24.6406	0
1:19:56:10	5	4	22	21.8625	24.6406	0
1:19:56:10	5	4	22	21.8625	24.6406	0
1:19:56:10	5	4	22	21.8625	24.6406	0
1:19:56:10	5	4	22	21.8625	24.6406	0
1:19:56:10	5	4	22	21.8625	24.6406	0
1:19:56:10	5	4	22	21.8625	24.6406	0
1:19:56:10	5	4	22	21.8625	24.6406	0
1:19:56:10	5	4	22	21.8625	24.6406	0
1:19:56:10	5	4	22	21.8625	24.6406	0
1:19:56:10	5	4	22	21.8625	24.6406	0
1:19:56:10	5	4	22	21.8625	24.6406	0
1:19:56:10	5	4	22	21.8625	24.6406	0
1:19:56:10	5	4	22	21.8625	24.6406	0
1:19:56:10	5	4	22	21.8625	24.6406	0
1:19:56:10	5	4	22	21.8625	24.6406	0
1:19:56:10	5	4	22	21.8625	24.6406	0
1:19:56:10	5	4	22	21.8625	24.6406	0
1:19:56:10	5	4	22	21.8625	24.6406	0
1:19:56:10	5	4	22	21.8625	24.6406	0
1:19:56:10	5	4	22	21.8625	24.6406	0
1:19:56:10	5	4	22	21.8625	24.6406	0
1:19:56:10	5	4	22	21.8625	24.6406	0
1:19:56:10	5	4	22	21.8625	24.6406	0
1:19:56:10	5	4	22	21.8625	24.6406	0
1:19:56:10	5	4	22	21.8625	24.6406	0
1:19:56:10	5	4	22	21.8625	24.6406	0
1:19:56:10	5	4	22	21.8625	24.6406	0
1:19:56:10	5	4	22	21.8625	24.6406	0
1:19:56:10	5	4	22	21.8625	24.6406	0
1:19:56:10	5	4	22	21.8625	24.6406	0
1:19:56:10	5	4	22	21.8625	24.6406	0
1:19:56:10	5	4	22	21.8625	24.6406	0
1:19:56:10	5	4	22	21.8625	24.6406	0
1:19:56:10	5	4	22	21.8625	24.6406	0
1:19:56:10	5	4	22	21.8625	24.6406	0
1:19:56:10	5	4	22	21.8625	24.6406	0
1:19:56:10	5	4	22	21.8625	24.6406	0
1:19:56:10	5	4	22	21.8625	24.6406	0
1:19:56:10	5	4	22	21.8625	24.6406	0
1:19:56:10	5	4	22	21.8625	24.6406	0
1:19:56:10	5	4	22	21.8625	24.6406	0
1:19:56:10	5	4	22	21.8625	24.6406	0
1:19:56:10	5	4	22	21.8625	24.6406	0
1:19:56:10	5	4	22	21.8625	24.6406	0
1:19:56:10	5	4	22	21.8625	24.6406	0
1:19:56:10	5	4	22	21.8625	24.6406	0
1:19:56:10	5	4	22	21.8625	24.6406	0
1:19:56:10	5	4	22	21.8625	24.6406	0
1:19:56:10	5	4	22	21.8625	24.6406	0
1:19:56:10	5	4	22	21.8625	24.6406	0
1:19:56:10	5	4	22	21.8625	24.6406	0
1:19:56:10	5	4	22	21.8625	24.6406	0
1:19:56:10	5	4	22	21.8625	24.6406	0
1:19:56:10	5	4	22	21.8625	24.6406	0
1:19:56:10	5	4	22	21.8625	24.6406	0
1:19:56:10	5	4	22	21.8625	24.6406	0
1:19:56:10	5	4	22	21.8625	24.6406	0
1:19:56:10	5	4	22	21.8625	24.6406	0
1:19:56:10	5	4	22	21.8625	24.6406	0
1:19:56:10	5	4	22	21.8625	24.6406	0
1:19:56:10	5	4	22	21.8625	24.6406	0
1:19:56:10	5	4	22	21.8625	24.6406	0
1:19:56:10	5	4	22	21.8625	24.6406	0
1:19:56:10	5	4	22	21.8625	24.6406	0
1:19:56:10	5	4	22	21.8625	24.6406	0
1:19:56:10	5	4	22	21.8625	24.6406	0
1:19:56:10	5	4	22	21.8625	24.6406	0
1:19:56:10	5	4	22	21.8625	24.6406	0
1:19:56:10	5	4	22	21.8625	24.6406	0
1:19:56:10	5	4	22	21.8625	24.6406	0
1:19:56:10	5	4	22	21.8625	24.6406	0
1:19:56:10	5	4	22	21.8625	24.6406	0
1:19:56:10	5	4	22	21.8625	24.6406	0
1:19:56:10	5	4	22	21.8625	24.6406	0
1:19:56:10	5	4	22	21.8625	24.6406	0
1:19:56:10	5	4	22	21.8625	24.6406	0
1:19:56:10	5	4	22	21.8625	24.6406	0
1:19:56:10	5	4	22	21.8625	24.6406	0
1:19:56:10	5	4	22	21.8625	24.6406	0
1:19:56:10	5	4	22	21.8625	24.6406	0
1:19:56:10	5	4	22	21.8625	24.6406	0
1:19:56:10	5	4	22	21.8625	24.6406	0
1:19:56:10	5	4	22	21.8625	24.6406	0
1:19:56:10	5	4	22	21.8625	24.6406	0
1:19:56:10	5	4	22	21.8625	24.6406	0
1:19:56:10	5	4	22	21.8625	24.6406	0
1:19:56:10	5	4	22	21.8625	24.6406	0
1:19:56:10	5	4	22	21.8625	24.6406	0
1:19:56:10	5	4	22	21.8625	24.6406	0
1:19:56:10	5	4	22	21.8625	24.6406	0
1:19:56:10	5	4	22	21.8625	24.6406	0
1:19:56:10	5	4	22	21.8625	24.6406	0
1:19:56:10	5	4	22	21.8625	24.6406	0
1:19:56:10	5	4	22	21.8625	24.6406	0
1:19:56:10	5	4	22	21.8625	24.6406	0
1:19:56:10	5	4	22	21.8625	24.6406	0
1:19:56:10	5	4	22	21.8625	24.6406	0
1:19:56:10	5	4	22	21.8625	24.6406	0
1:19:56:10	5	4	22	21.8625	24.6406	0
1:19:56:10	5	4	22	21.8625	24.6406	0
1:19:56:10	5	4	22	21.8625	24.6406	0
1:19:56:10	5	4	22	21.8625	24.6406	0
1:19:56:10	5	4	22	21.8625	24.6406	0
1:19:56:10	5	4	22	21.8625	24.6406	0
1:19:56:10	5	4	22	21.8625	24.6406	0
1:19:56:10	5	4	22	21.8625	24.6406	0
1:19:56:10	5	4	22	21.8625	24.6406	0
1:19:56:10	5	4	22	21.8625	24.6406	0
1:19:56:10	5	4	22	21.8625	24.6406	0
1:19:56:10	5	4	22	21.8625	24.6406	0
1:19:56:10	5	4	22	21.8625	24.6406	0
1:19:56:10	5	4	22	21.8625	24.6406	0
1:19:56:10	5	4	22	21.8625	24.6406	0
1:19:56:10	5	4	22	21.8625	24.6406	0
1:19:56:10	5	4	22	21.8625	24.6406	0
1:19:56:10	5	4	22	21.8625	24.6406	0
1:19:56:10	5	4	22	21.8625	24.6406	0
1:19:56:10	5	4	22	21.8625	24.6406	0
1:19:56:10	5	4	22	21.8625	24.6406	0
1:19:56:10	5	4	22	21.8625	24.6406	0
1:19:56:10	5	4	22	21.8625	24.6406	0
1:19:56:10	5	4	22	21.8625	24.6406	0
1:19:56:10	5	4	22	21.8625	24.6406	0
1:19:56:10	5	4	22	21.8625	24.6406	0
1:19:56:10	5	4	22	21.8625	24.6406	0
1:19:56:10	5	4	22	21.8625	24.6406	0
1:19:56:10	5	4	22	21.8625	24.6406	0
1:19:56:10	5	4	22	21.8625	24.6406	0
1:19:56:10	5	4	22	21.8625	24.6406	0
1:19:56:10	5	4	22	21.8625	24.6406	0
1:19:56:10	5	4	22	21.8625	24.6406	0
1:19:56:10	5	4	22	21.8625	24.6406	0
1:19:56:10	5	4	22	21.8625	24.6406	0
1:19:56:10	5	4	22	21.8625	24.6406	0
1:19:56:10	5	4	22	21.8625	24.6406	0
1:19:56:10	5	4	22	21.8625	24.6406	0
1:19:56:10	5	4	22	21.8625	24.6406	0
1:19:56:10	5	4	22	21.8625	24.6406	0
1:19:56:10	5	4	22	21.8625	24.6406	0
1:19:56:10	5	4	22	21.8625	24.6406	0
1:19:56:10	5	4	22	21.8625	24.6406	0
1:19:56:10	5	4	22	21.8625	24.6406	0
1:19:56:10	5	4	22	21.8625	24.6406	0
1:19:56:10	5	4	22	21.8625	24.6406	0
1:19:56:10	5	4	22	21.8625	24.6406	0
1:19:56:10	5	4	22	21.8625	24.6406	0
1:19:56:10	5	4	22	21.8625	24.6406	0
1:19:56:10	5	4	22	21.8625	24.6406	0
1:19:56:10	5	4	22	21.8625	24.6406	0
1:19:56:10	5	4	22	21.8625	24.6406	0
1:19:56:10	5	4	22	21.8625	24.6406	0
1:19:56:10	5	4	22	21.8625	24.6406	0
1:19:56:10	5	4	22	21.8625	24.6406	0
1:19:56:10	5	4	22	21.8625	24.6406	0
1:19:56:10	5	4	22	21.8625	24.6406	0
1:19:56:10	5	4	22	21.8625	24.6406	0
1:19:56:10	5	4	22	21.8625	24.6406	0
1:19:56:10	5	4	22	21.8625	24.6406	0
1:19:56:10	5	4	22	21.8625	24.6406	0
1:19:56:10	5	4	22	21.8625	24.6406	0
1:19:56:10	5	4	22	21.8625	24.6406	0
1:19:56:10	5	4	22	21.8625	24.6406	0
1:19:56:10	5	4	22	21.8625	24.6406	0
1:19:56:10	5	4	22	21.8625	24.6406	0
1:19:56:10	5	4	22	21.8625	24.6406	0
1:19:56:10	5	4	22	21.8625	24.6406	0
1:19:56:10	5	4	22	21.8625	24.6406	0
1:19:56:10	5	4	22	21.8625	24.6406	0
1:19:56:10	5	4	22	21.8625	24.6406	0
1:19:56:10	5	4	22	21.8625	24.6406	0
1:19:56:10	5	4	22	21.8625	24.6406	0
1:19:56:10	5	4	22	21.8625	24.6406	0
1:19:56:10	5	4	22	21.8625	24.6406	0
1:19:56:10	5	4	22	21.8625	24.6406	0
1:19:56:10	5	4	22	21.8625	24.6406	0
1:19:56:10	5	4	22	21.8625	24.6406	0
1:19:56:10	5	4	22	21.8625	24.6406	0
1:19:56:10	5	4	22	21.8625	24.6406	0
1:19:56:10	5	4	22	21.8625	24.6406	0
1:19:56:10	5	4	22	21.8625	24.6406	0
1:19:56:10	5	4	22	21.8625	24.6406	0
1:19:56:10	5	4	22	21.8625	24.6406	0
1:19:56:10	5	4	22	21.8625	24.6406	0
1:19:56:10	5	4	22	21.8625	24.6406	0
1:19:56:10	5	4	22	21.8625	24.6406	0
1:19:56:10	5	4	22	21.8625	24.6406	0
1:19:56:10	5	4	22	21.8625	24.6406	0
1:19:56:10	5	4	22	21.8625	24.6406	0
1:19:56:10	5	4	22	21.8625	24.6406	0
1:19:56:10	5	4	22	21.8625	24.6406	0
1:19:56:10	5	4	22	21.8625	24.6406	0
1:19:56:10	5	4	22	21.8625	24.6406	0
1:19:56:10	5	4	22	21.8625	24.6406	0
1:19:56:10	5	4	22	21.8625	24.6406	0
1:19:56:10	5	4	22	21.8625	24.6406	0
1:19:56:10	5	4	22	21.8625	24.6406	0
1:19:56:10	5	4	22	21.8625	24.6406	0
1:19:56:10	5	4	22	21.8625	24.6406	0
1:19:56:10	5	4	22	21.8625	24.6406	0
1:19:56:10	5	4	22	21.8625	24.6406	0
1:19:56:10	5	4	22	21.8625	24.6406	0
1:19:56:10	5	4	22	21.8625	24.6406	0
1:19:56:10	5	4	22	21.8625	24.6406	0
1:19:56:10	5	4	22	21.8625	24.6406	0
1:19:56:10	5	4	22	21.8625	24.6406	0
1:19:56:10	5	4	22	21.8625	24.6406	0
1:19:56:10	5	4	22	21.8625	24.6406	0
1:19:56:10	5	4	22	21.8625	24.6406	0
1:19:56:10	5	4	22	21.8625	24.6406	0
1:19:56:10	5	4	22	21.8625	24.6406	0
1:19:56:10	5	4	22	21.8625	24.6406	0
1:19:56:10	5	4	22	21.8625	24.6406	0
1:19:56:10	5	4	22	21.8625	24.6406	0
1:19:56:10	5	4	22	21.8625	24.6406	0
1:19:56:10	5	4	22	21.8625	24.6406	0
1:19:56:10	5	4	22	21.8625	24.6406	0
1:19:56:10	5	4	22	21.8625	24.6406	0
1:19:56:10	5	4	22	21.8625	24.6406	0
1:19:56:10	5	4	22	21.8625	24.6406	0
1:19:56:10	5	4	22	21.8625	24.6406	0
1:19:56:10	5	4	22	21.8625	24.6406	0
1:19:56:10	5	4	22	21.8625	24.6406	0
1:19:56:10	5	4	22	21.8625	24.6406	0
1:19:56:10	5	4	22	21.8625	24.6406	0
1:19:56:10	5	4	22	21.8625	24.6406	0
1:19:56:10	5	4	22	21.8625	24.6406	0
1:19:56:10	5	4	22	21.8625	24.6406	0
1:19:56:10	5	4	22	21.8625	24.6406	0
1:19:56:10	5	4	22	21.8625	24.6406	0
1:19:56:10	5	4	22	21.8625	24.6406	0
1:19:56:10	5	4	22	21.8625	24.6406	0
1:19:56:10	5	4	22	21.8625	24.6406	0
1:19:56:10	5	4	22	21.8625	24.6406	0
1:19:56:10	5	4	22	21.8625	24.6406	0
1:19:56:10	5	4	22	21.8625	24.6406	0
1:19:56:10	5	4	22	21.8625	24.6406	0
1:19:56:10	5	4	22	21.8625	24.6406	0
1:19:56:10	5	4	22	21.8625	24.6406	0
1:19:56:10	5	4	22	21.8625	24.6406	0
1:19:56:10	5	4	22	21.8625	24.6406	0
1:19:56:10	5	4	22	21.8625	24.6406	0
1:19:56:10	5	4	22	21.8625	24.6406	0
1:19:56:10	5	4	22	21.8625	24.6406	0
1:19:56:10	5	4	22	21.8625	24.6406	0
1:19:56:10	5	4	22	21.8625	24.6406	0
1:19:56:10	5	4	22	21.8625	24.6406	0
1:19:56:10	5	4	22	21.8625	24.6406	0
1:19:56:10	5	4	22	21.8625	24.6406	0
1:19:56:10	5	4	22	21.8625	24.6406	0
1:19:56:10	5	4	22	21.8625	24.6406	0
1:19:56:10	5	4	22	21.8625	24.6406	0
1:19:56:10	5	4	22	21.8625	24.6406	0
1:19:56:10	5	4	22	21.8625	24.6406	0
1:19:56:10	5	4	22	21.8625	24.6406	0
1:19:56:10	5	4	22	21.8625	24.6406	0
1:19:56:10	5	4	22	21.8625	24.6406	0
1:19:56:10	5	4	22	21.8625	24.6406	0
1:19:56:10	5	4	22	21.8625	24.6406	0
1:19:56:10	5	4	22	21.8625	24.6406	0
1:19:56:10	5	4	22	21.8625	24.6406	0
1:19:56:10	5	4	22	21.8625	24.6406	0
1:19:56:10	5	4	22	21.8625	24.6406	0
1:19:56:10	5	4	22	21.8625	24.6406	0
1:19:56:10	5	4	22	21.8625	24.6406	0
1:19:56:10	5	4	22	21.8625	24.6406	0
1:19:56:10	5	4	22	21.8625	24.6406	0
1:19:56:10	5	4	22	21.8625	24.6406	0
1:19:56:10	5	4	22	21.8625	24.6406	0
1:19:56:10	5	4	22	21.8625	24.6406	0
1:19:56:10	5	4	22	21.8625	24.6406	0
1:19:56:10	5	4	22	21.8625	24.6406	0
1:19:56:10	5	4	22	21.8625	24.6406	0
1:19:56:10	5	4	22	21.8625	24.6406	0
1:19:56:10	5	4	22	21.8625	24.6406	0
1:19:56:10	5	4	22	21.8625	24.6406	0
1:19:56:10	5	4	22	21.8625	24.6406	0
1:19:56:10	5	4	22	21.8625	24.6406	0
1:19:56:10	5	4	22	21.8625	24.6406	0
1:19:56:10	5	4	22	21.8625	24.6406	0
1:19:56:10	5	4	22	21.8625	24.6406	0
1:19:56:10	5	4	22	21.8625	24.6406	0
1:19:56:10	5	4	22	21.8625	24.6406	0
1:19:56:10	5	4	22	21.8625	24.6406	0
1:19:56:10	5	4	22	21.8625	24.6406	0
1:19:56:10	5	4	22	21.8625	24.6406	0
1:19:56:10	5	4	22	21.8625	24.6406	0
1:19:56:10	5	4	22	21.8625	24.6406	0
1:19:56:10	5	4	22	21.8625	24.6406	0
1:19:56:10	5	4	22	21.8625	24.6406	0
1:19:56:10	5	4	22	21.8625	24.6406	0
1:19:56:10	5	4	22	21.8625	24.6406	0
1:19:56:10	5	4	22	21.8625	24.6406	0
1:19:56:10	5	4	22	21.8625	24.6406	0
1:19:56:10	5	4	22	21.8625	24.6406	0
1:19:56:10	5	4	22	21.8625	24.6406	0
1:19:56:10	5	4	22	21.8625	24.6406	0
1:19:56:10	5	4	22	21.8625	24.6406	0
1:19:56:10	5	4	22	21.8625	24.6406	0
1:19:56:10	5	4	22	21.8625	24.6406	0
1:19:56:10	5	4	22	21.8625	24.6406	0
1:19:56:10	5	4	22	21.8625	24.6406	0
1:19:56:10	5	4	22	21.8625	24.6406	0
1:19:56:10	5	4	22	21.8625	24.6406	0
1:19:56:10	5	4	22	21.8625	24.6406	0
1:19:56:10	5	4	22	21.8625	24.6406	0
1:19:56:10	5	4	22	21.8625	24.6406	0
1:19:56:10	5	4	22	21.8625	24.6406	0
1:19:56:10	5	4	22	21.8625	24.6406	0
1:19:56:10	5	4	22	21.8625	24.6406	0
1:19:56:10	5	4	22	21.8625	24.6406	0
1:19:56:10	5	4	22	21.8625	24.6406	0
1:19:56:10	5	4	22	21.8625	24.6406	0
1:19:56:10	5	4	22	21.8625	24.6406	0
1:19:56:10	5	4	22	21.8625	24.6406	0
1:19:56:10	5	4	22	21.8625	24.6406	0
1:19:56:10	5	4	22	21.8625	24.6406	0
1:19:56:10	5	4	22	21.8625	24.6406	0
1:19:56:10	5	4	22	21.8625	24.6406	0
1:19:56:10	5	4	22	21.8625	24.6406	0
1:19:56:10	5	4	22	21.8625	24.6406	0
1:19:56:10	5	4	22	21.8625	24.6406	0
1:19:56:10	5	4	22	21.8625	24.6406	0
1:19:56:10	5	4	22	21.8625	24.6406	0
1:19:56:10	5	4	22	21.8625	24.6406	0
1:19:56:10	5	4	22	21.8625	24.6406	0
