1:22:33:15	5	10	22	29.1046	99.5442	99.5442
1:22:34:30	5	10	22	29.1046	99.5442	100
1:22:35:40	5	10	22	29.1046	99.5442	100
1:22:36:55	5	10	22	29.1046	99.5442	100
1:22:38:5	5	10	22	29.1046	99.5442	100
1:22:39:20	5	10	22	29.1046	99.5442	100
1:22:40:30	5	10	22	29.1046	99.5442	100
1:22:41:45	5	10	22	29.1046	99.5442	100
1:22:42:55	5	10	22	29.1046	99.5442	100
1:22:44:10	5	10	22	29.1046	99.5442	100
1:22:45:20	5	10	22	29.1046	99.5442	100
1:22:46:35	5	10	22	29.1046	99.5442	100
1:22:47:45	5	10	22	29.1046	99.5442	100
1:22:49:0	5	10	22	29.1046	99.5442	100
1:22:50:10	5	10	22	29.1046	99.5442	100
1:22:51:25	5	10	22	29.1046	99.5442	100
1:22:52:35	5	10	22	29.1046	99.5442	100
1:22:53:50	5	10	22	29.1046	99.5442	100
1:22:55:0	5	10	22	29.1046	99.5442	100
1:22:56:15	5	10	22	29.1046	99.5442	100
1:22:57:25	5	10	22	29.1046	99.5442	100
1:22:58:40	5	10	22	29.1046	99.5442	100
1:22:59:50	5	10	22	29.1046	99.5442	100
1:23:1:5	5	10	22	29.1046	99.5442	100
1:23:2:15	5	10	22	29.1046	99.5442	100
1:23:3:30	5	10	22	29.1046	99.5442	100
1:23:4:40	5	10	22	29.1046	99.5442	100
1:23:5:55	5	10	22	29.1046	99.5442	100
1:23:7:5	5	10	22	29.1046	99.5442	100
1:23:8:20	5	10	22	29.1046	99.5442	100
1:23:9:30	5	10	22	29.1046	99.5442	100
1:23:10:45	5	10	22	29.1046	99.5442	100
1:23:11:55	5	10	22	29.1046	99.5442	100
1:23:13:10	5	10	22	29.1046	99.5442	100
1:23:14:20	5	10	22	29.1046	99.5442	100
1:23:15:35	5	10	22	29.1046	99.5442	100
1:23:16:45	5	10	22	29.1046	99.5442	100
1:23:18:0	5	10	22	29.1046	99.5442	100
1:23:19:10	5	10	22	29.1046	99.5442	100
1:23:20:25	5	10	22	29.1046	99.5442	100
1:23:21:35	5	10	22	29.1046	99.5442	100
1:23:22:50	5	10	22	29.1046	99.5442	100
1:23:24:0	5	10	22	29.1046	99.5442	100
1:23:25:15	5	10	22	29.1046	99.5442	100
1:23:26:25	5	10	22	29.1046	99.5442	100
1:23:27:40	5	10	22	29.1046	99.5442	100
1:23:28:50	5	10	22	29.1046	99.5442	100
1:23:30:5	5	10	22	29.1046	99.5442	100
1:23:31:15	5	10	22	29.1046	99.5442	100
1:23:32:30	5	10	22	29.1046	99.5442	100
1:23:33:40	5	10	22	29.1046	99.5442	100
1:23:34:55	5	10	22	29.1046	99.5442	100
1:23:36:5	5	10	22	29.1046	99.5442	100
1:23:37:20	5	10	22	29.1046	99.5442	100
1:23:38:30	5	10	22	29.1046	99.5442	100
1:23:39:45	5	10	22	29.1046	99.5442	100
1:23:40:55	5	10	22	29.1046	99.5442	100
1:23:42:10	5	10	22	29.1046	99.5442	100
1:23:43:20	5	10	22	29.1046	99.5442	100
1:23:44:35	5	10	22	29.1046	99.5442	100
1:23:45:45	5	10	22	29.1046	99.5442	100
1:23:47:0	5	10	22	29.1046	99.5442	100
1:23:48:10	5	10	22	29.1046	99.5442	100
1:23:49:25	5	10	22	29.1046	99.5442	100
1:23:50:35	5	10	22	29.1046	99.5442	100
1:23:51:50	5	10	22	29.1046	99.5442	100
1:23:53:0	5	10	22	29.1046	99.5442	100
1:23:54:15	5	10	22	29.1046	99.5442	100
1:23:55:25	5	10	22	29.1046	99.5442	100
1:23:56:40	5	10	22	29.1046	99.5442	100
1:23:57:50	5	10	22	29.1046	99.5442	100
1:23:59:5	5	10	22	29.1046	99.5442	100
2:0:0:15	5	10	22	29.1046	99.5442	100
2:0:1:30	5	10	22	29.1046	99.5442	100
2:0:2:40	5	10	22	29.1046	99.5442	100
2:0:3:55	5	10	22	29.1046	99.5442	100
2:0:5:5	5	10	22	29.1046	99.5442	100
2:0:6:20	5	10	22	29.1046	99.5442	100
2:0:7:30	5	10	22	29.1046	99.5442	100
2:0:8:45	5	10	22	29.1046	99.5442	100
2:0:9:55	5	10	22	29.1046	99.5442	100
2:0:11:10	5	10	22	29.1046	99.5442	100
2:0:12:20	5	10	22	29.1046	99.5442	100
2:0:13:35	5	10	22	29.1046	99.5442	100
2:0:14:45	5	10	22	29.1046	99.5442	100
2:0:16:0	5	10	22	29.1046	99.5442	100
2:0:17:10	5	10	22	29.1046	99.5442	100
2:0:18:25	5	10	22	29.1046	99.5442	100
2:0:19:35	5	10	22	29.1046	99.5442	100
2:0:20:50	5	10	22	29.1046	99.5442	100
2:0:22:0	5	10	22	29.1046	99.5442	100
2:0:23:15	5	10	22	29.1046	99.5442	100
2:0:24:25	5	10	22	29.1046	99.5442	100
2:0:25:40	5	10	22	29.1046	99.5442	100
2:0:26:50	5	10	22	29.1046	99.5442	100
2:0:28:5	5	10	22	29.1046	99.5442	100
2:0:29:10	5	10	22	29.1046	99.5442	100
2:0:30:25	5	10	22	29.1046	99.5442	100
2:0:31:35	5	10	22	29.1046	99.5442	100
2:0:32:50	5	10	22	29.1046	99.5442	100
2:0:34:0	5	10	22	29.1046	99.5442	100
2:0:35:10	5	10	22	29.1046	99.5442	100
2:0:36:25	5	10	22	29.1046	99.5442	100
2:0:37:40	5	10	22	29.1046	99.5442	100
2:0:38:50	5	10	22	29.1046	99.5442	100
2:0:40:5	5	10	22	29.1046	99.5442	100
2:0:41:15	5	10	22	29.1046	99.5442	100
2:0:42:30	5	10	22	29.1046	99.5442	100
2:0:43:40	5	10	22	29.1046	99.5442	100
2:0:44:55	5	10	22	29.1046	99.5442	100
2:0:46:5	5	10	22	29.1046	99.5442	100
2:0:47:20	5	10	22	29.1046	99.5442	100
2:0:48:30	5	10	22	29.1046	99.5442	100
2:0:49:45	5	10	22	29.1046	99.5442	100
2:0:50:55	5	10	22	29.1046	99.5442	100
2:0:52:10	5	10	22	29.1046	99.5442	100
2:0:53:20	5	10	22	29.1046	99.5442	100
2:0:54:35	5	10	22	29.1046	99.5442	100
2:0:55:45	5	10	22	29.1046	99.5442	100
2:0:57:0	5	10	22	29.1046	99.5442	100
2:0:58:10	5	10	22	29.1046	99.5442	100
2:0:59:25	5	10	22	29.1046	99.5442	100
2:1:0:35	5	10	22	29.1046	99.5442	100
2:1:1:50	5	10	22	29.1046	99.5442	100
2:1:3:0	5	10	22	29.1046	99.5442	100
2:1:4:15	5	10	22	29.1046	99.5442	100
2:1:5:25	5	10	22	29.1046	99.5442	100
2:1:6:40	5	10	22	29.1046	99.5442	100
2:1:7:50	5	10	22	29.1046	99.5442	100
2:1:9:5	5	10	22	29.1046	99.5442	100
2:1:10:15	5	10	22	29.1046	99.5442	100
2:1:11:30	5	10	22	29.1046	99.5442	100
2:1:12:40	5	10	22	29.1046	99.5442	100
2:1:13:55	5	10	22	29.1046	99.5442	100
2:1:15:5	5	10	22	29.1046	99.5442	100
2:1:16:20	5	10	22	29.1046	99.5442	100
2:1:17:30	5	10	22	29.1046	99.5442	100
2:1:18:45	5	10	22	29.1046	99.5442	100
2:1:19:55	5	10	22	29.1046	99.5442	100
2:1:21:10	5	10	22	29.1046	99.5442	100
2:1:22:20	5	10	22	29.1046	99.5442	100
2:1:23:35	5	10	22	29.1046	99.5442	100
2:1:24:45	5	10	22	29.1046	99.5442	100
2:1:26:0	5	10	22	29.1046	99.5442	100
2:1:27:10	5	10	22	29.1046	99.5442	100
2:1:28:25	5	10	22	29.1046	99.5442	100
2:1:29:35	5	10	22	29.1046	99.5442	100
2:1:30:50	5	10	22	29.1046	99.5442	100
2:1:32:0	5	10	22	29.1046	99.5442	100
2:1:33:15	5	10	22	29.1046	99.5442	100
2:1:34:25	5	10	22	29.1046	99.5442	100
2:1:35:40	5	10	22	29.1046	99.5442	100
2:1:36:50	5	10	22	29.1046	99.5442	100
2:1:38:5	5	10	22	29.1046	99.5442	100
2:1:39:15	5	10	22	29.1046	99.5442	100
2:1:40:30	5	10	22	29.1046	99.5442	100
2:1:41:40	5	10	22	29.1046	99.5442	100
2:1:42:55	5	10	22	29.1046	99.5442	100
2:1:44:5	5	10	22	29.1046	99.5442	100
2:1:45:20	5	10	22	29.1046	99.5442	100
2:1:46:30	5	10	22	29.1046	99.5442	100
2:1:47:45	5	10	22	29.1046	99.5442	100
2:1:48:55	5	10	22	29.1046	99.5442	100
2:1:50:10	5	10	22	29.1046	99.5442	100
2:1:51:20	5	10	22	29.1046	99.5442	100
2:1:52:35	5	10	22	29.1046	99.5442	100
2:1:53:45	5	10	22	29.1046	99.5442	100
2:1:55:0	5	10	22	29.1046	99.5442	100
2:1:56:10	5	10	22	29.1046	99.5442	100
2:1:57:25	5	10	22	29.1046	99.5442	100
2:1:58:35	5	10	22	29.1046	99.5442	100
2:1:59:50	5	10	22	29.1046	99.5442	100
2:2:1:0	5	10	22	29.1046	99.5442	100
2:2:2:15	5	10	22	29.1046	99.5442	100
2:2:3:30	5	10	22	29.1046	99.5442	100
2:2:4:40	5	10	22	29.1046	99.5442	100
2:2:5:55	5	10	22	29.1046	99.5442	100
2:2:7:5	5	10	22	29.1046	99.5442	100
2:2:8:20	5	10	22	29.1046	99.5442	100
2:2:9:30	5	10	22	29.1046	99.5442	100
2:2:10:45	5	10	22	29.1046	99.5442	100
2:2:11:55	5	10	22	29.1046	99.5442	100
2:2:13:10	5	10	22	29.1046	99.5442	100
2:2:14:20	5	10	22	29.1046	99.5442	100
2:2:15:35	5	10	22	29.1046	99.5442	100
2:2:16:45	5	10	22	29.1046	99.5442	100
2:2:18:0	5	10	22	29.1046	99.5442	100
2:2:19:10	5	10	22	29.1046	99.5442	100
2:2:20:25	5	10	22	29.1046	99.5442	100
2:2:21:35	5	10	22	29.1046	99.5442	100
2:2:22:50	5	10	22	29.1046	99.5442	100
2:2:24:0	5	10	22	29.1046	99.5442	100
2:2:25:15	5	10	22	29.1046	99.5442	100
2:2:26:25	5	10	22	29.1046	99.5442	100
2:2:27:40	5	10	22	29.1046	99.5442	100
2:2:28:50	5	10	22	29.1046	99.5442	100
2:2:30:5	5	10	22	29.1046	99.5442	100
2:2:31:15	5	10	22	29.1046	99.5442	100
2:2:32:30	5	10	22	29.1046	99.5442	100
2:2:33:40	5	10	22	29.1046	99.5442	100
2:2:34:50	5	10	22	29.1046	99.5442	100
2:2:36:5	5	10	22	29.1046	99.5442	100
2:2:37:20	5	10	22	29.1046	99.5442	100
2:2:38:30	5	10	22	29.1046	99.5442	100
2:2:39:40	5	10	22	29.1046	99.5442	100
2:2:40:55	5	10	22	29.1046	99.5442	100
2:2:42:5	5	10	22	29.1046	99.5442	100
2:2:43:20	5	10	22	29.1046	99.5442	100
2:2:44:30	5	10	22	29.1046	99.5442	100
2:2:45:45	5	10	22	29.1046	99.5442	100
2:2:46:55	5	10	22	29.1046	99.5442	100
2:2:48:10	5	10	22	29.1046	99.5442	100
2:2:49:20	5	10	22	29.1046	99.5442	100
2:2:50:35	5	10	22	29.1046	99.5442	100
2:2:51:45	5	10	22	29.1046	99.5442	100
2:2:53:0	5	10	22	29.1046	99.5442	100
2:2:54:15	5	10	22	29.1046	99.5442	100
2:2:55:25	5	10	22	29.1046	99.5442	100
2:2:56:40	5	10	22	29.1046	99.5442	100
2:2:57:50	5	10	22	29.1046	99.5442	100
2:2:59:5	5	10	22	29.1046	99.5442	100
2:3:0:15	5	10	22	29.1046	99.5442	100
2:3:1:25	5	10	22	29.1046	99.5442	100
2:3:2:40	5	10	22	29.1046	99.5442	100
2:3:3:55	5	10	22	29.1046	99.5442	100
2:3:5:5	5	10	22	29.1046	99.5442	100
2:3:6:20	5	10	22	29.1046	99.5442	100
2:3:7:30	5	10	22	29.1046	99.5442	100
2:3:8:45	5	10	22	29.1046	99.5442	100
2:3:9:55	5	10	22	29.1046	99.5442	100
2:3:11:10	5	10	22	29.1046	99.5442	100
2:3:12:20	5	10	22	29.1046	99.5442	100
2:3:13:35	5	10	22	29.1046	99.5442	100
2:3:14:45	5	10	22	29.1046	99.5442	100
2:3:16:0	5	10	22	29.1046	99.5442	100
2:3:17:10	5	10	22	29.1046	99.5442	100
2:3:18:25	5	10	22	29.1046	99.5442	100
2:3:19:35	5	10	22	29.1046	99.5442	100
2:3:20:50	5	10	22	29.1046	99.5442	100
2:3:22:0	5	10	22	29.1046	99.5442	100
2:3:23:10	5	10	22	29.1046	99.5442	100
2:3:24:25	5	10	22	29.1046	99.5442	100
2:3:25:40	5	10	22	29.1046	99.5442	100
2:3:26:50	5	10	22	29.1046	99.5442	100
2:3:28:5	5	10	22	29.1046	99.5442	100
2:3:29:15	5	10	22	29.1046	99.5442	100
2:3:30:30	5	10	22	29.1046	99.5442	100
2:3:31:40	5	10	22	29.1046	99.5442	100
2:3:32:55	5	10	22	29.1046	99.5442	100
2:3:34:5	5	10	22	29.1046	99.5442	100
2:3:35:20	5	10	22	29.1046	99.5442	100
2:3:36:30	5	10	22	29.1046	99.5442	100
2:3:37:45	5	10	22	29.1046	99.5442	100
2:3:38:55	5	10	22	29.1046	99.5442	100
2:3:40:10	5	10	22	29.1046	99.5442	100
2:3:41:20	5	10	22	29.1046	99.5442	100
2:3:42:35	5	10	22	29.1046	99.5442	100
2:3:43:45	5	10	22	29.1046	99.5442	100
2:3:45:0	5	10	22	29.1046	99.5442	100
2:3:46:10	5	10	22	29.1046	99.5442	100
2:3:47:20	5	10	22	29.1046	99.5442	100
2:3:48:35	5	10	22	29.1046	99.5442	100
2:3:49:45	5	10	22	29.1046	99.5442	100
2:3:51:0	5	10	22	29.1046	99.5442	100
2:3:52:10	5	10	22	29.1046	99.5442	100
2:3:53:25	5	10	22	29.1046	99.5442	100
2:3:54:35	5	10	22	29.1046	99.5442	100
2:3:55:50	5	10	22	29.1046	99.5442	100
2:3:57:5	5	10	22	29.1046	99.5442	100
2:3:58:15	5	10	22	29.1046	99.5442	100
2:3:59:30	5	10	22	29.1046	99.5442	100
2:4:0:40	5	10	22	29.1046	99.5442	100
2:4:1:50	5	10	22	29.1046	99.5442	100
2:4:3:5	5	10	22	29.1046	99.5442	100
2:4:4:20	5	10	22	29.1046	99.5442	100
2:4:5:30	5	10	22	29.1046	99.5442	100
2:4:6:45	5	10	22	29.1046	99.5442	100
2:4:7:55	5	10	22	29.1046	99.5442	100
2:4:9:5	5	10	22	29.1046	99.5442	100
2:4:10:20	5	10	22	29.1046	99.5442	100
2:4:11:30	5	10	22	29.1046	99.5442	100
2:4:12:45	5	10	22	29.1046	99.5442	100
2:4:13:55	5	10	22	29.1046	99.5442	100
2:4:15:10	5	10	22	29.1046	99.5442	100
2:4:16:20	5	10	22	29.1046	99.5442	100
2:4:17:35	5	10	22	29.1046	99.5442	100
2:4:18:45	5	10	22	29.1046	99.5442	100
2:4:20:0	5	10	22	29.1046	99.5442	100
2:4:21:10	5	10	22	29.1046	99.5442	100
2:4:22:25	5	10	22	29.1046	99.5442	100
2:4:23:35	5	10	22	29.1046	99.5442	100
2:4:24:50	5	10	22	29.1046	99.5442	100
2:4:26:5	5	10	22	29.1046	99.5442	100
2:4:27:15	5	10	22	29.1046	99.5442	100
2:4:28:25	5	10	22	29.1046	99.5442	100
2:4:29:40	5	10	22	29.1046	99.5442	100
2:4:30:50	5	10	22	29.1046	99.5442	100
2:4:32:5	5	10	22	29.1046	99.5442	100
2:4:33:15	5	10	22	29.1046	99.5442	100
2:4:34:30	5	10	22	29.1046	99.5442	100
2:4:35:40	5	10	22	29.1046	99.5442	100
2:4:36:55	5	10	22	29.1046	99.5442	100
2:4:38:5	5	10	22	29.1046	99.5442	100
2:4:39:20	5	10	22	29.1046	99.5442	100
2:4:40:30	5	10	22	29.1046	99.5442	100
2:4:41:45	5	10	22	29.1046	99.5442	100
2:4:42:55	5	10	22	29.1046	99.5442	100
2:4:44:10	5	10	22	29.1046	99.5442	100
2:4:45:20	5	10	22	29.1046	99.5442	100
2:4:46:35	5	10	22	29.1046	99.5442	100
2:4:47:45	5	10	22	29.1046	99.5442	100
2:4:49:0	5	10	22	29.1046	99.5442	100
2:4:50:10	5	10	22	29.1046	99.5442	100
2:4:51:25	5	10	22	29.1046	99.5442	100
2:4:52:35	5	10	22	29.1046	99.5442	100
2:4:53:50	5	10	22	29.1046	99.5442	100
2:4:55:0	5	10	22	29.1046	99.5442	100
2:4:56:15	5	10	22	29.1046	99.5442	100
2:4:57:25	5	10	22	29.1046	99.5442	100
2:4:58:40	5	10	22	29.1046	99.5442	100
2:4:59:50	5	10	22	29.1046	99.5442	100
2:5:1:5	5	10	22	29.1046	99.5442	100
2:5:2:15	5	10	22	29.1046	99.5442	100
2:5:3:30	5	10	22	29.1046	99.5442	100
2:5:4:40	5	10	22	29.1046	99.5442	100
2:5:5:55	5	10	22	29.1046	99.5442	100
2:5:7:5	5	10	22	29.1046	99.5442	100
2:5:8:20	5	10	22	29.1046	99.5442	100
2:5:9:30	5	10	22	29.1046	99.5442	100
2:5:10:45	5	10	22	29.1046	99.5442	100
2:5:11:55	5	10	22	29.1046	99.5442	100
2:5:13:10	5	10	22	29.1046	99.5442	100
2:5:14:20	5	10	22	29.1046	99.5442	100
2:5:15:35	5	10	22	29.1046	99.5442	100
2:5:16:45	5	10	22	29.1046	99.5442	100
2:5:18:0	5	10	22	29.1046	99.5442	100
2:5:19:10	5	10	22	29.1046	99.5442	100
2:5:20:25	5	10	22	29.1046	99.5442	100
2:5:21:35	5	10	22	29.1046	99.5442	100
2:5:22:50	5	10	22	29.1046	99.5442	100
2:5:24:0	5	10	22	29.1046	99.5442	100
2:5:25:15	5	10	22	29.1046	99.5442	100
2:5:26:25	5	10	22	29.1046	99.5442	100
2:5:27:40	5	10	22	29.1046	99.5442	100
2:5:28:50	5	10	22	29.1046	99.5442	100
2:5:30:5	5	10	22	29.1046	99.5442	100
2:5:31:15	5	10	22	29.1046	99.5442	100
2:5:32:30	5	10	22	29.1046	99.5442	100
2:5:33:40	5	10	22	29.1046	99.5442	100
2:5:34:55	5	10	22	29.1046	99.5442	100
2:5:36:5	5	10	22	29.1046	99.5442	100
2:5:37:20	5	10	22	29.1046	99.5442	100
2:5:38:30	5	10	22	29.1046	99.5442	100
2:5:39:45	5	10	22	29.1046	99.5442	100
2:5:40:55	5	10	22	29.1046	99.5442	100
2:5:42:10	5	10	22	29.1046	99.5442	100
2:5:43:20	5	10	22	29.1046	99.5442	100
2:5:44:35	5	10	22	29.1046	99.5442	100
2:5:45:45	5	10	22	29.1046	99.5442	100
2:5:47:0	5	10	22	29.1046	99.5442	100
2:5:48:10	5	10	22	29.1046	99.5442	100
2:5:49:25	5	10	22	29.1046	99.5442	100
2:5:50:35	5	10	22	29.1046	99.5442	100
2:5:51:50	5	10	22	29.1046	99.5442	100
2:5:53:0	5	10	22	29.1046	99.5442	100
2:5:54:15	5	10	22	29.1046	99.5442	100
2:5:55:25	5	10	22	29.1046	99.5442	100
2:5:56:40	5	10	22	29.1046	99.5442	100
2:5:57:50	5	10	22	29.1046	99.5442	100
2:5:59:5	5	10	22	29.1046	99.5442	100
2:6:0:15	5	10	22	29.1046	99.5442	100
2:6:1:30	5	10	22	29.1046	99.5442	100
2:6:2:40	5	10	22	29.1046	99.5442	100
2:6:3:55	5	10	22	29.1046	99.5442	100
2:6:5:5	5	10	22	29.1046	99.5442	100
2:6:6:20	5	10	22	29.1046	99.5442	100
2:6:7:30	5	10	22	29.1046	99.5442	100
2:6:8:45	5	10	22	29.1046	99.5442	100
2:6:9:55	5	10	22	29.1046	99.5442	100
2:6:11:10	5	10	22	29.1046	99.5442	100
2:6:12:20	5	10	22	29.1046	99.5442	100
2:6:13:35	5	10	22	29.1046	99.5442	100
2:6:14:45	5	10	22	29.1046	99.5442	100
2:6:16:0	5	10	22	29.1046	99.5442	100
2:6:17:10	5	10	22	29.1046	99.5442	100
2:6:18:25	5	10	22	29.1046	99.5442	100
2:6:19:35	5	10	22	29.1046	99.5442	100
2:6:20:50	5	10	22	29.1046	99.5442	100
2:6:22:0	5	10	22	29.1046	99.5442	100
2:6:23:15	5	10	22	29.1046	99.5442	100
2:6:24:30	5	10	22	29.1046	99.5442	100
2:6:25:40	5	10	22	29.1046	99.5442	100
2:6:26:55	5	10	22	29.1046	99.5442	100
2:6:28:5	5	10	22	29.1046	99.5442	100
2:6:29:20	5	10	22	29.1046	99.5442	100
2:6:30:30	5	10	22	29.1046	99.5442	100
2:6:31:45	5	10	22	29.1046	99.5442	100
2:6:32:55	5	10	22	29.1046	99.5442	100
2:6:34:10	5	10	22	29.1046	99.5442	100
2:6:35:20	5	10	22	29.1046	99.5442	100
2:6:36:35	5	10	22	29.1046	99.5442	100
2:6:37:45	5	10	22	29.1046	99.5442	100
2:6:39:0	5	10	22	29.1046	99.5442	100
2:6:40:10	5	10	22	29.1046	99.5442	100
2:6:41:25	5	10	22	29.1046	99.5442	100
2:6:42:35	5	10	22	29.1046	99.5442	100
2:6:43:50	5	10	22	29.1046	99.5442	100
2:6:45:0	5	10	22	29.1046	99.5442	100
2:6:46:15	5	10	22	29.1046	99.5442	100
2:6:47:25	5	10	22	29.1046	99.5442	100
2:6:48:40	5	10	22	29.1046	99.5442	100
2:6:49:55	5	10	22	29.1046	99.5442	100
2:6:51:5	5	10	22	29.1046	99.5442	100
2:6:52:20	5	10	22	29.1046	99.5442	100
2:6:53:30	5	10	22	29.1046	99.5442	100
2:6:54:45	5	10	22	29.1046	99.5442	100
2:6:55:55	5	10	22	29.1046	99.5442	100
2:6:57:10	5	10	22	29.1046	99.5442	100
2:6:58:20	5	10	22	29.1046	99.5442	100
2:6:59:35	5	10	22	29.1046	99.5442	100
2:7:0:45	5	10	22	29.1046	99.5442	100
2:7:2:0	5	10	22	29.1046	99.5442	100
2:7:3:10	5	10	22	29.1046	99.5442	100
2:7:4:25	5	10	22	29.1046	99.5442	100
2:7:5:35	5	10	22	29.1046	99.5442	100
2:7:6:50	5	10	22	29.1046	99.5442	100
2:7:8:0	5	10	22	29.1046	99.5442	100
2:7:9:10	5	10	22	29.1046	99.5442	100
2:7:10:25	5	10	22	29.1046	99.5442	100
2:7:11:40	5	10	22	29.1046	99.5442	100
2:7:12:50	5	10	22	29.1046	99.5442	100
2:7:14:5	5	10	22	29.1046	99.5442	100
2:7:15:15	5	10	22	29.1046	99.5442	100
2:7:16:25	5	10	22	29.1046	99.5442	100
2:7:17:40	5	10	22	29.1046	99.5442	100
2:7:18:55	5	10	22	29.1046	99.5442	100
2:7:20:5	5	10	22	29.1046	99.5442	100
2:7:21:20	5	10	22	29.1046	99.5442	100
2:7:22:30	5	10	22	29.1046	99.5442	100
2:7:23:45	5	10	22	29.1046	99.5442	100
2:7:24:55	5	10	22	29.1046	99.5442	100
2:7:26:10	5	10	22	29.1046	99.5442	100
2:7:27:20	5	10	22	29.1046	99.5442	100
2:7:28:35	5	10	22	29.1046	99.5442	100
2:7:29:45	5	10	22	29.1046	99.5442	100
2:7:31:0	5	10	22	29.1046	99.5442	100
2:7:32:10	5	10	22	29.1046	99.5442	100
2:7:33:25	5	10	22	29.1046	99.5442	100
2:7:34:35	5	10	22	29.1046	99.5442	100
2:7:35:50	5	10	22	29.1046	99.5442	100
2:7:37:0	5	10	22	29.1046	99.5442	100
2:7:38:15	5	10	22	29.1046	99.5442	100
2:7:39:25	5	10	22	29.1046	99.5442	100
2:7:40:40	5	10	22	29.1046	99.5442	100
2:7:41:50	5	10	22	29.1046	99.5442	100
2:7:43:5	5	10	22	29.1046	99.5442	100
2:7:44:15	5	10	22	29.1046	99.5442	100
2:7:45:30	5	10	22	29.1046	99.5442	100
2:7:46:40	5	10	22	29.1046	99.5442	100
2:7:47:55	5	10	22	29.1046	99.5442	100
2:7:49:5	5	10	22	29.1046	99.5442	100
2:7:50:20	5	10	22	29.1046	99.5442	100
2:7:51:30	5	10	22	29.1046	99.5442	100
2:7:52:45	5	10	22	29.1046	99.5442	100
2:7:53:55	5	10	22	29.1046	99.5442	100
2:7:55:10	5	10	22	29.1046	99.5442	100
2:7:56:20	5	10	22	29.1046	99.5442	100
2:7:57:35	5	10	22	29.1046	99.5442	100
2:7:58:45	5	10	22	29.1046	99.5442	100
2:8:0:0	5	10	22	29.1046	99.5442	100
2:8:1:10	5	10	22	29.1046	99.5442	100
2:8:2:25	5	10	22	29.1046	99.5442	100
2:8:3:35	5	10	22	29.1046	99.5442	100
2:8:4:50	5	10	22	29.1046	99.5442	100
2:8:6:0	5	10	22	29.1046	99.5442	100
2:8:7:15	5	10	22	29.1046	99.5442	100
2:8:8:25	5	10	22	29.1046	99.5442	100
2:8:9:40	5	10	22	29.1046	99.5442	100
2:8:10:50	5	10	22	29.1046	99.5442	100
2:8:12:5	5	10	22	29.1046	99.5442	100
2:8:13:20	5	10	22	29.1046	99.5442	100
2:8:14:30	5	10	22	29.1046	99.5442	100
2:8:15:45	5	10	22	29.1046	99.5442	100
2:8:16:55	5	10	22	29.1046	99.5442	100
2:8:18:10	5	10	22	29.1046	99.5442	100
2:8:19:20	5	10	22	29.1046	99.5442	100
2:8:20:35	5	10	22	29.1046	99.5442	100
2:8:21:45	5	10	22	29.1046	99.5442	100
2:8:23:0	5	10	22	29.1046	99.5442	100
2:8:24:10	5	10	22	29.1046	99.5442	100
2:8:25:25	5	10	22	29.1046	99.5442	100
2:8:26:35	5	10	22	29.1046	99.5442	100
2:8:27:50	5	10	22	29.1046	99.5442	100
2:8:29:0	5	10	22	29.1046	99.5442	100
2:8:30:15	5	10	22	29.1046	99.5442	100
2:8:31:25	5	10	22	29.1046	99.5442	100
2:8:32:40	5	10	22	29.1046	99.5442	100
2:8:33:50	5	10	22	29.1046	99.5442	100
2:8:35:5	5	10	22	29.1046	99.5442	100
2:8:36:15	5	10	22	29.1046	99.5442	100
2:8:37:30	5	10	22	29.1046	99.5442	100
2:8:38:40	5	10	22	29.1046	99.5442	100
2:8:39:55	5	10	22	29.1046	99.5442	100
2:8:41:5	5	10	22	29.1046	99.5442	100
2:8:42:20	5	10	22	29.1046	99.5442	100
2:8:43:30	5	10	22	29.1046	99.5442	100
2:8:44:45	5	10	22	29.1046	99.5442	100
2:8:45:55	5	10	22	29.1046	99.5442	100
2:8:47:10	5	10	22	29.1046	99.5442	100
2:8:48:20	5	10	22	29.1046	99.5442	100
2:8:49:35	5	10	22	29.1046	99.5442	100
2:8:50:45	5	10	22	29.1046	99.5442	100
2:8:52:0	5	10	22	29.1046	99.5442	100
2:8:53:10	5	10	22	29.1046	99.5442	100
2:8:54:25	5	10	22	29.1046	99.5442	100
2:8:55:35	5	10	22	29.1046	99.5442	100
2:8:56:50	5	10	22	29.1046	99.5442	100
2:8:58:0	5	10	22	29.1046	99.5442	100
2:8:59:15	5	10	22	29.1046	99.5442	100
2:9:0:25	5	10	22	29.1046	99.5442	100
2:9:1:40	5	10	22	29.1046	99.5442	100
2:9:2:55	5	10	22	29.1046	99.5442	100
2:9:4:5	5	10	22	29.1046	99.5442	100
2:9:5:20	5	10	22	29.1046	99.5442	100
2:9:6:30	5	10	22	29.1046	99.5442	100
2:9:7:45	5	10	22	29.1046	99.5442	100
2:9:8:55	5	10	22	29.1046	99.5442	100
2:9:10:10	5	10	22	29.1046	99.5442	100
2:9:11:20	5	10	22	29.1046	99.5442	100
2:9:12:35	5	10	22	29.1046	99.5442	100
2:9:13:45	5	10	22	29.1046	99.5442	100
2:9:15:0	5	10	22	29.1046	99.5442	100
2:9:16:10	5	10	22	29.1046	99.5442	100
2:9:17:25	5	10	22	29.1046	99.5442	100
2:9:18:35	5	10	22	29.1046	99.5442	100
2:9:19:50	5	10	22	29.1046	99.5442	100
2:9:21:0	5	10	22	29.1046	99.5442	100
2:9:22:15	5	10	22	29.1046	99.5442	100
2:9:23:25	5	10	22	29.1046	99.5442	100
2:9:24:40	5	10	22	29.1046	99.5442	100
2:9:25:50	5	10	22	29.1046	99.5442	100
2:9:27:5	5	10	22	29.1046	99.5442	100
2:9:28:15	5	10	22	29.1046	99.5442	100
2:9:29:30	5	10	22	29.1046	99.5442	100
2:9:30:40	5	10	22	29.1046	99.5442	100
2:9:31:55	5	10	22	29.1046	99.5442	100
2:9:33:5	5	10	22	29.1046	99.5442	100
2:9:34:20	5	10	22	29.1046	99.5442	100
2:9:35:30	5	10	22	29.1046	99.5442	100
2:9:36:45	5	10	22	29.1046	99.5442	100
2:9:37:55	5	10	22	29.1046	99.5442	100
2:9:39:10	5	10	22	29.1046	99.5442	100
2:9:40:20	5	10	22	29.1046	99.5442	100
2:9:41:35	5	10	22	29.1046	99.5442	100
2:9:42:45	5	10	22	29.1046	99.5442	100
2:9:44:0	5	10	22	29.1046	99.5442	100
2:9:45:10	5	10	22	29.1046	99.5442	100
2:9:46:25	5	10	22	29.1046	99.5442	100
2:9:47:35	5	10	22	29.1046	99.5442	100
2:9:48:50	5	10	22	29.1046	99.5442	100
2:9:50:0	5	10	22	29.1046	99.5442	100
2:9:51:15	5	10	22	29.1046	99.5442	100
2:9:52:25	5	10	22	29.1046	99.5442	100
2:9:53:40	5	10	22	29.1046	99.5442	100
2:9:54:50	5	10	22	29.1046	99.5442	100
2:9:56:5	5	10	22	29.1046	99.5442	100
2:9:57:20	5	10	22	29.1046	99.5442	100
2:9:58:30	5	10	22	29.1046	99.5442	100
2:9:59:40	5	10	22	29.1046	99.5442	100
2:10:0:55	5	10	22	29.1046	99.5442	100
2:10:2:5	5	10	22	29.1046	99.5442	100
2:10:3:20	5	10	22	29.1046	99.5442	100
2:10:4:30	5	10	22	29.1046	99.5442	100
2:10:5:45	5	10	22	29.1046	99.5442	100
2:10:7:0	5	10	22	29.1046	99.5442	100
2:10:8:10	5	10	22	29.1046	99.5442	100
2:10:9:25	5	10	22	29.1046	99.5442	100
2:10:10:35	5	10	22	29.1046	99.5442	100
2:10:11:50	5	10	22	29.1046	99.5442	100
2:10:13:0	5	10	22	29.1046	99.5442	100
2:10:14:15	5	10	22	29.1046	99.5442	100
2:10:15:25	5	10	22	29.1046	99.5442	100
2:10:16:40	5	10	22	29.1046	99.5442	100
2:10:17:50	5	10	22	29.1046	99.5442	100
2:10:19:5	5	10	22	29.1046	99.5442	100
2:10:20:15	5	10	22	29.1046	99.5442	100
2:10:21:30	5	10	22	29.1046	99.5442	100
2:10:22:40	5	10	22	29.1046	99.5442	100
2:10:23:55	5	10	22	29.1046	99.5442	100
2:10:25:5	5	10	22	29.1046	99.5442	100
2:10:26:20	5	10	22	29.1046	99.5442	100
2:10:27:30	5	10	22	29.1046	99.5442	100
2:10:28:45	5	10	22	29.1046	99.5442	100
2:10:29:55	5	10	22	29.1046	99.5442	100
2:10:31:10	5	10	22	29.1046	99.5442	100
2:10:32:20	5	10	22	29.1046	99.5442	100
2:10:33:35	5	10	22	29.1046	99.5442	100
2:10:34:45	5	10	22	29.1046	99.5442	100
2:10:36:0	5	10	22	29.1046	99.5442	100
2:10:37:10	5	10	22	29.1046	99.5442	100
2:10:38:25	5	10	22	29.1046	99.5442	100
2:10:39:35	5	10	22	29.1046	99.5442	100
2:10:40:50	5	10	22	29.1046	99.5442	100
2:10:42:0	5	10	22	29.1046	99.5442	100
2:10:43:15	5	10	22	29.1046	99.5442	100
2:10:44:25	5	10	22	29.1046	99.5442	100
2:10:45:40	5	10	22	29.1046	99.5442	100
2:10:46:50	5	10	22	29.1046	99.5442	100
2:10:48:5	5	10	22	29.1046	99.5442	100
2:10:49:20	5	10	22	29.1046	99.5442	100
2:10:50:30	5	10	22	29.1046	99.5442	100
2:10:51:45	5	10	22	29.1046	99.5442	100
2:10:52:55	5	10	22	29.1046	99.5442	100
2:10:54:10	5	10	22	29.1046	99.5442	100
2:10:55:20	5	10	22	29.1046	99.5442	100
2:10:56:35	5	10	22	29.1046	99.5442	100
2:10:57:45	5	10	22	29.1046	99.5442	100
2:10:59:0	5	10	22	29.1046	99.5442	100
2:11:0:10	5	10	22	29.1046	99.5442	100
2:11:1:20	5	10	22	29.1046	99.5442	100
2:11:2:35	5	10	22	29.1046	99.5442	100
2:11:3:50	5	10	22	29.1046	99.5442	100
2:11:5:0	5	10	22	29.1046	99.5442	100
2:11:6:15	5	10	22	29.1046	99.5442	100
2:11:7:25	5	10	22	29.1046	99.5442	100
2:11:8:40	5	10	22	29.1046	99.5442	100
2:11:9:50	5	10	22	29.1046	99.5442	100
2:11:11:5	5	10	22	29.1046	99.5442	100
2:11:12:15	5	10	22	29.1046	99.5442	100
2:11:13:30	5	10	22	29.1046	99.5442	100
2:11:14:40	5	10	22	29.1046	99.5442	100
2:11:15:55	5	10	22	29.1046	99.5442	100
2:11:17:5	5	10	22	29.1046	99.5442	100
2:11:18:20	5	10	22	29.1046	99.5442	100
2:11:19:30	5	10	22	29.1046	99.5442	100
2:11:20:45	5	10	22	29.1046	99.5442	100
2:11:21:55	5	10	22	29.1046	99.5442	100
2:11:23:10	5	10	22	29.1046	99.5442	100
2:11:24:20	5	10	22	29.1046	99.5442	100
2:11:25:35	5	10	22	29.1046	99.5442	100
2:11:26:45	5	10	22	29.1046	99.5442	100
2:11:28:0	5	10	22	29.1046	99.5442	100
2:11:29:10	5	10	22	29.1046	99.5442	100
2:11:30:25	5	10	22	29.1046	99.5442	100
2:11:31:40	5	10	22	29.1046	99.5442	100
2:11:32:50	5	10	22	29.1046	99.5442	100
2:11:34:5	5	10	22	29.1046	99.5442	100
2:11:35:15	5	10	22	29.1046	99.5442	100
2:11:36:30	5	10	22	29.1046	99.5442	100
2:11:37:40	5	10	22	29.1046	99.5442	100
2:11:38:55	5	10	22	29.1046	99.5442	100
2:11:40:5	5	10	22	29.1046	99.5442	100
2:11:41:20	5	10	22	29.1046	99.5442	100
2:11:42:30	5	10	22	29.1046	99.5442	100
2:11:43:45	5	10	22	29.1046	99.5442	100
2:11:44:55	5	10	22	29.1046	99.5442	100
2:11:46:10	5	10	22	29.1046	99.5442	100
2:11:47:20	5	10	22	29.1046	99.5442	100
2:11:48:35	5	10	22	29.1046	99.5442	100
2:11:49:45	5	10	22	29.1046	99.5442	100
2:11:51:0	5	10	22	29.1046	99.5442	100
2:11:52:10	5	10	22	29.1046	99.5442	100
2:11:53:25	5	10	22	29.1046	99.5442	100
2:11:54:35	5	10	22	29.1046	99.5442	100
2:11:55:50	5	10	22	29.1046	99.5442	100
2:11:57:0	5	10	22	29.1046	99.5442	100
2:11:58:15	5	10	22	29.1046	99.5442	100
2:11:59:25	5	10	22	29.1046	99.5442	100
2:12:0:40	5	10	22	29.1046	99.5442	100
2:12:1:50	5	10	22	29.1046	99.5442	100
2:12:3:5	5	10	22	29.1046	99.5442	100
2:12:4:15	5	10	22	29.1046	99.5442	100
2:12:5:30	5	10	22	29.1046	99.5442	100
2:12:6:40	5	10	22	29.1046	99.5442	100
2:12:7:55	5	10	22	29.1046	99.5442	100
2:12:9:10	5	10	22	29.1046	99.5442	100
2:12:10:20	5	10	22	29.1046	99.5442	100
2:12:11:30	5	10	22	29.1046	99.5442	100
2:12:12:45	5	10	22	29.1046	99.5442	100
2:12:13:55	5	10	22	29.1046	99.5442	100
2:12:15:10	5	10	22	29.1046	99.5442	100
2:12:16:20	5	10	22	29.1046	99.5442	100
2:12:17:35	5	10	22	29.1046	99.5442	100
2:12:18:45	5	10	22	29.1046	99.5442	100
2:12:20:0	5	10	22	29.1046	99.5442	100
2:12:21:10	5	10	22	29.1046	99.5442	100
2:12:22:25	5	10	22	29.1046	99.5442	100
2:12:23:40	5	10	22	29.1046	99.5442	100
2:12:24:50	5	10	22	29.1046	99.5442	100
2:12:26:0	5	10	22	29.1046	99.5442	100
2:12:27:15	5	10	22	29.1046	99.5442	100
2:12:28:30	5	10	22	29.1046	99.5442	100
2:12:29:40	5	10	22	29.1046	99.5442	100
2:12:30:55	5	10	22	29.1046	99.5442	100
2:12:32:5	5	10	22	29.1046	99.5442	100
2:12:33:20	5	10	22	29.1046	99.5442	100
2:12:34:30	5	10	22	29.1046	99.5442	100
2:12:35:45	5	10	22	29.1046	99.5442	100
2:12:36:55	5	10	22	29.1046	99.5442	100
2:12:38:10	5	10	22	29.1046	99.5442	100
2:12:39:20	5	10	22	29.1046	99.5442	100
2:12:40:35	5	10	22	29.1046	99.5442	100
2:12:41:50	5	10	22	29.1046	99.5442	100
2:12:43:0	5	10	22	29.1046	99.5442	100
2:12:44:15	5	10	22	29.1046	99.5442	100
2:12:45:30	5	10	22	29.1046	99.5442	100
2:12:46:45	5	10	22	29.1046	99.5442	100
2:12:47:55	5	10	22	29.1046	99.5442	100
2:12:49:10	5	10	22	29.1046	99.5442	100
2:12:50:20	5	10	22	29.1046	99.5442	100
2:12:51:35	5	10	22	29.1046	99.5442	100
2:12:52:45	5	10	22	29.1046	99.5442	100
2:12:54:0	5	10	22	29.1046	99.5442	100
2:12:55:10	5	10	22	29.1046	99.5442	100
2:12:56:25	5	10	22	29.1046	99.5442	100
2:12:57:40	5	10	22	29.1046	99.5442	100
2:12:58:50	5	10	22	29.1046	99.5442	100
2:13:0:5	5	10	22	29.1046	99.5442	100
2:13:1:15	5	10	22	29.1046	99.5442	100
2:13:2:30	5	10	22	29.1046	99.5442	100
2:13:3:45	5	10	22	29.1046	99.5442	100
2:13:4:55	5	10	22	29.1046	99.5442	100
2:13:6:10	5	10	22	29.1046	99.5442	100
2:13:7:20	5	10	22	29.1046	99.5442	100
2:13:8:35	5	10	22	29.1046	99.5442	100
2:13:9:45	5	10	22	29.1046	99.5442	100
2:13:11:0	5	10	22	29.1046	99.5442	100
2:13:12:10	5	10	22	29.1046	99.5442	100
2:13:13:25	5	10	22	29.1046	99.5442	100
2:13:14:40	5	10	22	29.1046	99.5442	100
2:13:15:50	5	10	22	29.1046	99.5442	100
2:13:17:5	5	10	22	29.1046	99.5442	100
2:13:18:15	5	10	22	29.1046	99.5442	100
2:13:19:30	5	10	22	29.1046	99.5442	100
2:13:20:45	5	10	22	29.1046	99.5442	100
2:13:21:55	5	10	22	29.1046	99.5442	100
2:13:23:10	5	10	22	29.1046	99.5442	100
2:13:24:20	5	10	22	29.1046	99.5442	100
2:13:25:35	5	10	22	29.1046	99.5442	100
2:13:26:45	5	10	22	29.1046	99.5442	100
2:13:28:0	5	10	22	29.1046	99.5442	100
2:13:29:10	5	10	22	29.1046	99.5442	100
2:13:30:25	5	10	22	29.1046	99.5442	100
2:13:31:40	5	10	22	29.1046	99.5442	100
2:13:32:50	5	10	22	29.1046	99.5442	100
2:13:34:5	5	10	22	29.1046	99.5442	100
2:13:35:15	5	10	22	29.1046	99.5442	100
2:13:36:30	5	10	22	29.1046	99.5442	100
2:13:37:45	5	10	22	29.1046	99.5442	100
2:13:38:55	5	10	22	29.1046	99.5442	100
2:13:40:10	5	10	22	29.1046	99.5442	100
2:13:41:20	5	10	22	29.1046	99.5442	100
2:13:42:35	5	10	22	29.1046	99.5442	100
2:13:43:45	5	10	22	29.1046	99.5442	100
2:13:45:0	5	10	22	29.1046	99.5442	100
2:13:46:10	5	10	22	29.1046	99.5442	100
2:13:47:25	5	10	22	29.1046	99.5442	100
2:13:48:40	5	10	22	29.1046	99.5442	100
2:13:49:50	5	10	22	29.1046	99.5442	100
2:13:51:5	5	10	22	29.1046	99.5442	100
2:13:52:15	5	10	22	29.1046	99.5442	100
2:13:53:30	5	10	22	29.1046	99.5442	100
2:13:54:40	5	10	22	29.1046	99.5442	100
2:13:55:55	5	10	22	29.1046	99.5442	100
2:13:57:10	5	10	22	29.1046	99.5442	100
2:13:58:20	5	10	22	29.1046	99.5442	100
2:13:59:35	5	10	22	29.1046	99.5442	100
2:14:0:45	5	10	22	29.1046	99.5442	100
2:14:2:0	5	10	22	29.1046	99.5442	100
2:14:3:10	5	10	22	29.1046	99.5442	100
2:14:4:25	5	10	22	29.1046	99.5442	100
2:14:5:40	5	10	22	29.1046	99.5442	100
2:14:6:50	5	10	22	29.1046	99.5442	100
2:14:8:5	5	10	22	29.1046	99.5442	100
2:14:9:15	5	10	22	29.1046	99.5442	100
2:14:10:30	5	10	22	29.1046	99.5442	100
2:14:11:40	5	10	22	29.1046	99.5442	100
2:14:12:55	5	10	22	29.1046	99.5442	100
2:14:14:10	5	10	22	29.1046	99.5442	100
2:14:15:20	5	10	22	29.1046	99.5442	100
2:14:16:35	5	10	22	29.1046	99.5442	100
2:14:17:45	5	10	22	29.1046	99.5442	100
2:14:19:0	5	10	22	29.1046	99.5442	100
2:14:20:10	5	10	22	29.1046	99.5442	100
2:14:21:25	5	10	22	29.1046	99.5442	100
2:14:22:35	5	10	22	29.1046	99.5442	100
2:14:23:50	5	10	22	29.1046	99.5442	100
2:14:25:5	5	10	22	29.1046	99.5442	100
2:14:26:15	5	10	22	29.1046	99.5442	100
2:14:27:30	5	10	22	29.1046	99.5442	100
2:14:28:40	5	10	22	29.1046	99.5442	100
2:14:29:55	5	10	22	29.1046	99.5442	100
2:14:31:5	5	10	22	29.1046	99.5442	100
2:14:32:20	5	10	22	29.1046	99.5442	100
2:14:33:30	5	10	22	29.1046	99.5442	100
2:14:34:45	5	10	22	29.1046	99.5442	100
2:14:35:55	5	10	22	29.1046	99.5442	100
2:14:37:10	5	10	22	29.1046	99.5442	100
2:14:38:25	5	10	22	29.1046	99.5442	100
2:14:39:35	5	10	22	29.1046	99.5442	100
2:14:40:50	5	10	22	29.1046	99.5442	100
2:14:42:0	5	10	22	29.1046	99.5442	100
2:14:43:15	5	10	22	29.1046	99.5442	100
2:14:44:25	5	10	22	29.1046	99.5442	100
2:14:45:40	5	10	22	29.1046	99.5442	100
2:14:46:50	5	10	22	29.1046	99.5442	100
2:14:48:5	5	10	22	29.1046	99.5442	100
2:14:49:20	5	10	22	29.1046	99.5442	100
2:14:50:30	5	10	22	29.1046	99.5442	100
2:14:51:45	5	10	22	29.1046	99.5442	100
2:14:52:55	5	10	22	29.1046	99.5442	100
2:14:54:10	5	10	22	29.1046	99.5442	100
2:14:55:20	5	10	22	29.1046	99.5442	100
2:14:56:35	5	10	22	29.1046	99.5442	100
2:14:57:45	5	10	22	29.1046	99.5442	100
2:14:59:0	5	10	22	29.1046	99.5442	100
2:15:0:15	5	10	22	29.1046	99.5442	100
2:15:1:25	5	10	22	29.1046	99.5442	100
2:15:2:40	5	10	22	29.1046	99.5442	100
2:15:3:50	5	10	22	29.1046	99.5442	100
2:15:5:5	5	10	22	29.1046	99.5442	100
2:15:6:20	5	10	22	29.1046	99.5442	100
2:15:7:30	5	10	22	29.1046	99.5442	100
2:15:8:45	5	10	22	29.1046	99.5442	100
2:15:9:55	5	10	22	29.1046	99.5442	100
2:15:11:10	5	10	22	29.1046	99.5442	100
2:15:12:20	5	10	22	29.1046	99.5442	100
2:15:13:35	5	10	22	29.1046	99.5442	100
2:15:14:50	5	10	22	29.1046	99.5442	100
2:15:16:0	5	10	22	29.1046	99.5442	100
2:15:17:15	5	10	22	29.1046	99.5442	100
2:15:18:25	5	10	22	29.1046	99.5442	100
2:15:19:40	5	10	22	29.1046	99.5442	100
2:15:20:55	5	10	22	29.1046	99.5442	100
2:15:22:5	5	10	22	29.1046	99.5442	100
2:15:23:20	5	10	22	29.1046	99.5442	100
2:15:24:30	5	10	22	29.1046	99.5442	100
2:15:25:45	5	10	22	29.1046	99.5442	100
2:15:26:55	5	10	22	29.1046	99.5442	100
2:15:28:10	5	10	22	29.1046	99.5442	100
2:15:29:25	5	10	22	29.1046	99.5442	100
2:15:30:35	5	10	22	29.1046	99.5442	100
2:15:31:50	5	10	22	29.1046	99.5442	100
2:15:33:0	5	10	22	29.1046	99.5442	100
2:15:34:15	5	10	22	29.1046	99.5442	100
2:15:35:25	5	10	22	29.1046	99.5442	100
2:15:36:40	5	10	22	29.1046	99.5442	100
2:15:37:50	5	10	22	29.1046	99.5442	100
2:15:39:5	5	10	22	29.1046	99.5442	100
2:15:40:20	5	10	22	29.1046	99.5442	100
2:15:41:30	5	10	22	29.1046	99.5442	100
2:15:42:45	5	10	22	29.1046	99.5442	100
2:15:43:55	5	10	22	29.1046	99.5442	100
2:15:45:10	5	10	22	29.1046	99.5442	100
2:15:46:20	5	10	22	29.1046	99.5442	100
2:15:47:35	5	10	22	29.1046	99.5442	100
2:15:48:45	5	10	22	29.1046	99.5442	100
2:15:50:0	5	10	22	29.1046	99.5442	100
2:15:51:15	5	10	22	29.1046	99.5442	100
2:15:52:25	5	10	22	29.1046	99.5442	100
2:15:53:40	5	10	22	29.1046	99.5442	100
2:15:54:50	5	10	22	29.1046	99.5442	100
2:15:56:5	5	10	22	29.1046	99.5442	100
2:15:57:15	5	10	22	29.1046	99.5442	100
2:15:58:30	5	10	22	29.1046	99.5442	100
2:15:59:45	5	10	22	29.1046	99.5442	100
2:16:0:55	5	10	22	29.1046	99.5442	100
2:16:2:10	5	10	22	29.1046	99.5442	100
2:16:3:20	5	10	22	29.1046	99.5442	100
2:16:4:35	5	10	22	29.1046	99.5442	100
2:16:5:45	5	10	22	29.1046	99.5442	100
2:16:7:0	5	10	22	29.1046	99.5442	100
2:16:8:15	5	10	22	29.1046	99.5442	100
2:16:9:25	5	10	22	29.1046	99.5442	100
2:16:10:40	5	10	22	29.1046	99.5442	100
2:16:11:50	5	10	22	29.1046	99.5442	100
2:16:13:5	5	10	22	29.1046	99.5442	100
2:16:14:15	5	10	22	29.1046	99.5442	100
2:16:15:30	5	10	22	29.1046	99.5442	100
2:16:16:45	5	10	22	29.1046	99.5442	100
2:16:17:55	5	10	22	29.1046	99.5442	100
2:16:19:10	5	10	22	29.1046	99.5442	100
2:16:20:20	5	10	22	29.1046	99.5442	100
2:16:21:35	5	10	22	29.1046	99.5442	100
2:16:22:50	5	10	22	29.1046	99.5442	100
2:16:24:0	5	10	22	29.1046	99.5442	100
2:16:25:15	5	10	22	29.1046	99.5442	100
2:16:26:25	5	10	22	29.1046	99.5442	100
2:16:27:40	5	10	22	29.1046	99.5442	100
2:16:28:50	5	10	22	29.1046	99.5442	100
2:16:30:5	5	10	22	29.1046	99.5442	100
2:16:31:15	5	10	22	29.1046	99.5442	100
2:16:32:30	5	10	22	29.1046	99.5442	100
2:16:33:45	5	10	22	29.1046	99.5442	100
2:16:34:55	5	10	22	29.1046	99.5442	100
2:16:36:10	5	10	22	29.1046	99.5442	100
2:16:37:20	5	10	22	29.1046	99.5442	100
2:16:38:35	5	10	22	29.1046	99.5442	100
2:16:39:45	5	10	22	29.1046	99.5442	100
2:16:41:0	5	10	22	29.1046	99.5442	100
2:16:42:15	5	10	22	29.1046	99.5442	100
2:16:43:25	5	10	22	29.1046	99.5442	100
2:16:44:40	5	10	22	29.1046	99.5442	100
2:16:45:50	5	10	22	29.1046	99.5442	100
2:16:47:5	5	10	22	29.1046	99.5442	100
2:16:48:15	5	10	22	29.1046	99.5442	100
2:16:49:30	5	10	22	29.1046	99.5442	100
2:16:50:40	5	10	22	29.1046	99.5442	100
2:16:51:55	5	10	22	29.1046	99.5442	100
2:16:53:5	5	10	22	29.1046	99.5442	100
2:16:54:20	5	10	22	29.1046	99.5442	100
2:16:55:30	5	10	22	29.1046	99.5442	100
2:16:56:45	5	10	22	29.1046	99.5442	100
2:16:58:0	5	10	22	29.1046	99.5442	100
2:16:59:10	5	10	22	29.1046	99.5442	100
2:17:0:25	5	10	22	29.1046	99.5442	100
2:17:1:35	5	10	22	29.1046	99.5442	100
2:17:2:50	5	10	22	29.1046	99.5442	100
2:17:4:0	5	10	22	29.1046	99.5442	100
2:17:5:15	5	10	22	29.1046	99.5442	100
2:17:6:30	5	10	22	29.1046	99.5442	100
2:17:7:40	5	10	22	29.1046	99.5442	100
2:17:8:55	5	10	22	29.1046	99.5442	100
2:17:10:5	5	10	22	29.1046	99.5442	100
2:17:11:20	5	10	22	29.1046	99.5442	100
2:17:12:30	5	10	22	29.1046	99.5442	100
2:17:13:45	5	10	22	29.1046	99.5442	100
2:17:14:55	5	10	22	29.1046	99.5442	100
2:17:16:10	5	10	22	29.1046	99.5442	100
2:17:17:25	5	10	22	29.1046	99.5442	100
2:17:18:35	5	10	22	29.1046	99.5442	100
2:17:19:50	5	10	22	29.1046	99.5442	100
2:17:21:0	5	10	22	29.1046	99.5442	100
2:17:22:15	5	10	22	29.1046	99.5442	100
2:17:23:25	5	10	22	29.1046	99.5442	100
2:17:24:40	5	10	22	29.1046	99.5442	100
2:17:25:50	5	10	22	29.1046	99.5442	100
2:17:27:5	5	10	22	29.1046	99.5442	100
2:17:28:20	5	10	22	29.1046	99.5442	100
2:17:29:30	5	10	22	29.1046	99.5442	100
2:17:30:45	5	10	22	29.1046	99.5442	100
2:17:31:55	5	10	22	29.1046	99.5442	100
2:17:33:10	5	10	22	29.1046	99.5442	100
2:17:34:20	5	10	22	29.1046	99.5442	100
2:17:35:35	5	10	22	29.1046	99.5442	100
2:17:36:50	5	10	22	29.1046	99.5442	100
2:17:38:0	5	10	22	29.1046	99.5442	100
2:17:39:15	5	10	22	29.1046	99.5442	100
2:17:40:25	5	10	22	29.1046	99.5442	100
2:17:41:40	5	10	22	29.1046	99.5442	100
2:17:42:55	5	10	22	29.1046	99.5442	100
2:17:44:5	5	10	22	29.1046	99.5442	100
2:17:45:20	5	10	22	29.1046	99.5442	100
2:17:46:30	5	10	22	29.1046	99.5442	100
2:17:47:45	5	10	22	29.1046	99.5442	100
2:17:48:55	5	10	22	29.1046	99.5442	100
2:17:50:10	5	10	22	29.1046	99.5442	100
2:17:51:20	5	10	22	29.1046	99.5442	100
2:17:52:35	5	10	22	29.1046	99.5442	100
2:17:53:50	5	10	22	29.1046	99.5442	100
2:17:55:0	5	10	22	29.1046	99.5442	100
2:17:56:15	5	10	22	29.1046	99.5442	100
2:17:57:25	5	10	22	29.1046	99.5442	100
2:17:58:40	5	10	22	29.1046	99.5442	100
2:17:59:50	5	10	22	29.1046	99.5442	100
2:18:1:5	5	10	22	29.1046	99.5442	100
2:18:2:15	5	10	22	29.1046	99.5442	100
2:18:3:30	5	10	22	29.1046	99.5442	100
2:18:4:45	5	10	22	29.1046	99.5442	100
2:18:5:55	5	10	22	29.1046	99.5442	100
2:18:7:10	5	10	22	29.1046	99.5442	100
2:18:8:20	5	10	22	29.1046	99.5442	100
2:18:9:35	5	10	22	29.1046	99.5442	100
2:18:10:45	5	10	22	29.1046	99.5442	100
2:18:12:0	5	10	22	29.1046	99.5442	100
2:18:13:15	5	10	22	29.1046	99.5442	100
2:18:14:25	5	10	22	29.1046	99.5442	100
2:18:15:40	5	10	22	29.1046	99.5442	100
2:18:16:50	5	10	22	29.1046	99.5442	100
2:18:18:5	5	10	22	29.1046	99.5442	100
2:18:19:15	5	10	22	29.1046	99.5442	100
2:18:20:30	5	10	22	29.1046	99.5442	100
2:18:21:40	5	10	22	29.1046	99.5442	100
2:18:22:55	5	10	22	29.1046	99.5442	100
2:18:24:10	5	10	22	29.1046	99.5442	100
2:18:25:20	5	10	22	29.1046	99.5442	100
2:18:26:35	5	10	22	29.1046	99.5442	100
2:18:27:45	5	10	22	29.1046	99.5442	100
2:18:29:0	5	10	22	29.1046	99.5442	100
2:18:30:10	5	10	22	29.1046	99.5442	100
2:18:31:25	5	10	22	29.1046	99.5442	100
2:18:32:40	5	10	22	29.1046	99.5442	100
2:18:33:50	5	10	22	29.1046	99.5442	100
2:18:35:5	5	10	22	29.1046	99.5442	100
2:18:36:15	5	10	22	29.1046	99.5442	100
2:18:37:30	5	10	22	29.1046	99.5442	100
2:18:38:40	5	10	22	29.1046	99.5442	100
2:18:39:55	5	10	22	29.1046	99.5442	100
2:18:41:10	5	10	22	29.1046	99.5442	100
2:18:42:20	5	10	22	29.1046	99.5442	100
2:18:43:35	5	10	22	29.1046	99.5442	100
2:18:44:45	5	10	22	29.1046	99.5442	100
2:18:46:0	5	10	22	29.1046	99.5442	100
2:18:47:15	5	10	22	29.1046	99.5442	100
2:18:48:25	5	10	22	29.1046	99.5442	100
2:18:49:40	5	10	22	29.1046	99.5442	100
2:18:50:50	5	10	22	29.1046	99.5442	100
2:18:52:5	5	10	22	29.1046	99.5442	100
2:18:53:15	5	10	22	29.1046	99.5442	100
2:18:54:30	5	10	22	29.1046	99.5442	100
2:18:55:45	5	10	22	29.1046	99.5442	100
2:18:56:55	5	10	22	29.1046	99.5442	100
2:18:58:10	5	10	22	29.1046	99.5442	100
2:18:59:20	5	10	22	29.1046	99.5442	100
2:19:0:35	5	10	22	29.1046	99.5442	100
2:19:1:50	5	10	22	29.1046	99.5442	100
2:19:3:0	5	10	22	29.1046	99.5442	100
2:19:4:15	5	10	22	29.1046	99.5442	100
2:19:5:25	5	10	22	29.1046	99.5442	100
2:19:6:40	5	10	22	29.1046	99.5442	100
2:19:7:50	5	10	22	29.1046	99.5442	100
2:19:9:5	5	10	22	29.1046	99.5442	100
2:19:10:15	5	10	22	29.1046	99.5442	100
2:19:11:30	5	10	22	29.1046	99.5442	100
2:19:12:40	5	10	22	29.1046	99.5442	100
2:19:13:55	5	10	22	29.1046	99.5442	100
2:19:15:10	5	10	22	29.1046	99.5442	100
2:19:16:20	5	10	22	29.1046	99.5442	100
2:19:17:35	5	10	22	29.1046	99.5442	100
2:19:18:45	5	10	22	29.1046	99.5442	100
2:19:20:0	5	10	22	29.1046	99.5442	100
2:19:21:10	5	10	22	29.1046	99.5442	100
2:19:22:25	5	10	22	29.1046	99.5442	100
2:19:23:40	5	10	22	29.1046	99.5442	100
2:19:24:50	5	10	22	29.1046	99.5442	100
2:19:26:5	5	10	22	29.1046	99.5442	100
2:19:27:15	5	10	22	29.1046	99.5442	100
2:19:28:30	5	10	22	29.1046	99.5442	100
2:19:29:40	5	10	22	29.1046	99.5442	100
2:19:30:55	5	10	22	29.1046	99.5442	100
2:19:32:5	5	10	22	29.1046	99.5442	100
2:19:33:20	5	10	22	29.1046	99.5442	100
2:19:34:35	5	10	22	29.1046	99.5442	100
2:19:35:45	5	10	22	29.1046	99.5442	100
2:19:37:0	5	10	22	29.1046	99.5442	100
2:19:38:10	5	10	22	29.1046	99.5442	100
2:19:39:25	5	10	22	29.1046	99.5442	100
2:19:40:35	5	10	22	29.1046	99.5442	100
2:19:41:50	5	10	22	29.1046	99.5442	100
2:19:43:5	5	10	22	29.1046	99.5442	100
2:19:44:15	5	10	22	29.1046	99.5442	100
2:19:45:30	5	10	22	29.1046	99.5442	100
2:19:46:40	5	10	22	29.1046	99.5442	100
2:19:47:55	5	10	22	29.1046	99.5442	100
2:19:49:5	5	10	22	29.1046	99.5442	100
2:19:50:20	5	10	22	29.1046	99.5442	100
2:19:51:35	5	10	22	29.1046	99.5442	100
2:19:52:45	5	10	22	29.1046	99.5442	100
2:19:54:0	5	10	22	29.1046	99.5442	100
2:19:55:10	5	10	22	29.1046	99.5442	100
2:19:56:25	5	10	22	29.1046	99.5442	100
2:19:57:35	5	10	22	29.1046	99.5442	100
2:19:58:50	5	10	22	29.1046	99.5442	100
2:20:0:0	5	10	22	29.1046	99.5442	100
2:20:1:15	5	10	22	29.1046	99.5442	100
2:20:2:30	5	10	22	29.1046	99.5442	100
2:20:3:40	5	10	22	29.1046	99.5442	100
2:20:4:55	5	10	22	29.1046	99.5442	100
2:20:6:5	5	10	22	29.1046	99.5442	100
2:20:7:20	5	10	22	29.1046	99.5442	100
2:20:8:30	5	10	22	29.1046	99.5442	100
2:20:9:45	5	10	22	29.1046	99.5442	100
2:20:11:0	5	10	22	29.1046	99.5442	100
2:20:12:10	5	10	22	29.1046	99.5442	100
2:20:13:25	5	10	22	29.1046	99.5442	100
2:20:14:35	5	10	22	29.1046	99.5442	100
2:20:15:50	5	10	22	29.1046	99.5442	100
2:20:17:0	5	10	22	29.1046	99.5442	100
2:20:18:15	5	10	22	29.1046	99.5442	100
2:20:19:30	5	10	22	29.1046	99.5442	100
2:20:20:40	5	10	22	29.1046	99.5442	100
2:20:21:55	5	10	22	29.1046	99.5442	100
2:20:23:5	5	10	22	29.1046	99.5442	100
2:20:24:20	5	10	22	29.1046	99.5442	100
2:20:25:30	5	10	22	29.1046	99.5442	100
2:20:26:45	5	10	22	29.1046	99.5442	100
2:20:27:55	5	10	22	29.1046	99.5442	100
2:20:29:10	5	10	22	29.1046	99.5442	100
2:20:30:25	5	10	22	29.1046	99.5442	100
2:20:31:35	5	10	22	29.1046	99.5442	100
2:20:32:50	5	10	22	29.1046	99.5442	100
2:20:34:0	5	10	22	29.1046	99.5442	100
2:20:35:15	5	10	22	29.1046	99.5442	100
2:20:36:25	5	10	22	29.1046	99.5442	100
2:20:37:40	5	10	22	29.1046	99.5442	100
2:20:38:55	5	10	22	29.1046	99.5442	100
2:20:40:5	5	10	22	29.1046	99.5442	100
2:20:41:20	5	10	22	29.1046	99.5442	100
2:20:42:30	5	10	22	29.1046	99.5442	100
2:20:43:45	5	10	22	29.1046	99.5442	100
2:20:44:55	5	10	22	29.1046	99.5442	100
2:20:46:10	5	10	22	29.1046	99.5442	100
2:20:47:25	5	10	22	29.1046	99.5442	100
2:20:48:35	5	10	22	29.1046	99.5442	100
2:20:49:50	5	10	22	29.1046	99.5442	100
2:20:51:0	5	10	22	29.1046	99.5442	100
2:20:52:15	5	10	22	29.1046	99.5442	100
2:20:53:25	5	10	22	29.1046	99.5442	100
2:20:54:40	5	10	22	29.1046	99.5442	100
2:20:55:50	5	10	22	29.1046	99.5442	100
2:20:57:5	5	10	22	29.1046	99.5442	100
2:20:58:15	5	10	22	29.1046	99.5442	100
2:20:59:30	5	10	22	29.1046	99.5442	100
2:21:0:45	5	10	22	29.1046	99.5442	100
2:21:1:55	5	10	22	29.1046	99.5442	100
2:21:3:10	5	10	22	29.1046	99.5442	100
2:21:4:20	5	10	22	29.1046	99.5442	100
2:21:5:35	5	10	22	29.1046	99.5442	100
2:21:6:45	5	10	22	29.1046	99.5442	100
2:21:8:0	5	10	22	29.1046	99.5442	100
2:21:9:10	5	10	22	29.1046	99.5442	100
2:21:10:25	5	10	22	29.1046	99.5442	100
2:21:11:40	5	10	22	29.1046	99.5442	100
2:21:12:50	5	10	22	29.1046	99.5442	100
2:21:14:5	5	10	22	29.1046	99.5442	100
2:21:15:15	5	10	22	29.1046	99.5442	100
2:21:16:30	5	10	22	29.1046	99.5442	100
2:21:17:40	5	10	22	29.1046	99.5442	100
2:21:18:55	5	10	22	29.1046	99.5442	100
2:21:20:10	5	10	22	29.1046	99.5442	100
2:21:21:20	5	10	22	29.1046	99.5442	100
2:21:22:35	5	10	22	29.1046	99.5442	100
2:21:23:45	5	10	22	29.1046	99.5442	100
2:21:25:0	5	10	22	29.1046	99.5442	100
2:21:26:10	5	10	22	29.1046	99.5442	100
2:21:27:25	5	10	22	29.1046	99.5442	100
2:21:28:40	5	10	22	29.1046	99.5442	100
2:21:29:50	5	10	22	29.1046	99.5442	100
2:21:31:5	5	10	22	29.1046	99.5442	100
2:21:32:15	5	10	22	29.1046	99.5442	100
2:21:33:30	5	10	22	29.1046	99.5442	100
2:21:34:40	5	10	22	29.1046	99.5442	100
2:21:35:55	5	10	22	29.1046	99.5442	100
2:21:37:10	5	10	22	29.1046	99.5442	100
2:21:38:20	5	10	22	29.1046	99.5442	100
2:21:39:35	5	10	22	29.1046	99.5442	100
2:21:40:45	5	10	22	29.1046	99.5442	100
2:21:42:0	5	10	22	29.1046	99.5442	100
2:21:43:10	5	10	22	29.1046	99.5442	100
2:21:44:25	5	10	22	29.1046	99.5442	100
2:21:45:40	5	10	22	29.1046	99.5442	100
2:21:46:50	5	10	22	29.1046	99.5442	100
2:21:48:5	5	10	22	29.1046	99.5442	100
2:21:49:15	5	10	22	29.1046	99.5442	100
2:21:50:30	5	10	22	29.1046	99.5442	100
2:21:51:40	5	10	22	29.1046	99.5442	100
2:21:52:55	5	10	22	29.1046	99.5442	100
2:21:54:5	5	10	22	29.1046	99.5442	100
2:21:55:20	5	10	22	29.1046	99.5442	100
2:21:56:30	5	10	22	29.1046	99.5442	100
2:21:57:45	5	10	22	29.1046	99.5442	100
2:21:58:55	5	10	22	29.1046	99.5442	100
2:22:0:10	5	10	22	29.1046	99.5442	100
2:22:1:25	5	10	22	29.1046	99.5442	100
2:22:2:35	5	10	22	29.1046	99.5442	100
2:22:3:50	5	10	22	29.1046	99.5442	100
2:22:5:0	5	10	22	29.1046	99.5442	100
2:22:6:15	5	10	22	29.1046	99.5442	100
2:22:7:25	5	10	22	29.1046	99.5442	100
2:22:8:40	5	10	22	29.1046	99.5442	100
2:22:9:55	5	10	22	29.1046	99.5442	100
2:22:11:5	5	10	22	29.1046	99.5442	100
2:22:12:20	5	10	22	29.1046	99.5442	100
2:22:13:30	5	10	22	29.1046	99.5442	100
2:22:14:45	5	10	22	29.1046	99.5442	100
2:22:15:55	5	10	22	29.1046	99.5442	100
2:22:17:10	5	10	22	29.1046	99.5442	100
2:22:18:25	5	10	22	29.1046	99.5442	100
2:22:19:35	5	10	22	29.1046	99.5442	100
2:22:20:50	5	10	22	29.1046	99.5442	100
2:22:22:0	5	10	22	29.1046	99.5442	100
2:22:23:15	5	10	22	29.1046	99.5442	100
2:22:24:25	5	10	22	29.1046	99.5442	100
2:22:25:40	5	10	22	29.1046	99.5442	100
2:22:26:50	5	10	22	29.1046	99.5442	100
2:22:28:5	5	10	22	29.1046	99.5442	100
2:22:29:20	5	10	22	29.1046	99.5442	100
2:22:30:30	5	10	22	29.1046	99.5442	100
2:22:31:45	5	10	22	29.1046	99.5442	100
2:22:32:55	5	10	22	29.1046	99.5442	100
2:22:34:10	5	10	22	29.1046	99.5442	100
2:22:35:20	5	10	22	29.1046	99.5442	100
2:22:36:35	5	10	22	29.1046	99.5442	100
2:22:37:45	5	10	22	29.1046	99.5442	100
2:22:39:0	5	10	22	29.1046	99.5442	100
2:22:40:15	5	10	22	29.1046	99.5442	100
2:22:41:25	5	10	22	29.1046	99.5442	100
2:22:42:40	5	10	22	29.1046	99.5442	100
2:22:43:50	5	10	22	29.1046	99.5442	100
2:22:45:5	5	10	22	29.1046	99.5442	100
2:22:46:20	5	10	22	29.1046	99.5442	100
2:22:47:30	5	10	22	29.1046	99.5442	100
2:22:48:45	5	10	22	29.1046	99.5442	100
2:22:49:55	5	10	22	29.1046	99.5442	100
2:22:51:10	5	10	22	29.1046	99.5442	100
2:22:52:20	5	10	22	29.1046	99.5442	100
2:22:53:35	5	10	22	29.1046	99.5442	100
2:22:54:50	5	10	22	29.1046	99.5442	100
2:22:56:0	5	10	22	29.1046	99.5442	100
2:22:57:15	5	10	22	29.1046	99.5442	100
2:22:58:25	5	10	22	29.1046	99.5442	100
2:22:59:40	5	10	22	29.1046	99.5442	100
2:23:0:50	5	10	22	29.1046	99.5442	100
2:23:2:5	5	10	22	29.1046	99.5442	100
2:23:3:20	5	10	22	29.1046	99.5442	100
2:23:4:30	5	10	22	29.1046	99.5442	100
2:23:5:45	5	10	22	29.1046	99.5442	100
2:23:6:55	5	10	22	29.1046	99.5442	100
2:23:8:10	5	10	22	29.1046	99.5442	100
2:23:9:20	5	10	22	29.1046	99.5442	100
2:23:10:35	5	10	22	29.1046	99.5442	100
2:23:11:50	5	10	22	29.1046	99.5442	100
2:23:13:0	5	10	22	29.1046	99.5442	100
2:23:14:15	5	10	22	29.1046	99.5442	100
2:23:15:25	5	10	22	29.1046	99.5442	100
2:23:16:40	5	10	22	29.1046	99.5442	100
2:23:17:50	5	10	22	29.1046	99.5442	100
2:23:19:5	5	10	22	29.1046	99.5442	100
2:23:20:15	5	10	22	29.1046	99.5442	100
2:23:21:30	5	10	22	29.1046	99.5442	100
2:23:22:45	5	10	22	29.1046	99.5442	100
2:23:23:55	5	10	22	29.1046	99.5442	100
2:23:25:10	5	10	22	29.1046	99.5442	100
2:23:26:20	5	10	22	29.1046	99.5442	100
2:23:27:35	5	10	22	29.1046	99.5442	100
2:23:28:45	5	10	22	29.1046	99.5442	100
2:23:30:0	5	10	22	29.1046	99.5442	100
2:23:31:15	5	10	22	29.1046	99.5442	100
2:23:32:25	5	10	22	29.1046	99.5442	100
2:23:33:40	5	10	22	29.1046	99.5442	100
2:23:34:50	5	10	22	29.1046	99.5442	100
2:23:36:5	5	10	22	29.1046	99.5442	100
2:23:37:15	5	10	22	29.1046	99.5442	100
2:23:38:30	5	10	22	29.1046	99.5442	100
2:23:39:45	5	10	22	29.1046	99.5442	100
2:23:40:55	5	10	22	29.1046	99.5442	100
2:23:42:10	5	10	22	29.1046	99.5442	100
2:23:43:20	5	10	22	29.1046	99.5442	100
2:23:44:35	5	10	22	29.1046	99.5442	100
2:23:45:45	5	10	22	29.1046	99.5442	100
2:23:47:0	5	10	22	29.1046	99.5442	100
2:23:48:10	5	10	22	29.1046	99.5442	100
2:23:49:25	5	10	22	29.1046	99.5442	100
2:23:50:40	5	10	22	29.1046	99.5442	100
2:23:51:50	5	10	22	29.1046	99.5442	100
2:23:53:5	5	10	22	29.1046	99.5442	100
2:23:54:15	5	10	22	29.1046	99.5442	100
2:23:55:30	5	10	22	29.1046	99.5442	100
2:23:56:40	5	10	22	29.1046	99.5442	100
2:23:57:55	5	10	22	29.1046	99.5442	100
2:23:59:5	5	10	22	29.1046	99.5442	100
3:0:0:20	5	10	22	29.1046	99.5442	100
3:0:1:35	5	10	22	29.1046	99.5442	100
3:0:2:45	5	10	22	29.1046	99.5442	100
3:0:4:0	5	10	22	29.1046	99.5442	100
3:0:5:10	5	10	22	29.1046	99.5442	100
3:0:6:25	5	10	22	29.1046	99.5442	100
3:0:7:40	5	10	22	29.1046	99.5442	100
3:0:8:50	5	10	22	29.1046	99.5442	100
3:0:10:5	5	10	22	29.1046	99.5442	100
3:0:11:15	5	10	22	29.1046	99.5442	100
3:0:12:30	5	10	22	29.1046	99.5442	100
3:0:13:40	5	10	22	29.1046	99.5442	100
3:0:14:55	5	10	22	29.1046	99.5442	100
3:0:16:10	5	10	22	29.1046	99.5442	100
3:0:17:20	5	10	22	29.1046	99.5442	100
3:0:18:35	5	10	22	29.1046	99.5442	100
3:0:19:45	5	10	22	29.1046	99.5442	100
3:0:21:0	5	10	22	29.1046	99.5442	100
3:0:22:10	5	10	22	29.1046	99.5442	100
3:0:23:25	5	10	22	29.1046	99.5442	100
3:0:24:35	5	10	22	29.1046	99.5442	100
3:0:25:50	5	10	22	29.1046	99.5442	100
3:0:27:5	5	10	22	29.1046	99.5442	100
3:0:28:15	5	10	22	29.1046	99.5442	100
3:0:29:30	5	10	22	29.1046	99.5442	100
3:0:30:40	5	10	22	29.1046	99.5442	100
3:0:31:55	5	10	22	29.1046	99.5442	100
3:0:33:5	5	10	22	29.1046	99.5442	100
3:0:34:20	5	10	22	29.1046	99.5442	100
3:0:35:30	5	10	22	29.1046	99.5442	100
3:0:36:45	5	10	22	29.1046	99.5442	100
3:0:37:55	5	10	22	29.1046	99.5442	100
3:0:39:10	5	10	22	29.1046	99.5442	100
3:0:40:25	5	10	22	29.1046	99.5442	100
3:0:41:35	5	10	22	29.1046	99.5442	100
3:0:42:50	5	10	22	29.1046	99.5442	100
3:0:44:0	5	10	22	29.1046	99.5442	100
3:0:45:15	5	10	22	29.1046	99.5442	100
3:0:46:30	5	10	22	29.1046	99.5442	100
3:0:47:40	5	10	22	29.1046	99.5442	100
3:0:48:55	5	10	22	29.1046	99.5442	100
3:0:50:5	5	10	22	29.1046	99.5442	100
3:0:51:20	5	10	22	29.1046	99.5442	100
3:0:52:30	5	10	22	29.1046	99.5442	100
3:0:53:45	5	10	22	29.1046	99.5442	100
3:0:54:55	5	10	22	29.1046	99.5442	100
3:0:56:10	5	10	22	29.1046	99.5442	100
3:0:57:20	5	10	22	29.1046	99.5442	100
3:0:58:35	5	10	22	29.1046	99.5442	100
3:0:59:50	5	10	22	29.1046	99.5442	100
3:1:1:0	5	10	22	29.1046	99.5442	100
3:1:2:15	5	10	22	29.1046	99.5442	100
3:1:3:25	5	10	22	29.1046	99.5442	100
3:1:4:40	5	10	22	29.1046	99.5442	100
3:1:5:50	5	10	22	29.1046	99.5442	100
3:1:7:5	5	10	22	29.1046	99.5442	100
3:1:8:20	5	10	22	29.1046	99.5442	100
3:1:9:30	5	10	22	29.1046	99.5442	100
3:1:10:45	5	10	22	29.1046	99.5442	100
3:1:11:55	5	10	22	29.1046	99.5442	100
3:1:13:10	5	10	22	29.1046	99.5442	100
3:1:14:20	5	10	22	29.1046	99.5442	100
3:1:15:35	5	10	22	29.1046	99.5442	100
3:1:16:45	5	10	22	29.1046	99.5442	100
3:1:18:0	5	10	22	29.1046	99.5442	100
3:1:19:15	5	10	22	29.1046	99.5442	100
3:1:20:25	5	10	22	29.1046	99.5442	100
3:1:21:40	5	10	22	29.1046	99.5442	100
3:1:22:50	5	10	22	29.1046	99.5442	100
3:1:24:5	5	10	22	29.1046	99.5442	100
3:1:25:15	5	10	22	29.1046	99.5442	100
3:1:26:30	5	10	22	29.1046	99.5442	100
3:1:27:45	5	10	22	29.1046	99.5442	100
3:1:28:55	5	10	22	29.1046	99.5442	100
3:1:30:10	5	10	22	29.1046	99.5442	100
3:1:31:20	5	10	22	29.1046	99.5442	100
3:1:32:35	5	10	22	29.1046	99.5442	100
3:1:33:45	5	10	22	29.1046	99.5442	100
3:1:35:0	5	10	22	29.1046	99.5442	100
3:1:36:15	5	10	22	29.1046	99.5442	100
3:1:37:25	5	10	22	29.1046	99.5442	100
3:1:38:40	5	10	22	29.1046	99.5442	100
3:1:39:50	5	10	22	29.1046	99.5442	100
3:1:41:5	5	10	22	29.1046	99.5442	100
3:1:42:20	5	10	22	29.1046	99.5442	100
3:1:43:30	5	10	22	29.1046	99.5442	100
3:1:44:45	5	10	22	29.1046	99.5442	100
3:1:45:55	5	10	22	29.1046	99.5442	100
3:1:47:10	5	10	22	29.1046	99.5442	100
3:1:48:20	5	10	22	29.1046	99.5442	100
3:1:49:35	5	10	22	29.1046	99.5442	100
3:1:50:45	5	10	22	29.1046	99.5442	100
3:1:52:0	5	10	22	29.1046	99.5442	100
3:1:53:15	5	10	22	29.1046	99.5442	100
3:1:54:25	5	10	22	29.1046	99.5442	100
3:1:55:40	5	10	22	29.1046	99.5442	100
3:1:56:50	5	10	22	29.1046	99.5442	100
3:1:58:5	5	10	22	29.1046	99.5442	100
3:1:59:15	5	10	22	29.1046	99.5442	100
3:2:0:30	5	10	22	29.1046	99.5442	100
3:2:1:45	5	10	22	29.1046	99.5442	100
3:2:2:55	5	10	22	29.1046	99.5442	100
3:2:4:10	5	10	22	29.1046	99.5442	100
3:2:5:20	5	10	22	29.1046	99.5442	100
3:2:6:35	5	10	22	29.1046	99.5442	100
3:2:7:45	5	10	22	29.1046	99.5442	100
3:2:9:0	5	10	22	29.1046	99.5442	100
3:2:10:15	5	10	22	29.1046	99.5442	100
3:2:11:25	5	10	22	29.1046	99.5442	100
3:2:12:40	5	10	22	29.1046	99.5442	100
3:2:13:50	5	10	22	29.1046	99.5442	100
3:2:15:5	5	10	22	29.1046	99.5442	100
3:2:16:15	5	10	22	29.1046	99.5442	100
3:2:17:30	5	10	22	29.1046	99.5442	100
3:2:18:45	5	10	22	29.1046	99.5442	100
3:2:19:55	5	10	22	29.1046	99.5442	100
3:2:21:10	5	10	22	29.1046	99.5442	100
3:2:22:20	5	10	22	29.1046	99.5442	100
3:2:23:35	5	10	22	29.1046	99.5442	100
3:2:24:45	5	10	22	29.1046	99.5442	100
3:2:26:0	5	10	22	29.1046	99.5442	100
3:2:27:15	5	10	22	29.1046	99.5442	100
3:2:28:25	5	10	22	29.1046	99.5442	100
3:2:29:40	5	10	22	29.1046	99.5442	100
3:2:30:50	5	10	22	29.1046	99.5442	100
3:2:32:5	5	10	22	29.1046	99.5442	100
3:2:33:15	5	10	22	29.1046	99.5442	100
3:2:34:30	5	10	22	29.1046	99.5442	100
3:2:35:45	5	10	22	29.1046	99.5442	100
3:2:36:55	5	10	22	29.1046	99.5442	100
3:2:38:10	5	10	22	29.1046	99.5442	100
3:2:39:20	5	10	22	29.1046	99.5442	100
3:2:40:35	5	10	22	29.1046	99.5442	100
3:2:41:45	5	10	22	29.1046	99.5442	100
3:2:43:0	5	10	22	29.1046	99.5442	100
3:2:44:15	5	10	22	29.1046	99.5442	100
3:2:45:25	5	10	22	29.1046	99.5442	100
3:2:46:40	5	10	22	29.1046	99.5442	100
3:2:47:50	5	10	22	29.1046	99.5442	100
3:2:49:5	5	10	22	29.1046	99.5442	100
3:2:50:15	5	10	22	29.1046	99.5442	100
3:2:51:30	5	10	22	29.1046	99.5442	100
3:2:52:45	5	10	22	29.1046	99.5442	100
3:2:53:55	5	10	22	29.1046	99.5442	100
3:2:55:10	5	10	22	29.1046	99.5442	100
3:2:56:20	5	10	22	29.1046	99.5442	100
3:2:57:35	5	10	22	29.1046	99.5442	100
3:2:58:45	5	10	22	29.1046	99.5442	100
3:3:0:0	5	10	22	29.1046	99.5442	100
3:3:1:10	5	10	22	29.1046	99.5442	100
3:3:2:25	5	10	22	29.1046	99.5442	100
3:3:3:40	5	10	22	29.1046	99.5442	100
3:3:4:50	5	10	22	29.1046	99.5442	100
3:3:6:5	5	10	22	29.1046	99.5442	100
3:3:7:15	5	10	22	29.1046	99.5442	100
3:3:8:30	5	10	22	29.1046	99.5442	100
3:3:9:40	5	10	22	29.1046	99.5442	100
3:3:10:55	5	10	22	29.1046	99.5442	100
3:3:12:5	5	10	22	29.1046	99.5442	100
3:3:13:20	5	10	22	29.1046	99.5442	100
3:3:14:35	5	10	22	29.1046	99.5442	100
3:3:15:45	5	10	22	29.1046	99.5442	100
3:3:17:0	5	10	22	29.1046	99.5442	100
3:3:18:10	5	10	22	29.1046	99.5442	100
3:3:19:25	5	10	22	29.1046	99.5442	100
3:3:20:35	5	10	22	29.1046	99.5442	100
3:3:21:50	5	10	22	29.1046	99.5442	100
3:3:23:5	5	10	22	29.1046	99.5442	100
3:3:24:15	5	10	22	29.1046	99.5442	100
3:3:25:30	5	10	22	29.1046	99.5442	100
3:3:26:40	5	10	22	29.1046	99.5442	100
3:3:27:55	5	10	22	29.1046	99.5442	100
3:3:29:5	5	10	22	29.1046	99.5442	100
3:3:30:20	5	10	22	29.1046	99.5442	100
3:3:31:30	5	10	22	29.1046	99.5442	100
3:3:32:45	5	10	22	29.1046	99.5442	100
3:3:34:0	5	10	22	29.1046	99.5442	100
3:3:35:10	5	10	22	29.1046	99.5442	100
3:3:36:25	5	10	22	29.1046	99.5442	100
3:3:37:35	5	10	22	29.1046	99.5442	100
3:3:38:50	5	10	22	29.1046	99.5442	100
3:3:40:0	5	10	22	29.1046	99.5442	100
3:3:41:15	5	10	22	29.1046	99.5442	100
3:3:42:30	5	10	22	29.1046	99.5442	100
3:3:43:40	5	10	22	29.1046	99.5442	100
3:3:44:55	5	10	22	29.1046	99.5442	100
3:3:46:5	5	10	22	29.1046	99.5442	100
3:3:47:20	5	10	22	29.1046	99.5442	100
3:3:48:30	5	10	22	29.1046	99.5442	100
3:3:49:45	5	10	22	29.1046	99.5442	100
3:3:50:55	5	10	22	29.1046	99.5442	100
3:3:52:10	5	10	22	29.1046	99.5442	100
3:3:53:20	5	10	22	29.1046	99.5442	100
3:3:54:35	5	10	22	29.1046	99.5442	100
3:3:55:50	5	10	22	29.1046	99.5442	100
3:3:57:0	5	10	22	29.1046	99.5442	100
3:3:58:15	5	10	22	29.1046	99.5442	100
3:3:59:25	5	10	22	29.1046	99.5442	100
3:4:0:40	5	10	22	29.1046	99.5442	100
3:4:1:50	5	10	22	29.1046	99.5442	100
3:4:3:5	5	10	22	29.1046	99.5442	100
3:4:4:20	5	10	22	29.1046	99.5442	100
3:4:5:30	5	10	22	29.1046	99.5442	100
3:4:6:45	5	10	22	29.1046	99.5442	100
3:4:7:55	5	10	22	29.1046	99.5442	100
3:4:9:10	5	10	22	29.1046	99.5442	100
3:4:10:20	5	10	22	29.1046	99.5442	100
3:4:11:35	5	10	22	29.1046	99.5442	100
3:4:12:45	5	10	22	29.1046	99.5442	100
3:4:14:0	5	10	22	29.1046	99.5442	100
3:4:15:15	5	10	22	29.1046	99.5442	100
3:4:16:25	5	10	22	29.1046	99.5442	100
3:4:17:40	5	10	22	29.1046	99.5442	100
3:4:18:50	5	10	22	29.1046	99.5442	100
3:4:20:5	5	10	22	29.1046	99.5442	100
3:4:21:15	5	10	22	29.1046	99.5442	100
3:4:22:30	5	10	22	29.1046	99.5442	100
3:4:23:45	5	10	22	29.1046	99.5442	100
3:4:24:55	5	10	22	29.1046	99.5442	100
3:4:26:10	5	10	22	29.1046	99.5442	100
3:4:27:20	5	10	22	29.1046	99.5442	100
3:4:28:35	5	10	22	29.1046	99.5442	100
3:4:29:45	5	10	22	29.1046	99.5442	100
3:4:31:0	5	10	22	29.1046	99.5442	100
3:4:32:10	5	10	22	29.1046	99.5442	100
3:4:33:25	5	10	22	29.1046	99.5442	100
3:4:34:40	5	10	22	29.1046	99.5442	100
3:4:35:50	5	10	22	29.1046	99.5442	100
3:4:37:5	5	10	22	29.1046	99.5442	100
3:4:38:15	5	10	22	29.1046	99.5442	100
3:4:39:30	5	10	22	29.1046	99.5442	100
3:4:40:40	5	10	22	29.1046	99.5442	100
3:4:41:55	5	10	22	29.1046	99.5442	100
3:4:43:10	5	10	22	29.1046	99.5442	100
3:4:44:20	5	10	22	29.1046	99.5442	100
3:4:45:35	5	10	22	29.1046	99.5442	100
3:4:46:45	5	10	22	29.1046	99.5442	100
3:4:48:0	5	10	22	29.1046	99.5442	100
3:4:49:10	5	10	22	29.1046	99.5442	100
3:4:50:25	5	10	22	29.1046	99.5442	100
3:4:51:40	5	10	22	29.1046	99.5442	100
3:4:52:50	5	10	22	29.1046	99.5442	100
3:4:54:5	5	10	22	29.1046	99.5442	100
3:4:55:15	5	10	22	29.1046	99.5442	100
3:4:56:30	5	10	22	29.1046	99.5442	100
3:4:57:40	5	10	22	29.1046	99.5442	100
3:4:58:55	5	10	22	29.1046	99.5442	100
3:5:0:10	5	10	22	29.1046	99.5442	100
3:5:1:20	5	10	22	29.1046	99.5442	100
3:5:2:35	5	10	22	29.1046	99.5442	100
3:5:3:45	5	10	22	29.1046	99.5442	100
3:5:5:0	5	10	22	29.1046	99.5442	100
3:5:6:10	5	10	22	29.1046	99.5442	100
3:5:7:25	5	10	22	29.1046	99.5442	100
3:5:8:40	5	10	22	29.1046	99.5442	100
3:5:9:50	5	10	22	29.1046	99.5442	100
3:5:11:5	5	10	22	29.1046	99.5442	100
3:5:12:15	5	10	22	29.1046	99.5442	100
3:5:13:30	5	10	22	29.1046	99.5442	100
3:5:14:40	5	10	22	29.1046	99.5442	100
3:5:15:55	5	10	22	29.1046	99.5442	100
3:5:17:5	5	10	22	29.1046	99.5442	100
3:5:18:20	5	10	22	29.1046	99.5442	100
3:5:19:35	5	10	22	29.1046	99.5442	100
3:5:20:45	5	10	22	29.1046	99.5442	100
3:5:22:0	5	10	22	29.1046	99.5442	100
3:5:23:10	5	10	22	29.1046	99.5442	100
3:5:24:25	5	10	22	29.1046	99.5442	100
3:5:25:40	5	10	22	29.1046	99.5442	100
3:5:26:50	5	10	22	29.1046	99.5442	100
3:5:28:5	5	10	22	29.1046	99.5442	100
3:5:29:15	5	10	22	29.1046	99.5442	100
3:5:30:30	5	10	22	29.1046	99.5442	100
3:5:31:40	5	10	22	29.1046	99.5442	100
3:5:32:55	5	10	22	29.1046	99.5442	100
3:5:34:5	5	10	22	29.1046	99.5442	100
3:5:35:20	5	10	22	29.1046	99.5442	100
3:5:36:30	5	10	22	29.1046	99.5442	100
3:5:37:45	5	10	22	29.1046	99.5442	100
3:5:39:0	5	10	22	29.1046	99.5442	100
3:5:40:10	5	10	22	29.1046	99.5442	100
3:5:41:25	5	10	22	29.1046	99.5442	100
3:5:42:35	5	10	22	29.1046	99.5442	100
3:5:43:50	5	10	22	29.1046	99.5442	100
3:5:45:0	5	10	22	29.1046	99.5442	100
3:5:46:15	5	10	22	29.1046	99.5442	100
3:5:47:25	5	10	22	29.1046	99.5442	100
3:5:48:40	5	10	22	29.1046	99.5442	100
3:5:49:55	5	10	22	29.1046	99.5442	100
3:5:51:5	5	10	22	29.1046	99.5442	100
3:5:52:20	5	10	22	29.1046	99.5442	100
3:5:53:30	5	10	22	29.1046	99.5442	100
3:5:54:45	5	10	22	29.1046	99.5442	100
3:5:55:55	5	10	22	29.1046	99.5442	100
3:5:57:10	5	10	22	29.1046	99.5442	100
3:5:58:20	5	10	22	29.1046	99.5442	100
3:5:59:35	5	10	22	29.1046	99.5442	100
3:6:0:50	5	10	22	29.1046	99.5442	100
3:6:2:0	5	10	22	29.1046	99.5442	100
3:6:3:15	5	10	22	29.1046	99.5442	100
3:6:4:25	5	10	22	29.1046	99.5442	100
3:6:5:40	5	10	22	29.1046	99.5442	100
3:6:6:50	5	10	22	29.1046	99.5442	100
3:6:8:5	5	10	22	29.1046	99.5442	100
3:6:9:15	5	10	22	29.1046	99.5442	100
3:6:10:30	5	10	22	29.1046	99.5442	100
3:6:11:45	5	10	22	29.1046	99.5442	100
3:6:12:55	5	10	22	29.1046	99.5442	100
3:6:14:10	5	10	22	29.1046	99.5442	100
3:6:15:20	5	10	22	29.1046	99.5442	100
3:6:16:35	5	10	22	29.1046	99.5442	100
3:6:17:45	5	10	22	29.1046	99.5442	100
3:6:19:0	5	10	22	29.1046	99.5442	100
3:6:20:15	5	10	22	29.1046	99.5442	100
3:6:21:25	5	10	22	29.1046	99.5442	100
3:6:22:40	5	10	22	29.1046	99.5442	100
3:6:23:50	5	10	22	29.1046	99.5442	100
3:6:25:5	5	10	22	29.1046	99.5442	100
3:6:26:15	5	10	22	29.1046	99.5442	100
3:6:27:30	5	10	22	29.1046	99.5442	100
3:6:28:45	5	10	22	29.1046	99.5442	100
3:6:29:55	5	10	22	29.1046	99.5442	100
3:6:31:10	5	10	22	29.1046	99.5442	100
3:6:32:20	5	10	22	29.1046	99.5442	100
3:6:33:35	5	10	22	29.1046	99.5442	100
3:6:34:45	5	10	22	29.1046	99.5442	100
3:6:36:0	5	10	22	29.1046	99.5442	100
3:6:37:15	5	10	22	29.1046	99.5442	100
3:6:38:25	5	10	22	29.1046	99.5442	100
3:6:39:40	5	10	22	29.1046	99.5442	100
3:6:40:50	5	10	22	29.1046	99.5442	100
3:6:42:5	5	10	22	29.1046	99.5442	100
3:6:43:15	5	10	22	29.1046	99.5442	100
3:6:44:30	5	10	22	29.1046	99.5442	100
3:6:45:45	5	10	22	29.1046	99.5442	100
3:6:46:55	5	10	22	29.1046	99.5442	100
3:6:48:10	5	10	22	29.1046	99.5442	100
3:6:49:20	5	10	22	29.1046	99.5442	100
3:6:50:35	5	10	22	29.1046	99.5442	100
3:6:51:45	5	10	22	29.1046	99.5442	100
3:6:53:0	5	10	22	29.1046	99.5442	100
3:6:54:10	5	10	22	29.1046	99.5442	100
3:6:55:25	5	10	22	29.1046	99.5442	100
3:6:56:40	5	10	22	29.1046	99.5442	100
3:6:57:50	5	10	22	29.1046	99.5442	100
3:6:59:5	5	10	22	29.1046	99.5442	100
3:7:0:15	5	10	22	29.1046	99.5442	100
3:7:1:30	5	10	22	29.1046	99.5442	100
3:7:2:40	5	10	22	29.1046	99.5442	100
3:7:3:55	5	10	22	29.1046	99.5442	100
3:7:5:5	5	10	22	29.1046	99.5442	100
3:7:6:20	5	10	22	29.1046	99.5442	100
3:7:7:35	5	10	22	29.1046	99.5442	100
3:7:8:45	5	10	22	29.1046	99.5442	100
3:7:10:0	5	10	22	29.1046	99.5442	100
3:7:11:10	5	10	22	29.1046	99.5442	100
3:7:12:25	5	10	22	29.1046	99.5442	100
3:7:13:35	5	10	22	29.1046	99.5442	100
3:7:14:50	5	10	22	29.1046	99.5442	100
3:7:16:5	5	10	22	29.1046	99.5442	100
3:7:17:15	5	10	22	29.1046	99.5442	100
3:7:18:30	5	10	22	29.1046	99.5442	100
3:7:19:40	5	10	22	29.1046	99.5442	100
3:7:20:55	5	10	22	29.1046	99.5442	100
3:7:22:5	5	10	22	29.1046	99.5442	100
3:7:23:20	5	10	22	29.1046	99.5442	100
3:7:24:35	5	10	22	29.1046	99.5442	100
3:7:25:45	5	10	22	29.1046	99.5442	100
3:7:27:0	5	10	22	29.1046	99.5442	100
3:7:28:10	5	10	22	29.1046	99.5442	100
3:7:29:25	5	10	22	29.1046	99.5442	100
3:7:30:35	5	10	22	29.1046	99.5442	100
3:7:31:50	5	10	22	29.1046	99.5442	100
3:7:33:5	5	10	22	29.1046	99.5442	100
3:7:34:15	5	10	22	29.1046	99.5442	100
3:7:35:30	5	10	22	29.1046	99.5442	100
3:7:36:40	5	10	22	29.1046	99.5442	100
3:7:37:55	5	10	22	29.1046	99.5442	100
3:7:39:5	5	10	22	29.1046	99.5442	100
3:7:40:20	5	10	22	29.1046	99.5442	100
3:7:41:35	5	10	22	29.1046	99.5442	100
3:7:42:45	5	10	22	29.1046	99.5442	100
3:7:44:0	5	10	22	29.1046	99.5442	100
3:7:45:10	5	10	22	29.1046	99.5442	100
3:7:46:25	5	10	22	29.1046	99.5442	100
3:7:47:35	5	10	22	29.1046	99.5442	100
3:7:48:50	5	10	22	29.1046	99.5442	100
3:7:50:5	5	10	22	29.1046	99.5442	100
3:7:51:15	5	10	22	29.1046	99.5442	100
3:7:52:30	5	10	22	29.1046	99.5442	100
3:7:53:40	5	10	22	29.1046	99.5442	100
3:7:54:55	5	10	22	29.1046	99.5442	100
3:7:56:5	5	10	22	29.1046	99.5442	100
3:7:57:20	5	10	22	29.1046	99.5442	100
3:7:58:30	5	10	22	29.1046	99.5442	100
3:7:59:45	5	10	22	29.1046	99.5442	100
3:8:1:0	5	10	22	29.1046	99.5442	100
3:8:2:10	5	10	22	29.1046	99.5442	100
3:8:3:25	5	10	22	29.1046	99.5442	100
3:8:4:35	5	10	22	29.1046	99.5442	100
3:8:5:50	5	10	22	29.1046	99.5442	100
3:8:7:0	5	10	22	29.1046	99.5442	100
3:8:8:15	5	10	22	29.1046	99.5442	100
3:8:9:25	5	10	22	29.1046	99.5442	100
3:8:10:40	5	10	22	29.1046	99.5442	100
3:8:11:50	5	10	22	29.1046	99.5442	100
3:8:13:5	5	10	22	29.1046	99.5442	100
3:8:14:20	5	10	22	29.1046	99.5442	100
3:8:15:30	5	10	22	29.1046	99.5442	100
3:8:16:45	5	10	22	29.1046	99.5442	100
3:8:17:55	5	10	22	29.1046	99.5442	100
3:8:19:10	5	10	22	29.1046	99.5442	100
3:8:20:20	5	10	22	29.1046	99.5442	100
3:8:21:35	5	10	22	29.1046	99.5442	100
3:8:22:45	5	10	22	29.1046	99.5442	100
3:8:24:0	5	10	22	29.1046	99.5442	100
3:8:25:15	5	10	22	29.1046	99.5442	100
3:8:26:25	5	10	22	29.1046	99.5442	100
3:8:27:40	5	10	22	29.1046	99.5442	100
3:8:28:50	5	10	22	29.1046	99.5442	100
3:8:30:5	5	10	22	29.1046	99.5442	100
3:8:31:15	5	10	22	29.1046	99.5442	100
3:8:32:30	5	10	22	29.1046	99.5442	100
3:8:33:45	5	10	22	29.1046	99.5442	100
3:8:34:55	5	10	22	29.1046	99.5442	100
3:8:36:10	5	10	22	29.1046	99.5442	100
3:8:37:20	5	10	22	29.1046	99.5442	100
3:8:38:35	5	10	22	29.1046	99.5442	100
3:8:39:45	5	10	22	29.1046	99.5442	100
3:8:41:0	5	10	22	29.1046	99.5442	100
3:8:42:10	5	10	22	29.1046	99.5442	100
3:8:43:25	5	10	22	29.1046	99.5442	100
3:8:44:40	5	10	22	29.1046	99.5442	100
3:8:45:50	5	10	22	29.1046	99.5442	100
3:8:47:5	5	10	22	29.1046	99.5442	100
3:8:48:15	5	10	22	29.1046	99.5442	100
3:8:49:30	5	10	22	29.1046	99.5442	100
3:8:50:40	5	10	22	29.1046	99.5442	100
3:8:51:55	5	10	22	29.1046	99.5442	100
3:8:53:10	5	10	22	29.1046	99.5442	100
3:8:54:20	5	10	22	29.1046	99.5442	100
3:8:55:35	5	10	22	29.1046	99.5442	100
3:8:56:45	5	10	22	29.1046	99.5442	100
3:8:58:0	5	10	22	29.1046	99.5442	100
3:8:59:10	5	10	22	29.1046	99.5442	100
3:9:0:25	5	10	22	29.1046	99.5442	100
3:9:1:40	5	10	22	29.1046	99.5442	100
3:9:2:50	5	10	22	29.1046	99.5442	100
3:9:4:5	5	10	22	29.1046	99.5442	100
3:9:5:15	5	10	22	29.1046	99.5442	100
3:9:6:30	5	10	22	29.1046	99.5442	100
3:9:7:40	5	10	22	29.1046	99.5442	100
3:9:8:55	5	10	22	29.1046	99.5442	100
3:9:10:10	5	10	22	29.1046	99.5442	100
3:9:11:20	5	10	22	29.1046	99.5442	100
3:9:12:35	5	10	22	29.1046	99.5442	100
3:9:13:45	5	10	22	29.1046	99.5442	100
3:9:15:0	5	10	22	29.1046	99.5442	100
3:9:16:10	5	10	22	29.1046	99.5442	100
3:9:17:25	5	10	22	29.1046	99.5442	100
3:9:18:40	5	10	22	29.1046	99.5442	100
3:9:19:50	5	10	22	29.1046	99.5442	100
3:9:21:5	5	10	22	29.1046	99.5442	100
3:9:22:15	5	10	22	29.1046	99.5442	100
3:9:23:30	5	10	22	29.1046	99.5442	100
3:9:24:40	5	10	22	29.1046	99.5442	100
3:9:25:55	5	10	22	29.1046	99.5442	100
3:9:27:5	5	10	22	29.1046	99.5442	100
3:9:28:20	5	10	22	29.1046	99.5442	100
3:9:29:35	5	10	22	29.1046	99.5442	100
3:9:30:45	5	10	22	29.1046	99.5442	100
3:9:32:0	5	10	22	29.1046	99.5442	100
3:9:33:10	5	10	22	29.1046	99.5442	100
3:9:34:25	5	10	22	29.1046	99.5442	100
3:9:35:35	5	10	22	29.1046	99.5442	100
3:9:36:50	5	10	22	29.1046	99.5442	100
3:9:38:0	5	10	22	29.1046	99.5442	100
3:9:39:15	5	10	22	29.1046	99.5442	100
3:9:40:25	5	10	22	29.1046	99.5442	100
3:9:41:40	5	10	22	29.1046	99.5442	100
3:9:42:55	5	10	22	29.1046	99.5442	100
3:9:44:5	5	10	22	29.1046	99.5442	100
3:9:45:20	5	10	22	29.1046	99.5442	100
3:9:46:30	5	10	22	29.1046	99.5442	100
3:9:47:45	5	10	22	29.1046	99.5442	100
3:9:48:55	5	10	22	29.1046	99.5442	100
3:9:50:10	5	10	22	29.1046	99.5442	100
3:9:51:25	5	10	22	29.1046	99.5442	100
3:9:52:35	5	10	22	29.1046	99.5442	100
3:9:53:50	5	10	22	29.1046	99.5442	100
3:9:55:0	5	10	22	29.1046	99.5442	100
3:9:56:15	5	10	22	29.1046	99.5442	100
3:9:57:30	5	10	22	29.1046	99.5442	100
3:9:58:40	5	10	22	29.1046	99.5442	100
3:9:59:55	5	10	22	29.1046	99.5442	100
3:10:1:5	5	10	22	29.1046	99.5442	100
3:10:2:20	5	10	22	29.1046	99.5442	100
3:10:3:30	5	10	22	29.1046	99.5442	100
3:10:4:45	5	10	22	29.1046	99.5442	100
3:10:6:0	5	10	22	29.1046	99.5442	100
3:10:7:10	5	10	22	29.1046	99.5442	100
3:10:8:25	5	10	22	29.1046	99.5442	100
3:10:9:35	5	10	22	29.1046	99.5442	100
3:10:10:50	5	10	22	29.1046	99.5442	100
3:10:12:0	5	10	22	29.1046	99.5442	100
3:10:13:15	5	10	22	29.1046	99.5442	100
3:10:14:30	5	10	22	29.1046	99.5442	100
3:10:15:40	5	10	22	29.1046	99.5442	100
3:10:16:55	5	10	22	29.1046	99.5442	100
3:10:18:5	5	10	22	29.1046	99.5442	100
3:10:19:20	5	10	22	29.1046	99.5442	100
3:10:20:35	5	10	22	29.1046	99.5442	100
3:10:21:45	5	10	22	29.1046	99.5442	100
3:10:23:0	5	10	22	29.1046	99.5442	100
3:10:24:10	5	10	22	29.1046	99.5442	100
3:10:25:25	5	10	22	29.1046	99.5442	100
3:10:26:35	5	10	22	29.1046	99.5442	100
3:10:27:50	5	10	22	29.1046	99.5442	100
3:10:29:0	5	10	22	29.1046	99.5442	100
3:10:30:15	5	10	22	29.1046	99.5442	100
3:10:31:30	5	10	22	29.1046	99.5442	100
3:10:32:40	5	10	22	29.1046	99.5442	100
3:10:33:55	5	10	22	29.1046	99.5442	100
3:10:35:5	5	10	22	29.1046	99.5442	100
3:10:36:20	5	10	22	29.1046	99.5442	100
3:10:37:30	5	10	22	29.1046	99.5442	100
3:10:38:45	5	10	22	29.1046	99.5442	100
3:10:39:55	5	10	22	29.1046	99.5442	100
3:10:41:10	5	10	22	29.1046	99.5442	100
3:10:42:20	5	10	22	29.1046	99.5442	100
3:10:43:35	5	10	22	29.1046	99.5442	100
3:10:44:45	5	10	22	29.1046	99.5442	100
3:10:45:10	5	10	22	29.1046	99.5442	100
3:10:45:10	5	10	22	29.1046	99.5442	100
3:10:45:10	5	10	22	29.1046	99.5442	100
3:10:45:10	5	10	22	29.1046	99.5442	100
3:10:45:10	5	10	22	29.1046	99.5442	100
3:10:45:10	5	10	22	29.1046	99.5442	100
3:10:45:10	5	10	22	29.1046	99.5442	100
3:10:45:10	5	10	22	29.1046	99.5442	100
3:10:45:10	5	10	22	29.1046	99.5442	100
3:10:45:10	5	10	22	29.1046	99.5442	100
3:10:45:10	5	10	22	29.1046	99.5442	100
3:10:45:10	5	10	22	29.1046	99.5442	100
3:10:45:10	5	10	22	29.1046	99.5442	100
3:10:45:10	5	10	22	29.1046	99.5442	100
3:10:45:10	5	10	22	29.1046	99.5442	100
3:10:45:10	5	10	22	29.1046	99.5442	100
3:10:45:10	5	10	22	29.1046	99.5442	100
3:10:45:10	5	10	22	29.1046	99.5442	100
3:10:45:10	5	10	22	29.1046	99.5442	100
3:10:45:10	5	10	22	29.1046	99.5442	100
3:10:45:10	5	10	22	29.1046	99.5442	100
3:10:45:10	5	10	22	29.1046	99.5442	100
3:10:45:10	5	10	22	29.1046	99.5442	100
3:10:45:10	5	10	22	29.1046	99.5442	100
3:10:45:10	5	10	22	29.1046	99.5442	100
3:10:45:10	5	10	22	29.1046	99.5442	100
3:10:45:10	5	10	22	29.1046	99.5442	100
3:10:45:10	5	10	22	29.1046	99.5442	100
3:10:45:10	5	10	22	29.1046	99.5442	100
3:10:45:10	5	10	22	29.1046	99.5442	100
3:10:45:10	5	10	22	29.1046	99.5442	100
3:10:45:10	5	10	22	29.1046	99.5442	100
3:10:45:10	5	10	22	29.1046	99.5442	100
3:10:45:10	5	10	22	29.1046	99.5442	100
3:10:45:10	5	10	22	29.1046	99.5442	100
3:10:45:10	5	10	22	29.1046	99.5442	100
3:10:45:10	5	10	22	29.1046	99.5442	100
3:10:45:10	5	10	22	29.1046	99.5442	100
3:10:45:10	5	10	22	29.1046	99.5442	100
3:10:45:10	5	10	22	29.1046	99.5442	100
3:10:45:10	5	10	22	29.1046	99.5442	100
3:10:45:10	5	10	22	29.1046	99.5442	100
3:10:45:10	5	10	22	29.1046	99.5442	100
3:10:45:10	5	10	22	29.1046	99.5442	100
3:10:45:10	5	10	22	29.1046	99.5442	100
3:10:45:10	5	10	22	29.1046	99.5442	100
3:10:45:10	5	10	22	29.1046	99.5442	100
3:10:45:10	5	10	22	29.1046	99.5442	100
3:10:45:10	5	10	22	29.1046	99.5442	100
3:10:45:10	5	10	22	29.1046	99.5442	100
3:10:45:10	5	10	22	29.1046	99.5442	100
3:10:45:10	5	10	22	29.1046	99.5442	100
3:10:45:10	5	10	22	29.1046	99.5442	100
3:10:45:10	5	10	22	29.1046	99.5442	100
3:10:45:10	5	10	22	29.1046	99.5442	100
3:10:45:10	5	10	22	29.1046	99.5442	100
3:10:45:10	5	10	22	29.1046	99.5442	100
3:10:45:10	5	10	22	29.1046	99.5442	100
3:10:45:10	5	10	22	29.1046	99.5442	100
3:10:45:10	5	10	22	29.1046	99.5442	100
3:10:45:10	5	10	22	29.1046	99.5442	100
3:10:45:10	5	10	22	29.1046	99.5442	100
3:10:45:10	5	10	22	29.1046	99.5442	100
3:10:45:10	5	10	22	29.1046	99.5442	100
3:10:45:10	5	10	22	29.1046	99.5442	100
3:10:45:10	5	10	22	29.1046	99.5442	100
3:10:45:10	5	10	22	29.1046	99.5442	100
3:10:45:10	5	10	22	29.1046	99.5442	100
3:10:45:10	5	10	22	29.1046	99.5442	100
3:10:45:10	5	10	22	29.1046	99.5442	100
3:10:45:10	5	10	22	29.1046	99.5442	100
3:10:45:10	5	10	22	29.1046	99.5442	100
3:10:45:10	5	10	22	29.1046	99.5442	100
3:8:1:15	5	10	22	29.3969	99.3262	100
3:8:2:30	5	10	22	28.7014	99.5172	100
3:8:3:45	5	10	22	27.6852	87.3647	86.83800000000006
3:8:4:55	5	10	22	25.8467	53.3112	52.68849999999996
3:8:6:10	5	10	22	26.0061	0.0	0
3:8:7:15	5	10	22	26.0061	39.1535	39.5840000000001
3:8:8:30	5	10	22	25.3532	58.4053	58.817500000000095
3:8:9:40	5	10	22	25.1735	33.6797	33.14500000000017
3:8:10:55	5	10	22	24.8024	40.1902	40.596500000000134
3:8:12:10	5	10	22	25.0254	31.8413	31.3855
3:8:13:20	5	10	22	24.0828	62.5893	62.863000000000184
3:8:14:35	5	10	22	24.1693	11.5393	10.893000000000015
3:8:15:45	5	10	22	24.3202	31.6317	32.07500000000009
3:8:17:0	5	10	22	23.7518	52.5771	53.052000000000085
3:8:18:10	5	10	22	23.7518	24.6754	24.11050000000005
3:8:19:20	5	10	22	24.0047	35.2186	35.71150000000005
3:8:20:35	5	10	22	24.3133	61.7768	62.173500000000075
3:8:21:45	5	10	22	22.4638	92.0406	92.53450000000021
3:8:23:0	5	10	22	22.7013	0.0	0
3:8:24:10	5	10	22	22.7013	27.7632	28.191500000000058
3:8:25:25	5	10	22	23.0722	30.2349	30.510500000000054
3:8:26:40	5	10	22	23.4042	59.512	59.979999999999976
3:8:27:50	5	10	22	21.3513	86.3232	86.72650000000003
3:8:29:5	5	10	22	21.6135	0.0	0
3:8:30:15	5	10	22	21.7369	25.0187	25.374999999999996
3:8:31:30	5	10	22	22.0465	25.0187	30.7695
3:8:32:40	5	10	22	21.9027	50.1498	50.50900000000021
3:8:33:55	5	10	22	21.9027	39.6239	39.12750000000004
3:8:35:10	5	10	22	21.9027	39.6239	39.36000000000005
3:8:36:20	5	10	22	21.7577	39.3392	38.87350000000005
3:8:37:35	5	10	22	22.1044	28.7348	28.237000000000076
3:8:38:45	5	10	22	22.8148	51.7166	52.019499999999965
3:8:40:0	5	10	22	20.7578	99.546	100
3:8:41:10	5	10	22	21.0322	1.2333	0
3:8:42:25	5	10	22	21.2424	22.9792	23.282000000000007
3:8:43:35	5	10	22	21.5956	31.4523	31.785000000000032
3:8:44:50	5	10	22	22.3873	51.238	51.6700000000001
3:8:46:0	5	10	22	20.9021	99.5415	100
3:8:47:15	5	10	22	21.1731	1.2332	0
3:8:48:30	5	10	22	21.4014	20.494	20.906500000000054
3:8:49:40	5	10	22	21.7334	30.9195	31.39799999999987
3:8:50:55	5	10	22	21.9336	50.0942	50.50349999999993
3:8:52:5	5	10	22	21.6219	61.2405	61.52449999999985
3:8:53:20	5	10	22	21.6219	38.8847	38.37249999999996
3:8:54:25	5	10	22	21.5702	38.484	38.04049999999995
3:8:55:40	5	10	22	22.3111	32.9755	32.530999999999935
3:8:56:55	5	10	22	21.0813	82.1496	82.50349999999992
3:8:58:5	5	10	22	21.3688	1.0697	0
3:8:59:20	5	10	22	21.6145	21.2345	21.680500000000098
3:9:0:30	5	10	22	21.6145	33.9213	34.286000000000044
3:9:1:45	5	10	22	22.3601	31.6716	31.130000000000045
3:9:2:55	5	10	22	21.2286	81.0371	81.39450000000002
3:9:4:10	5	10	22	21.5094	1.3188	0.2620000000000857
3:9:5:25	5	10	22	21.7632	21.2801	21.71850000000003
3:9:6:30	5	10	22	21.891	35.1982	35.627500000000154
3:9:7:45	5	10	22	22.5991	41.7201	42.12049999999994
3:9:8:55	5	10	22	20.4562	90.1593	90.50350000000006
3:9:10:10	5	10	22	20.7531	0.0	0
3:9:11:20	5	10	22	21.0169	23.463	23.778500000000058
3:9:12:35	5	10	22	21.7768	34.036	34.52550000000004
3:9:13:45	5	10	22	20.7345	81.1574	81.48400000000017
3:9:15:0	5	10	22	21.0366	4.6339	3.607500000000101
3:9:16:15	5	10	22	21.3023	23.2498	23.638500000000064
3:9:17:25	5	10	22	21.4203	35.5648	35.91
3:9:18:40	5	10	22	21.7643	38.8808	39.353000000000144
3:9:19:50	5	10	22	22.3522	59.4824	59.94449999999998
3:9:21:5	5	10	22	19.4894	97.7844	98.19900000000007
3:9:22:15	5	10	22	19.7607	1.2167	0
3:9:23:30	5	10	22	20.0956	20.301	20.752000000000006
3:9:24:45	5	10	22	20.8278	31.3624	31.64200000000008
3:9:25:55	5	10	22	21.3319	71.2552	71.6995
3:9:27:10	5	10	22	19.9	97.0869	97.46450000000009
3:9:28:20	5	10	22	20.1377	1.2101	0
3:9:29:35	5	10	22	20.8056	12.9817	13.298500000000022
3:9:30:45	5	10	22	21.3724	49.1762	49.551499999999976
3:9:32:0	5	10	22	20.0291	79.4226	79.91600000000001
3:9:33:10	5	10	22	20.343	1.044	0
3:9:34:25	5	10	22	20.6565	18.4524	18.835000000000015
3:9:35:40	5	10	22	21.4513	30.5896	30.9255000000001
3:9:36:50	5	10	22	21.6522	77.9467	78.2765
3:9:38:5	5	10	22	20.8916	85.1486	85.62200000000006
3:9:39:15	5	10	22	21.0224	30.4557	29.63650000000004
3:9:40:30	5	10	22	21.1296	36.6846	37.05350000000009
3:9:41:40	5	10	22	21.1296	38.622	39.01550000000002
3:9:42:55	5	10	22	21.1296	34.5771	34.127500000000026
3:9:44:10	5	10	22	21.5536	30.2996	29.775500000000026
3:9:45:15	5	10	22	22.0517	54.7602	55.10349999999999
3:9:46:30	5	10	22	20.2712	85.122	85.61850000000005
3:9:47:40	5	10	22	20.6242	1.0976	0
3:9:48:55	5	10	22	20.9042	24.6226	24.96849999999986
3:9:50:10	5	10	22	21.0124	35.6469	35.92449999999994
3:9:51:20	5	10	22	21.4724	36.2661	36.61949999999993
3:9:52:35	5	10	22	21.0673	62.9408	63.34049999999999
3:9:53:45	5	10	22	21.2742	30.652	30.045499999999926
3:9:55:0	5	10	22	21.3942	41.616	41.890499999999996
3:9:56:10	5	10	22	21.2264	45.3436	45.627000000000066
3:9:57:25	5	10	22	21.7078	30.7461	30.252000000000088
3:9:58:40	5	10	22	21.5912	60.442	60.92099999999989
3:9:59:50	5	10	22	21.6265	49.3971	48.89100000000002
3:10:1:5	5	10	22	21.6265	49.5831	49.900999999999975
3:10:2:15	5	10	22	21.4809	48.35	47.85699999999998
3:10:3:30	5	10	22	22.4349	36.2583	35.79749999999986
3:10:4:40	5	10	22	20.6245	99.4006	100
3:10:5:55	5	10	22	20.9775	1.2335	0
3:10:7:10	5	10	22	21.2794	26.5212	26.884499999999854
3:10:8:20	5	10	22	21.4219	40.6972	41.139999999999844
3:10:9:35	5	10	22	22.3762	45.5439	46.00249999999997
3:10:10:45	5	10	22	20.3988	99.4879	100
3:10:12:0	5	10	22	20.7563	0.0	0
3:10:13:10	5	10	22	21.0325	26.5106	26.905999999999874
3:10:14:25	5	10	22	21.4843	37.9354	38.23399999999984
3:10:15:40	5	10	22	21.4118	63.2767	63.64149999999999
3:10:16:50	5	10	22	21.4118	54.1984	53.72899999999988
3:10:18:5	5	10	22	21.4118	51.6414	51.15049999999988
3:10:19:15	5	10	22	21.3197	48.6654	48.20949999999988
3:10:20:30	5	10	22	21.0897	39.2963	38.82149999999998
3:10:21:40	5	10	22	21.3252	20.2612	19.780499999999947
3:10:22:55	5	10	22	21.7889	32.5216	32.863999999999834
3:10:24:5	5	10	22	22.4089	60.3417	60.77150000000004
3:10:25:20	5	10	22	21.3986	99.6271	100
3:10:26:35	5	10	22	20.9216	29.0026	28.223499999999945
3:10:27:45	5	10	22	21.2969	0.0	0
3:10:29:0	5	10	22	21.7136	22.9617	23.263999999999943
3:10:30:10	5	10	22	22.1944	46.7178	47.04099999999986
3:10:31:25	5	10	22	21.7719	76.6951	77.18150000000001
3:10:32:35	5	10	22	21.4631	46.7587	46.1744999999998
3:10:33:50	5	10	22	21.7225	26.0273	25.530499999999954
3:10:35:0	5	10	22	22.2313	42.2479	42.5479999999999
3:10:36:15	5	10	22	22.8895	75.1654	75.47949999999996
3:10:37:30	5	10	22	20.2778	99.5451	100
3:10:38:40	5	10	22	20.6661	1.2333	0
3:10:39:55	5	10	22	20.9082	31.1439	31.628500000000077
3:10:41:5	5	10	22	20.9082	39.6308	39.964500000000115
3:10:42:20	5	10	22	21.1271	33.7493	33.295000000000115
3:10:43:30	5	10	22	22.1576	42.7843	43.15899999999997
3:10:44:45	5	10	22	20.7372	99.462	100
3:10:46:0	5	10	22	21.1184	0.0	0
3:10:47:10	5	10	22	21.4584	27.0621	27.471999999999976
3:10:48:25	5	10	22	21.5558	44.6089	44.95799999999997
3:10:49:35	5	10	22	21.2224	47.0902	47.368
3:10:50:50	5	10	22	21.4673	21.8615	21.321999999999935
3:10:52:5	5	10	22	21.9632	35.813	36.24400000000003
3:10:53:15	5	10	22	22.5932	66.791	67.06899999999996
3:10:54:30	5	10	22	20.5362	99.5642	100
3:10:55:40	5	10	22	20.9286	1.2334	0
3:10:56:55	5	10	22	21.1696	29.9799	30.433999999999894
3:10:58:10	5	10	22	21.1696	39.569	39.98499999999987
3:10:59:20	5	10	22	21.7161	35.0936	34.62799999999987
3:11:0:35	5	10	22	21.258	68.4094	68.731
3:11:1:45	5	10	22	21.5361	33.1467	32.51199999999987
3:11:3:0	5	10	22	21.6198	50.2276	50.559500000000014
3:11:4:10	5	10	22	21.2961	52.2755	52.70850000000003
3:11:5:25	5	10	22	21.2961	28.258	27.729999999999873
3:11:6:40	5	10	22	21.6727	26.2769	25.82899999999988
3:11:7:50	5	10	22	21.4536	48.3914	48.67149999999987
3:11:9:5	5	10	22	21.9474	30.2869	29.815000000000044
3:11:10:15	5	10	22	22.536	62.4445	62.7444999999998
3:11:11:30	5	10	22	21.2415	99.5071	100
3:11:12:45	5	10	22	21.6083	10.029	9.121999999999787
3:11:13:55	5	10	22	21.7633	37.0687	37.47799999999989
3:11:15:10	5	10	22	21.666	44.0823	44.535499999999956
3:11:16:20	5	10	22	21.5921	36.2709	35.76599999999991
3:11:17:35	5	10	22	22.0308	29.8757	29.409499999999788
3:11:18:45	5	10	22	22.7202	58.0105	58.44849999999984
3:11:20:0	5	10	22	20.3153	99.6051	100
3:11:21:10	5	10	22	20.654	1.2338	0
3:11:22:25	5	10	22	21.0404	26.9042	27.309999999999945
3:11:23:40	5	10	22	21.1428	45.5449	45.93450000000008
3:11:24:50	5	10	22	20.9909	46.0936	46.37250000000003
3:11:26:5	5	10	22	21.0992	31.4364	30.94149999999995
3:11:27:15	5	10	22	21.6186	33.951	34.23649999999995
3:11:28:30	5	10	22	21.45	65.2648	65.54900000000002
3:11:29:40	5	10	22	21.5727	49.6908	49.242999999999924
3:11:30:55	5	10	22	21.5727	55.5914	55.925000000000054
3:11:32:5	5	10	22	21.4237	53.6802	53.175000000000054
3:11:33:20	5	10	22	22.0198	41.0754	40.60849999999999
3:11:34:30	5	10	22	20.7622	79.7769	80.19899999999998
3:11:35:45	5	10	22	21.1679	1.0474	0
3:11:36:55	5	10	22	21.46	28.0886	28.497999999999966
3:11:38:10	5	10	22	22.0076	42.3108	42.75600000000006
3:11:39:25	5	10	22	21.3392	76.588	76.9275
3:11:40:35	5	10	22	20.8515	28.1989	27.439500000000123
3:11:41:50	5	10	22	21.2653	0.0	0
3:11:43:0	5	10	22	21.5326	25.2984	25.661999999999896
3:11:44:15	5	10	22	22.0295	38.2518	38.63049999999981
3:11:45:25	5	10	22	21.7981	69.4578	69.73999999999982
3:11:46:40	5	10	22	21.1492	51.6738	51.20500000000001
3:11:47:55	5	10	22	21.5543	6.5357	5.929499999999926
3:11:49:5	5	10	22	21.7594	32.8858	33.277
3:11:50:20	5	10	22	22.2996	42.93	43.37999999999987
3:11:51:30	5	10	22	21.1314	78.6	78.96550000000002
3:11:52:45	5	10	22	21.5396	0.0	0
3:11:53:55	5	10	22	21.8343	29.5956	30.072000000000063
3:11:55:10	5	10	22	22.4022	46.0493	46.357999999999976
3:11:56:25	5	10	22	21.4915	83.4119	83.80900000000008
3:11:57:35	5	10	22	20.9658	20.1322	19.23149999999994
3:11:58:50	5	10	22	21.383	0.0	0
3:12:0:0	5	10	22	21.6567	26.2723	26.661499999999823
3:12:1:15	5	10	22	22.1751	40.2188	40.64949999999995
3:12:2:25	5	10	22	21.8522	73.531	73.85249999999992
3:12:3:40	5	10	22	20.6602	73.531	49.53299999999988
3:12:4:50	5	10	22	21.0745	0.0	0
3:12:6:5	5	10	22	21.3663	27.8319	28.262000000000054
3:12:7:15	5	10	22	21.9142	41.5692	41.98899999999995
3:12:8:30	5	10	22	21.1517	75.3836	75.7145000000001
3:12:9:45	5	10	22	21.4971	19.8477	19.17100000000015
3:12:10:55	5	10	22	21.5862	42.6226	42.92000000000001
3:12:12:10	5	10	22	21.4305	44.532	44.91550000000015
3:12:13:20	5	10	22	21.4305	31.9691	31.501999999999935
3:12:14:35	5	10	22	21.7818	29.8884	29.432999999999943
3:12:15:45	5	10	22	21.504	50.7064	51.176500000000075
3:12:17:0	5	10	22	21.8966	29.3854	28.883000000000127
3:12:18:15	5	10	22	22.5297	54.9046	55.273999999999994
3:12:19:25	5	10	22	21.9117	96.6325	97.11099999999993
3:12:20:40	5	10	22	21.2512	53.9237	53.33400000000003
3:12:21:50	5	10	22	21.6379	10.4601	9.747500000000088
3:12:23:5	5	10	22	21.7821	36.0049	36.374999999999915
3:12:24:15	5	10	22	22.3583	42.3442	42.72500000000002
3:12:25:30	5	10	22	21.4402	80.8305	81.24850000000002
3:12:26:45	5	10	22	21.7939	16.6275	15.892000000000095
3:12:27:55	5	10	22	21.8587	42.075	42.44250000000009
3:12:29:10	5	10	22	22.467	43.8457	44.17949999999996
3:12:30:20	5	10	22	21.613	85.2574	85.72999999999996
3:12:31:35	5	10	22	21.0	25.9458	25.24350000000001
3:12:32:45	5	10	22	21.4259	0.0	0
3:12:34:0	5	10	22	21.9208	27.4577	27.8779999999999
3:12:35:10	5	10	22	22.5508	57.0449	57.52099999999999
3:12:36:25	5	10	22	22.0906	98.2811	98.7504999999999
3:12:37:40	5	10	22	21.5753	66.655	66.14049999999988
3:12:38:50	5	10	22	21.7656	33.4388	32.82349999999988
3:12:40:5	5	10	22	21.6676	46.2274	46.59749999999991
3:12:41:15	5	10	22	21.6676	38.0663	37.613999999999976
3:12:42:30	5	10	22	22.0361	36.9921	36.44199999999997
3:12:43:40	5	10	22	22.0361	60.2627	60.57500000000004
3:12:44:55	5	10	22	21.7406	59.4897	58.91300000000004
3:12:46:10	5	10	22	21.893	38.9802	38.408500000000004
3:12:47:20	5	10	22	21.7583	48.8167	49.25700000000002
3:12:48:35	5	10	22	21.6445	39.0863	38.530999999999864
3:12:49:45	5	10	22	21.8436	30.4891	30.03000000000003
3:12:51:0	5	10	22	21.8436	42.4327	42.75849999999987
3:12:52:10	5	10	22	22.4037	41.4985	40.980999999999874
3:12:53:25	5	10	22	23.0513	79.0051	79.406
3:12:54:40	5	10	22	21.6297	99.6155	100
3:12:55:50	5	10	22	22.0334	3.7168	2.506499999999903
3:12:57:5	5	10	22	22.2872	35.7248	36.02199999999995
3:12:58:15	5	10	22	22.2872	51.6475	51.936499999999825
3:12:59:30	5	10	22	21.691	51.6475	52.103499999999826
3:13:0:40	5	10	22	22.0565	12.4773	11.805499999999853
3:13:1:55	5	10	22	22.6122	38.4453	38.8264999999999
3:13:3:5	5	10	22	23.4401	75.7839	76.18050000000002
3:13:4:20	5	10	22	22.7125	99.5565	100
3:13:5:35	5	10	22	22.3339	52.7465	52.128999999999834
3:13:6:45	5	10	22	22.5375	33.385	32.82749999999993
3:13:8:0	5	10	22	22.3682	50.3131	50.64200000000003
3:13:9:10	5	10	22	22.3682	40.9355	40.460500000000046
3:13:10:25	5	10	22	22.2879	42.7857	43.14800000000005
3:13:11:35	5	10	22	22.2397	39.8846	39.36799999999998
3:13:12:50	5	10	22	22.2397	38.2987	37.834999999999894
3:13:14:5	5	10	22	22.2397	38.9195	39.2744999999999
3:13:15:15	5	10	22	22.8246	40.0911	40.47299999999989
3:13:16:30	5	10	22	22.1844	82.1302	82.61449999999996
3:13:17:40	5	10	22	22.4372	39.7018	38.99899999999995
3:13:18:55	5	10	22	22.3126	60.354	60.818
3:13:20:5	5	10	22	22.1734	53.4979	53.01799999999993
3:13:21:20	5	10	22	21.9746	45.9578	45.46000000000001
3:13:22:30	5	10	22	22.0308	33.5717	33.10699999999986
3:13:23:45	5	10	22	22.2756	37.5805	37.907999999999895
3:13:25:0	5	10	22	23.0095	54.5878	54.91699999999999
3:13:26:10	5	10	22	21.1367	99.573	100
3:13:27:25	5	10	22	21.268	0.0	0
3:13:28:35	5	10	22	22.0608	13.8147	14.238499999999963
3:13:29:50	5	10	22	21.2776	65.0368	65.41799999999995
3:13:31:0	5	10	22	21.644	7.7776	6.933999999999898
3:13:32:15	5	10	22	22.1303	32.5326	32.88599999999981
3:13:33:30	5	10	22	21.6576	62.8205	63.314999999999806
3:13:34:35	5	10	22	21.95	29.0664	28.44599999999982
3:13:35:50	5	10	22	21.95	49.1235	49.56549999999986
3:13:37:0	5	10	22	21.6879	48.3367	47.853499999999855
3:13:38:15	5	10	22	21.7644	29.7331	29.256499999999836
3:13:39:25	5	10	22	22.0503	33.9945	34.361499999999786
3:13:40:40	5	10	22	22.7965	52.4319	52.81399999999989
3:13:41:55	5	10	22	21.2096	99.5527	100
3:13:43:5	5	10	22	21.5863	1.2333	0
3:13:44:20	5	10	22	21.9835	29.8995	30.35150000000023
3:13:45:30	5	10	22	22.1522	53.8746	54.203500000000076
3:13:46:45	5	10	22	21.5854	63.5235	63.944000000000166
3:13:47:55	5	10	22	21.8144	24.7485	24.18550000000012
3:13:49:10	5	10	22	21.8144	40.6869	40.976500000000065
3:13:50:25	5	10	22	21.8144	39.3473	38.903500000000065
3:13:51:35	5	10	22	22.2944	38.4779	37.97550000000006
3:13:52:50	5	10	22	23.1242	70.3517	70.6475000000001
3:13:54:0	5	10	22	20.735	99.6109	100
3:13:55:15	5	10	22	21.026	0.0	0
3:13:56:25	5	10	22	21.698	25.619	25.991000000000017
3:13:57:40	5	10	22	20.8744	66.248	66.70600000000006
3:13:58:55	5	10	22	21.2751	4.9002	4.184000000000125
3:14:0:5	5	10	22	21.7811	30.3553	30.722999999999914
3:14:1:20	5	10	22	22.4426	60.0364	60.51499999999994
3:14:2:30	5	10	22	21.6517	99.6242	100
3:14:3:45	5	10	22	21.8774	44.2184	43.5425000000002
3:14:4:55	5	10	22	21.7508	61.2253	61.55450000000018
3:14:6:10	5	10	22	21.5192	51.4337	50.95100000000021
3:14:7:25	5	10	22	21.6702	34.5859	34.1260000000002
3:14:8:35	5	10	22	21.6702	43.1133	43.45000000000019
3:14:9:50	5	10	22	21.5706	41.5852	41.04600000000019
3:14:11:0	5	10	22	22.1476	32.886	32.42500000000003
3:14:12:15	5	10	22	22.9516	70.7594	71.16600000000017
3:14:13:25	5	10	22	22.1729	99.6163	100
3:14:14:40	5	10	22	22.3706	46.8867	46.22899999999996
3:14:15:50	5	10	22	22.1731	64.4753	64.82600000000002
3:14:17:5	5	10	22	21.9095	52.391	51.865500000000154
3:14:18:20	5	10	22	21.9095	35.7865	35.266500000000136
3:14:19:25	5	10	22	22.1419	35.7865	36.13200000000015
3:14:20:40	5	10	22	22.2063	51.658	51.94750000000004
3:14:21:50	5	10	22	21.6803	55.6744	56.002999999999986
3:14:23:5	5	10	22	21.8632	20.4316	19.8925
3:14:24:15	5	10	22	22.3527	33.3501	33.727
3:14:25:30	5	10	22	22.6615	33.3501	66.39349999999996
3:14:26:40	5	10	22	21.7412	86.9132	87.32550000000006
3:14:27:55	5	10	22	21.9237	25.5505	24.667999999999985
3:14:29:10	5	10	22	22.4733	40.2788	40.75050000000006
3:14:30:20	5	10	22	21.8574	77.5334	77.92849999999991
3:14:31:35	5	10	22	22.101	35.0224	34.433999999999926
3:14:32:45	5	10	22	22.0996	53.4701	53.852499999999964
3:14:34:0	5	10	22	21.8032	53.4701	53.041499999999935
3:14:35:10	5	10	22	21.7301	33.2901	32.79850000000004
3:14:36:25	5	10	22	22.0714	28.6511	28.179500000000022
3:14:37:35	5	10	22	22.0714	50.8053	51.08650000000005
3:14:38:50	5	10	22	22.7703	50.1821	49.73700000000005
3:14:40:5	5	10	22	20.6715	98.6722	99.01699999999994
3:14:41:15	5	10	22	20.5339	1.225	0
3:14:42:30	5	10	22	21.3642	0.0	0
3:14:43:40	5	10	22	21.2969	51.099	51.47850000000008
3:14:44:55	5	10	22	21.3116	39.8861	39.43700000000011
3:14:46:5	5	10	22	21.3116	37.7467	37.28699999999995
3:14:47:20	5	10	22	21.5574	34.2545	33.77149999999995
3:14:48:35	5	10	22	21.4227	47.1593	47.535500000000134
3:14:49:45	5	10	22	21.4227	35.1879	34.66449999999997
3:14:51:0	5	10	22	22.0517	32.9816	32.451499999999974
3:14:52:10	5	10	22	22.8088	73.1445	73.59500000000006
3:14:53:25	5	10	22	21.9112	99.5081	100
3:14:54:35	5	10	22	22.1892	38.1428	37.42649999999996
3:14:55:50	5	10	22	22.1892	60.6403	60.93049999999988
3:14:57:5	5	10	22	21.8362	60.6403	60.486499999999886
3:14:58:15	5	10	22	21.6973	37.2446	36.722500000000025
3:14:59:30	5	10	22	22.037	28.4755	27.945499999999804
3:15:0:40	5	10	22	22.1224	50.6228	50.90549999999985
3:15:1:55	5	10	22	21.64	54.9869	55.369999999999834
3:15:3:10	5	10	22	21.7564	22.3964	21.786999999999942
3:15:4:20	5	10	22	22.2026	30.2537	30.546999999999848
3:15:5:35	5	10	22	22.0626	59.5135	59.98099999999992
3:15:6:45	5	10	22	21.9884	49.4507	48.96299999999988
3:15:8:0	5	10	22	21.8608	45.2995	44.7819999999998
3:15:9:10	5	10	22	21.958	36.6873	36.16299999999997
3:15:10:25	5	10	22	21.884	42.5704	42.90899999999977
3:15:11:35	5	10	22	21.918	37.5938	37.032999999999916
3:15:12:50	5	10	22	21.918	38.7734	39.20299999999983
3:15:14:5	5	10	22	22.5317	38.7734	38.622999999999834
3:15:15:15	5	10	22	23.2136	80.6899	81.17199999999994
3:15:16:30	5	10	22	21.4459	99.5064	100
3:15:17:40	5	10	22	21.8311	1.2329	0
3:15:18:55	5	10	22	22.1172	32.7215	33.031999999999826
3:15:20:10	5	10	22	22.0418	49.9511	50.288499999999914
3:15:21:20	5	10	22	21.8636	44.6617	44.16599999999978
3:15:22:35	5	10	22	21.9986	32.7993	32.278000000000006
3:15:23:45	5	10	22	22.6064	41.5769	41.936999999999856
3:15:25:0	5	10	22	23.7021	83.3221	83.80099999999993
3:15:26:10	5	10	22	22.8006	99.5737	100
3:15:27:25	5	10	22	22.7137	40.6269	39.92699999999985
3:15:28:35	5	10	22	22.8532	41.9086	42.35449999999986
3:15:29:50	5	10	22	22.6754	55.6999	56.122499999999974
3:15:31:5	5	10	22	22.4691	47.6944	47.24499999999988
3:15:32:15	5	10	22	22.3768	37.5591	37.069999999999965
3:15:33:30	5	10	22	22.417	34.449	33.98599999999985
3:15:34:40	5	10	22	23.0149	38.7693	39.14550000000001
3:15:35:55	5	10	22	24.1327	82.5996	82.88249999999995
3:15:37:5	5	10	22	22.1244	99.5552	100
3:15:38:20	5	10	22	21.7077	1.2334	0
3:15:39:30	5	10	22	22.06	0.0	0
3:15:40:45	5	10	22	22.3306	24.9291	25.28299999999998
3:15:42:0	5	10	22	22.269	42.4166	42.76350000000009
3:15:43:10	5	10	22	22.1881	39.2853	38.751499999999936
3:15:44:25	5	10	22	22.1881	35.1905	34.74149999999996
3:15:45:35	5	10	22	22.4704	35.7725	36.08649999999995
3:15:46:50	5	10	22	23.2111	56.3276	56.788000000000146
3:15:48:0	5	10	22	21.0294	99.5893	100
3:15:49:15	5	10	22	20.1898	99.5893	0
3:15:50:25	5	10	22	19.9333	0.0	0
3:15:51:40	5	10	22	20.3015	0.0	0
3:15:52:55	5	10	22	20.6349	16.4157	16.723000000000123
3:15:54:5	5	10	22	21.1153	29.3498	29.727499999999942
3:15:55:20	5	10	22	21.4597	54.5032	54.863000000000156
3:15:56:30	5	10	22	21.3893	71.8054	72.14550000000017
3:15:57:45	5	10	22	21.3893	63.2536	62.79399999999997
3:15:58:55	5	10	22	21.2363	60.5913	60.09249999999997
3:16:0:10	5	10	22	21.0062	46.8847	46.32900000000006
3:16:1:25	5	10	22	21.1143	27.6504	27.168500000000037
3:16:2:35	5	10	22	21.2647	30.5434	30.91700000000006
3:16:3:50	5	10	22	21.8154	36.1716	36.47600000000014
3:16:5:0	5	10	22	22.7059	70.2605	70.59650000000008
3:16:6:15	5	10	22	21.6275	99.6097	100
3:16:7:25	5	10	22	21.6153	24.601	23.589000000000112
3:16:8:40	5	10	22	21.8902	25.8422	26.264500000000112
3:16:9:50	5	10	22	21.9842	43.2992	43.64500000000004
3:16:11:5	5	10	22	21.7538	47.8839	48.30150000000013
3:16:12:20	5	10	22	21.7629	32.0746	31.62449999999992
3:16:13:30	5	10	22	21.8607	32.0746	32.18249999999993
3:16:14:45	5	10	22	22.3817	37.5134	37.797500000000134
3:16:15:55	5	10	22	23.2688	72.725	73.08199999999994
3:16:17:10	5	10	22	22.1159	99.5004	100
3:16:18:25	5	10	22	21.9862	22.031	21.205500000000058
3:16:19:35	5	10	22	22.2453	18.9971	18.470500000000072
3:16:20:50	5	10	22	22.2453	36.8251	37.18700000000008
3:16:22:0	5	10	22	22.767	36.8251	37.11800000000008
3:16:23:15	5	10	22	23.4284	74.4613	74.86350000000002
3:16:24:25	5	10	22	21.7972	99.5322	100
3:16:25:40	5	10	22	22.1129	0.0	0
3:16:26:55	5	10	22	22.3295	28.7859	29.240999999999975
3:16:28:5	5	10	22	22.2756	42.947	43.38899999999995
3:16:29:20	5	10	22	22.1444	40.6519	40.18050000000004
3:16:30:30	5	10	22	22.0393	33.141	32.64400000000005
3:16:31:45	5	10	22	22.4856	27.1853	26.66500000000004
3:16:32:55	5	10	22	23.1235	58.3455	58.6280000000001
3:16:34:10	5	10	22	21.7128	99.6083	100
3:16:35:20	5	10	22	21.438	4.8783	3.6790000000001157
3:16:36:35	5	10	22	21.7342	0.0	0
3:16:37:45	5	10	22	21.9604	18.8989	19.29800000000018
3:16:39:0	5	10	22	22.3583	31.9388	32.322000000000074
3:16:40:15	5	10	22	22.8927	58.4505	58.846000000000075
3:16:41:25	5	10	22	21.3916	95.6617	96.05600000000018
3:16:42:40	5	10	22	21.6946	0.0	0
3:16:43:50	5	10	22	21.933	25.3096	25.673500000000065
3:16:45:5	5	10	22	22.3808	38.9071	39.31949999999997
3:16:46:15	5	10	22	22.9393	68.6581	69.13850000000004
3:16:47:30	5	10	22	21.3322	99.5887	100
3:16:48:40	5	10	22	21.6298	1.2337	0
3:16:49:55	5	10	22	21.8547	25.1683	25.52849999999994
3:16:51:10	5	10	22	22.2876	37.5821	37.93250000000006
3:16:52:20	5	10	22	21.6768	65.9406	66.38450000000006
3:16:53:35	5	10	22	21.9012	23.49	22.901999999999987
3:16:54:45	5	10	22	22.0169	39.7466	40.047999999999945
3:16:56:0	5	10	22	21.7458	46.144	46.53099999999997
3:16:57:10	5	10	22	22.2126	27.5366	27.059999999999928
3:16:58:25	5	10	22	21.8957	59.5237	59.82049999999987
3:16:59:40	5	10	22	22.0286	36.8814	36.36650000000009
3:17:0:50	5	10	22	22.1128	46.3229	46.73250000000003
3:17:2:5	5	10	22	21.7256	51.8152	52.104999999999976
3:17:3:15	5	10	22	22.2694	25.692	25.14399999999998
3:17:4:30	5	10	22	21.8999	63.371	63.77400000000004
3:17:5:40	5	10	22	21.9867	37.0865	36.53699999999989
3:17:6:55	5	10	22	22.0549	43.5644	43.95999999999991
3:17:8:5	5	10	22	21.9074	47.861	48.233499999999964
3:17:9:20	5	10	22	22.8446	38.3904	37.8419999999999
3:17:10:30	5	10	22	20.8141	99.42	100
3:17:11:45	5	10	22	21.0913	1.2336	0
3:17:13:0	5	10	22	21.3395	23.3469	23.627000000000038
3:17:14:10	5	10	22	21.464	34.7728	35.071500000000086
3:17:15:25	5	10	22	21.8743	38.8974	39.242999999999924
3:17:16:35	5	10	22	22.7101	64.2953	64.66150000000013
3:17:17:50	5	10	22	22.8096	99.5314	100
3:17:19:0	5	10	22	21.0544	99.5314	100
3:17:20:15	5	10	22	20.8284	1.2331	0
3:17:21:30	5	10	22	21.3486	0.0	0
3:17:22:40	5	10	22	21.4236	31.4002	31.686000000000192
3:17:23:55	5	10	22	21.8127	31.4002	31.078000000000134
3:17:25:5	5	10	22	22.3214	54.7456	55.05800000000008
3:17:26:20	5	10	22	20.565	87.4744	87.78500000000015
3:17:27:30	5	10	22	20.8325	1.1197	0
3:17:28:45	5	10	22	21.0168	19.9359	20.331999999999883
3:17:29:55	5	10	22	21.1138	25.7352	26.057999999999915
3:17:31:10	5	10	22	21.4725	26.731	27.010500000000004
3:17:32:25	5	10	22	21.6278	46.7625	47.20349999999993
3:17:33:35	5	10	22	21.5848	53.2471	53.64349999999996
3:17:34:50	5	10	22	21.6223	48.4726	47.99600000000001
3:17:36:0	5	10	22	21.393	48.4726	48.75999999999986
3:17:37:15	5	10	22	21.8945	31.0979	30.632999999999974
3:17:38:30	5	10	22	21.8771	63.5441	63.84949999999997
3:17:39:40	5	10	22	21.5955	60.0781	59.59649999999983
3:17:40:55	5	10	22	21.6361	39.849	39.35700000000001
3:17:42:5	5	10	22	21.4983	41.1357	41.58449999999985
3:17:43:20	5	10	22	22.2669	30.3593	29.915999999999954
3:17:44:30	5	10	22	21.2547	81.5182	81.8984999999999
3:17:45:45	5	10	22	21.4555	9.5195	8.535999999999902
3:17:47:0	5	10	22	21.6344	23.4943	23.92649999999997
3:17:48:10	5	10	22	21.6344	32.3609	32.72299999999988
3:17:49:25	5	10	22	22.3564	30.5793	30.00049999999988
3:17:50:35	5	10	22	23.2892	78.3758	78.71249999999998
3:17:51:50	5	10	22	20.8573	99.6039	100
3:17:53:5	5	10	22	21.0269	0.0	0
3:17:54:15	5	10	22	21.2609	17.9538	18.31800000000019
3:17:55:30	5	10	22	21.86	28.4972	28.984500000000057
3:17:56:40	5	10	22	22.1521	65.6626	66.05600000000005
3:17:57:55	5	10	22	21.4275	82.4852	82.80750000000015
3:17:59:5	5	10	22	21.4275	32.1632	31.38549999999998
3:18:0:20	5	10	22	21.6316	32.1632	32.14599999999999
3:18:1:30	5	10	22	22.0823	43.2876	43.57050000000001
3:18:2:45	5	10	22	22.8967	71.8088	72.25700000000009
3:18:4:0	5	10	22	20.7267	99.63	100
3:18:5:10	5	10	22	20.6868	1.2341	0
3:18:6:25	5	10	22	21.1389	1.2341	1.6905000000000392
3:18:7:35	5	10	22	21.1389	26.6055	26.9709999999999
3:18:8:50	5	10	22	21.4521	20.8558	20.40499999999991
3:18:10:0	5	10	22	21.7926	37.7004	38.02350000000004
3:18:11:15	5	10	22	22.1589	37.7004	57.55299999999995
3:18:12:30	5	10	22	21.4121	79.9659	80.45449999999988
3:18:13:40	5	10	22	21.4121	27.9354	27.14149999999985
3:18:14:55	5	10	22	21.8044	27.9354	27.935999999999847
3:18:16:5	5	10	22	22.2406	52.123	52.4575
3:18:17:20	5	10	22	21.4241	79.6304	80.05199999999996
3:18:18:30	5	10	22	21.5622	22.7589	21.91899999999987
3:18:19:40	5	10	22	21.6356	32.3606	32.78899999999997
3:18:20:55	5	10	22	21.9918	34.5602	35.04749999999993
3:18:22:5	5	10	22	22.4384	57.491	57.79250000000002
3:18:23:20	5	10	22	20.8775	86.7646	87.23250000000003
3:18:24:30	5	10	22	21.0864	1.1131	0
3:18:25:45	5	10	22	21.2593	16.3183	16.814999999999998
3:18:26:55	5	10	22	21.3426	22.8988	23.3054999999999
3:18:28:10	5	10	22	21.6229	24.1439	24.568499999999993
