1:22:33:20	5	13	22	28.9377	99.5388	99.5388
1:22:34:30	5	13	22	28.9377	99.5388	100
1:22:35:45	5	13	22	28.9377	99.5388	100
1:22:36:55	5	13	22	28.9377	99.5388	100
1:22:38:10	5	13	22	28.9377	99.5388	100
1:22:39:20	5	13	22	28.9377	99.5388	100
1:22:40:35	5	13	22	28.9377	99.5388	100
1:22:41:45	5	13	22	28.9377	99.5388	100
1:22:43:0	5	13	22	28.9377	99.5388	100
1:22:44:10	5	13	22	28.9377	99.5388	100
1:22:45:25	5	13	22	28.9377	99.5388	100
1:22:46:35	5	13	22	28.9377	99.5388	100
1:22:47:50	5	13	22	28.9377	99.5388	100
1:22:49:0	5	13	22	28.9377	99.5388	100
1:22:50:15	5	13	22	28.9377	99.5388	100
1:22:51:25	5	13	22	28.9377	99.5388	100
1:22:52:40	5	13	22	28.9377	99.5388	100
1:22:53:50	5	13	22	28.9377	99.5388	100
1:22:55:5	5	13	22	28.9377	99.5388	100
1:22:56:15	5	13	22	28.9377	99.5388	100
1:22:57:25	5	13	22	28.9377	99.5388	100
1:22:58:40	5	13	22	28.9377	99.5388	100
1:22:59:55	5	13	22	28.9377	99.5388	100
1:23:1:5	5	13	22	28.9377	99.5388	100
1:23:2:20	5	13	22	28.9377	99.5388	100
1:23:3:30	5	13	22	28.9377	99.5388	100
1:23:4:45	5	13	22	28.9377	99.5388	100
1:23:5:55	5	13	22	28.9377	99.5388	100
1:23:7:10	5	13	22	28.9377	99.5388	100
1:23:8:20	5	13	22	28.9377	99.5388	100
1:23:9:35	5	13	22	28.9377	99.5388	100
1:23:10:45	5	13	22	28.9377	99.5388	100
1:23:12:0	5	13	22	28.9377	99.5388	100
1:23:13:10	5	13	22	28.9377	99.5388	100
1:23:14:25	5	13	22	28.9377	99.5388	100
1:23:15:35	5	13	22	28.9377	99.5388	100
1:23:16:50	5	13	22	28.9377	99.5388	100
1:23:18:0	5	13	22	28.9377	99.5388	100
1:23:19:15	5	13	22	28.9377	99.5388	100
1:23:20:25	5	13	22	28.9377	99.5388	100
1:23:21:40	5	13	22	28.9377	99.5388	100
1:23:22:50	5	13	22	28.9377	99.5388	100
1:23:24:5	5	13	22	28.9377	99.5388	100
1:23:25:15	5	13	22	28.9377	99.5388	100
1:23:26:30	5	13	22	28.9377	99.5388	100
1:23:27:40	5	13	22	28.9377	99.5388	100
1:23:28:55	5	13	22	28.9377	99.5388	100
1:23:30:5	5	13	22	28.9377	99.5388	100
1:23:31:20	5	13	22	28.9377	99.5388	100
1:23:32:30	5	13	22	28.9377	99.5388	100
1:23:33:45	5	13	22	28.9377	99.5388	100
1:23:34:55	5	13	22	28.9377	99.5388	100
1:23:36:10	5	13	22	28.9377	99.5388	100
1:23:37:20	5	13	22	28.9377	99.5388	100
1:23:38:35	5	13	22	28.9377	99.5388	100
1:23:39:45	5	13	22	28.9377	99.5388	100
1:23:41:0	5	13	22	28.9377	99.5388	100
1:23:42:10	5	13	22	28.9377	99.5388	100
1:23:43:25	5	13	22	28.9377	99.5388	100
1:23:44:35	5	13	22	28.9377	99.5388	100
1:23:45:50	5	13	22	28.9377	99.5388	100
1:23:47:0	5	13	22	28.9377	99.5388	100
1:23:48:15	5	13	22	28.9377	99.5388	100
1:23:49:25	5	13	22	28.9377	99.5388	100
1:23:50:40	5	13	22	28.9377	99.5388	100
1:23:51:50	5	13	22	28.9377	99.5388	100
1:23:53:5	5	13	22	28.9377	99.5388	100
1:23:54:15	5	13	22	28.9377	99.5388	100
1:23:55:30	5	13	22	28.9377	99.5388	100
1:23:56:40	5	13	22	28.9377	99.5388	100
1:23:57:55	5	13	22	28.9377	99.5388	100
1:23:59:5	5	13	22	28.9377	99.5388	100
2:0:0:20	5	13	22	28.9377	99.5388	100
2:0:1:30	5	13	22	28.9377	99.5388	100
2:0:2:45	5	13	22	28.9377	99.5388	100
2:0:3:55	5	13	22	28.9377	99.5388	100
2:0:5:10	5	13	22	28.9377	99.5388	100
2:0:6:20	5	13	22	28.9377	99.5388	100
2:0:7:35	5	13	22	28.9377	99.5388	100
2:0:8:45	5	13	22	28.9377	99.5388	100
2:0:10:0	5	13	22	28.9377	99.5388	100
2:0:11:10	5	13	22	28.9377	99.5388	100
2:0:12:25	5	13	22	28.9377	99.5388	100
2:0:13:35	5	13	22	28.9377	99.5388	100
2:0:14:45	5	13	22	28.9377	99.5388	100
2:0:16:0	5	13	22	28.9377	99.5388	100
2:0:17:15	5	13	22	28.9377	99.5388	100
2:0:18:25	5	13	22	28.9377	99.5388	100
2:0:19:35	5	13	22	28.9377	99.5388	100
2:0:20:50	5	13	22	28.9377	99.5388	100
2:0:22:5	5	13	22	28.9377	99.5388	100
2:0:23:15	5	13	22	28.9377	99.5388	100
2:0:24:30	5	13	22	28.9377	99.5388	100
2:0:25:40	5	13	22	28.9377	99.5388	100
2:0:26:55	5	13	22	28.9377	99.5388	100
2:0:28:5	5	13	22	28.9377	99.5388	100
2:0:29:15	5	13	22	28.9377	99.5388	100
2:0:30:25	5	13	22	28.9377	99.5388	100
2:0:31:35	5	13	22	28.9377	99.5388	100
2:0:32:50	5	13	22	28.9377	99.5388	100
2:0:34:0	5	13	22	28.9377	99.5388	100
2:0:35:15	5	13	22	28.9377	99.5388	100
2:0:36:25	5	13	22	28.9377	99.5388	100
2:0:37:40	5	13	22	28.9377	99.5388	100
2:0:38:55	5	13	22	28.9377	99.5388	100
2:0:40:5	5	13	22	28.9377	99.5388	100
2:0:41:20	5	13	22	28.9377	99.5388	100
2:0:42:30	5	13	22	28.9377	99.5388	100
2:0:43:45	5	13	22	28.9377	99.5388	100
2:0:44:55	5	13	22	28.9377	99.5388	100
2:0:46:10	5	13	22	28.9377	99.5388	100
2:0:47:20	5	13	22	28.9377	99.5388	100
2:0:48:35	5	13	22	28.9377	99.5388	100
2:0:49:45	5	13	22	28.9377	99.5388	100
2:0:51:0	5	13	22	28.9377	99.5388	100
2:0:52:10	5	13	22	28.9377	99.5388	100
2:0:53:25	5	13	22	28.9377	99.5388	100
2:0:54:35	5	13	22	28.9377	99.5388	100
2:0:55:50	5	13	22	28.9377	99.5388	100
2:0:57:0	5	13	22	28.9377	99.5388	100
2:0:58:15	5	13	22	28.9377	99.5388	100
2:0:59:25	5	13	22	28.9377	99.5388	100
2:1:0:40	5	13	22	28.9377	99.5388	100
2:1:1:50	5	13	22	28.9377	99.5388	100
2:1:3:5	5	13	22	28.9377	99.5388	100
2:1:4:15	5	13	22	28.9377	99.5388	100
2:1:5:30	5	13	22	28.9377	99.5388	100
2:1:6:40	5	13	22	28.9377	99.5388	100
2:1:7:55	5	13	22	28.9377	99.5388	100
2:1:9:5	5	13	22	28.9377	99.5388	100
2:1:10:20	5	13	22	28.9377	99.5388	100
2:1:11:30	5	13	22	28.9377	99.5388	100
2:1:12:45	5	13	22	28.9377	99.5388	100
2:1:13:55	5	13	22	28.9377	99.5388	100
2:1:15:10	5	13	22	28.9377	99.5388	100
2:1:16:20	5	13	22	28.9377	99.5388	100
2:1:17:35	5	13	22	28.9377	99.5388	100
2:1:18:45	5	13	22	28.9377	99.5388	100
2:1:20:0	5	13	22	28.9377	99.5388	100
2:1:21:10	5	13	22	28.9377	99.5388	100
2:1:22:25	5	13	22	28.9377	99.5388	100
2:1:23:35	5	13	22	28.9377	99.5388	100
2:1:24:50	5	13	22	28.9377	99.5388	100
2:1:26:0	5	13	22	28.9377	99.5388	100
2:1:27:15	5	13	22	28.9377	99.5388	100
2:1:28:25	5	13	22	28.9377	99.5388	100
2:1:29:40	5	13	22	28.9377	99.5388	100
2:1:30:50	5	13	22	28.9377	99.5388	100
2:1:32:5	5	13	22	28.9377	99.5388	100
2:1:33:15	5	13	22	28.9377	99.5388	100
2:1:34:30	5	13	22	28.9377	99.5388	100
2:1:35:40	5	13	22	28.9377	99.5388	100
2:1:36:55	5	13	22	28.9377	99.5388	100
2:1:38:5	5	13	22	28.9377	99.5388	100
2:1:39:20	5	13	22	28.9377	99.5388	100
2:1:40:30	5	13	22	28.9377	99.5388	100
2:1:41:45	5	13	22	28.9377	99.5388	100
2:1:42:55	5	13	22	28.9377	99.5388	100
2:1:44:10	5	13	22	28.9377	99.5388	100
2:1:45:20	5	13	22	28.9377	99.5388	100
2:1:46:35	5	13	22	28.9377	99.5388	100
2:1:47:45	5	13	22	28.9377	99.5388	100
2:1:49:0	5	13	22	28.9377	99.5388	100
2:1:50:10	5	13	22	28.9377	99.5388	100
2:1:51:25	5	13	22	28.9377	99.5388	100
2:1:52:35	5	13	22	28.9377	99.5388	100
2:1:53:50	5	13	22	28.9377	99.5388	100
2:1:55:0	5	13	22	28.9377	99.5388	100
2:1:56:15	5	13	22	28.9377	99.5388	100
2:1:57:25	5	13	22	28.9377	99.5388	100
2:1:58:40	5	13	22	28.9377	99.5388	100
2:1:59:50	5	13	22	28.9377	99.5388	100
2:2:1:5	5	13	22	28.9377	99.5388	100
2:2:2:15	5	13	22	28.9377	99.5388	100
2:2:3:30	5	13	22	28.9377	99.5388	100
2:2:4:45	5	13	22	28.9377	99.5388	100
2:2:5:55	5	13	22	28.9377	99.5388	100
2:2:7:5	5	13	22	28.9377	99.5388	100
2:2:8:20	5	13	22	28.9377	99.5388	100
2:2:9:35	5	13	22	28.9377	99.5388	100
2:2:10:45	5	13	22	28.9377	99.5388	100
2:2:12:0	5	13	22	28.9377	99.5388	100
2:2:13:10	5	13	22	28.9377	99.5388	100
2:2:14:25	5	13	22	28.9377	99.5388	100
2:2:15:35	5	13	22	28.9377	99.5388	100
2:2:16:50	5	13	22	28.9377	99.5388	100
2:2:18:0	5	13	22	28.9377	99.5388	100
2:2:19:15	5	13	22	28.9377	99.5388	100
2:2:20:25	5	13	22	28.9377	99.5388	100
2:2:21:40	5	13	22	28.9377	99.5388	100
2:2:22:50	5	13	22	28.9377	99.5388	100
2:2:24:5	5	13	22	28.9377	99.5388	100
2:2:25:15	5	13	22	28.9377	99.5388	100
2:2:26:30	5	13	22	28.9377	99.5388	100
2:2:27:40	5	13	22	28.9377	99.5388	100
2:2:28:50	5	13	22	28.9377	99.5388	100
2:2:30:5	5	13	22	28.9377	99.5388	100
2:2:31:20	5	13	22	28.9377	99.5388	100
2:2:32:30	5	13	22	28.9377	99.5388	100
2:2:33:40	5	13	22	28.9377	99.5388	100
2:2:34:55	5	13	22	28.9377	99.5388	100
2:2:36:5	5	13	22	28.9377	99.5388	100
2:2:37:20	5	13	22	28.9377	99.5388	100
2:2:38:30	5	13	22	28.9377	99.5388	100
2:2:39:45	5	13	22	28.9377	99.5388	100
2:2:40:55	5	13	22	28.9377	99.5388	100
2:2:42:10	5	13	22	28.9377	99.5388	100
2:2:43:20	5	13	22	28.9377	99.5388	100
2:2:44:35	5	13	22	28.9377	99.5388	100
2:2:45:45	5	13	22	28.9377	99.5388	100
2:2:47:0	5	13	22	28.9377	99.5388	100
2:2:48:10	5	13	22	28.9377	99.5388	100
2:2:49:25	5	13	22	28.9377	99.5388	100
2:2:50:40	5	13	22	28.9377	99.5388	100
2:2:51:50	5	13	22	28.9377	99.5388	100
2:2:53:0	5	13	22	28.9377	99.5388	100
2:2:54:15	5	13	22	28.9377	99.5388	100
2:2:55:25	5	13	22	28.9377	99.5388	100
2:2:56:40	5	13	22	28.9377	99.5388	100
2:2:57:50	5	13	22	28.9377	99.5388	100
2:2:59:5	5	13	22	28.9377	99.5388	100
2:3:0:15	5	13	22	28.9377	99.5388	100
2:3:1:30	5	13	22	28.9377	99.5388	100
2:3:2:40	5	13	22	28.9377	99.5388	100
2:3:3:55	5	13	22	28.9377	99.5388	100
2:3:5:10	5	13	22	28.9377	99.5388	100
2:3:6:20	5	13	22	28.9377	99.5388	100
2:3:7:35	5	13	22	28.9377	99.5388	100
2:3:8:45	5	13	22	28.9377	99.5388	100
2:3:9:55	5	13	22	28.9377	99.5388	100
2:3:11:10	5	13	22	28.9377	99.5388	100
2:3:12:25	5	13	22	28.9377	99.5388	100
2:3:13:35	5	13	22	28.9377	99.5388	100
2:3:14:50	5	13	22	28.9377	99.5388	100
2:3:16:0	5	13	22	28.9377	99.5388	100
2:3:17:15	5	13	22	28.9377	99.5388	100
2:3:18:25	5	13	22	28.9377	99.5388	100
2:3:19:40	5	13	22	28.9377	99.5388	100
2:3:20:50	5	13	22	28.9377	99.5388	100
2:3:22:5	5	13	22	28.9377	99.5388	100
2:3:23:15	5	13	22	28.9377	99.5388	100
2:3:24:30	5	13	22	28.9377	99.5388	100
2:3:25:40	5	13	22	28.9377	99.5388	100
2:3:26:55	5	13	22	28.9377	99.5388	100
2:3:28:5	5	13	22	28.9377	99.5388	100
2:3:29:15	5	13	22	28.9377	99.5388	100
2:3:30:30	5	13	22	28.9377	99.5388	100
2:3:31:40	5	13	22	28.9377	99.5388	100
2:3:32:55	5	13	22	28.9377	99.5388	100
2:3:34:5	5	13	22	28.9377	99.5388	100
2:3:35:20	5	13	22	28.9377	99.5388	100
2:3:36:30	5	13	22	28.9377	99.5388	100
2:3:37:45	5	13	22	28.9377	99.5388	100
2:3:39:0	5	13	22	28.9377	99.5388	100
2:3:40:10	5	13	22	28.9377	99.5388	100
2:3:41:25	5	13	22	28.9377	99.5388	100
2:3:42:35	5	13	22	28.9377	99.5388	100
2:3:43:45	5	13	22	28.9377	99.5388	100
2:3:45:0	5	13	22	28.9377	99.5388	100
2:3:46:10	5	13	22	28.9377	99.5388	100
2:3:47:25	5	13	22	28.9377	99.5388	100
2:3:48:35	5	13	22	28.9377	99.5388	100
2:3:49:50	5	13	22	28.9377	99.5388	100
2:3:51:0	5	13	22	28.9377	99.5388	100
2:3:52:15	5	13	22	28.9377	99.5388	100
2:3:53:25	5	13	22	28.9377	99.5388	100
2:3:54:40	5	13	22	28.9377	99.5388	100
2:3:55:50	5	13	22	28.9377	99.5388	100
2:3:57:5	5	13	22	28.9377	99.5388	100
2:3:58:15	5	13	22	28.9377	99.5388	100
2:3:59:30	5	13	22	28.9377	99.5388	100
2:4:0:40	5	13	22	28.9377	99.5388	100
2:4:1:55	5	13	22	28.9377	99.5388	100
2:4:3:5	5	13	22	28.9377	99.5388	100
2:4:4:20	5	13	22	28.9377	99.5388	100
2:4:5:30	5	13	22	28.9377	99.5388	100
2:4:6:45	5	13	22	28.9377	99.5388	100
2:4:7:55	5	13	22	28.9377	99.5388	100
2:4:9:10	5	13	22	28.9377	99.5388	100
2:4:10:20	5	13	22	28.9377	99.5388	100
2:4:11:35	5	13	22	28.9377	99.5388	100
2:4:12:45	5	13	22	28.9377	99.5388	100
2:4:14:0	5	13	22	28.9377	99.5388	100
2:4:15:10	5	13	22	28.9377	99.5388	100
2:4:16:25	5	13	22	28.9377	99.5388	100
2:4:17:35	5	13	22	28.9377	99.5388	100
2:4:18:50	5	13	22	28.9377	99.5388	100
2:4:20:0	5	13	22	28.9377	99.5388	100
2:4:21:15	5	13	22	28.9377	99.5388	100
2:4:22:25	5	13	22	28.9377	99.5388	100
2:4:23:40	5	13	22	28.9377	99.5388	100
2:4:24:55	5	13	22	28.9377	99.5388	100
2:4:26:5	5	13	22	28.9377	99.5388	100
2:4:27:15	5	13	22	28.9377	99.5388	100
2:4:28:30	5	13	22	28.9377	99.5388	100
2:4:29:40	5	13	22	28.9377	99.5388	100
2:4:30:55	5	13	22	28.9377	99.5388	100
2:4:32:5	5	13	22	28.9377	99.5388	100
2:4:33:20	5	13	22	28.9377	99.5388	100
2:4:34:30	5	13	22	28.9377	99.5388	100
2:4:35:45	5	13	22	28.9377	99.5388	100
2:4:36:55	5	13	22	28.9377	99.5388	100
2:4:38:10	5	13	22	28.9377	99.5388	100
2:4:39:20	5	13	22	28.9377	99.5388	100
2:4:40:35	5	13	22	28.9377	99.5388	100
2:4:41:45	5	13	22	28.9377	99.5388	100
2:4:43:0	5	13	22	28.9377	99.5388	100
2:4:44:10	5	13	22	28.9377	99.5388	100
2:4:45:25	5	13	22	28.9377	99.5388	100
2:4:46:35	5	13	22	28.9377	99.5388	100
2:4:47:50	5	13	22	28.9377	99.5388	100
2:4:49:0	5	13	22	28.9377	99.5388	100
2:4:50:15	5	13	22	28.9377	99.5388	100
2:4:51:25	5	13	22	28.9377	99.5388	100
2:4:52:40	5	13	22	28.9377	99.5388	100
2:4:53:50	5	13	22	28.9377	99.5388	100
2:4:55:5	5	13	22	28.9377	99.5388	100
2:4:56:15	5	13	22	28.9377	99.5388	100
2:4:57:30	5	13	22	28.9377	99.5388	100
2:4:58:40	5	13	22	28.9377	99.5388	100
2:4:59:55	5	13	22	28.9377	99.5388	100
2:5:1:5	5	13	22	28.9377	99.5388	100
2:5:2:20	5	13	22	28.9377	99.5388	100
2:5:3:30	5	13	22	28.9377	99.5388	100
2:5:4:45	5	13	22	28.9377	99.5388	100
2:5:5:55	5	13	22	28.9377	99.5388	100
2:5:7:10	5	13	22	28.9377	99.5388	100
2:5:8:20	5	13	22	28.9377	99.5388	100
2:5:9:35	5	13	22	28.9377	99.5388	100
2:5:10:45	5	13	22	28.9377	99.5388	100
2:5:12:0	5	13	22	28.9377	99.5388	100
2:5:13:10	5	13	22	28.9377	99.5388	100
2:5:14:25	5	13	22	28.9377	99.5388	100
2:5:15:35	5	13	22	28.9377	99.5388	100
2:5:16:50	5	13	22	28.9377	99.5388	100
2:5:18:0	5	13	22	28.9377	99.5388	100
2:5:19:15	5	13	22	28.9377	99.5388	100
2:5:20:25	5	13	22	28.9377	99.5388	100
2:5:21:40	5	13	22	28.9377	99.5388	100
2:5:22:50	5	13	22	28.9377	99.5388	100
2:5:24:5	5	13	22	28.9377	99.5388	100
2:5:25:15	5	13	22	28.9377	99.5388	100
2:5:26:30	5	13	22	28.9377	99.5388	100
2:5:27:40	5	13	22	28.9377	99.5388	100
2:5:28:55	5	13	22	28.9377	99.5388	100
2:5:30:5	5	13	22	28.9377	99.5388	100
2:5:31:20	5	13	22	28.9377	99.5388	100
2:5:32:30	5	13	22	28.9377	99.5388	100
2:5:33:45	5	13	22	28.9377	99.5388	100
2:5:34:55	5	13	22	28.9377	99.5388	100
2:5:36:10	5	13	22	28.9377	99.5388	100
2:5:37:20	5	13	22	28.9377	99.5388	100
2:5:38:35	5	13	22	28.9377	99.5388	100
2:5:39:45	5	13	22	28.9377	99.5388	100
2:5:41:0	5	13	22	28.9377	99.5388	100
2:5:42:10	5	13	22	28.9377	99.5388	100
2:5:43:25	5	13	22	28.9377	99.5388	100
2:5:44:35	5	13	22	28.9377	99.5388	100
2:5:45:50	5	13	22	28.9377	99.5388	100
2:5:47:0	5	13	22	28.9377	99.5388	100
2:5:48:15	5	13	22	28.9377	99.5388	100
2:5:49:25	5	13	22	28.9377	99.5388	100
2:5:50:40	5	13	22	28.9377	99.5388	100
2:5:51:50	5	13	22	28.9377	99.5388	100
2:5:53:5	5	13	22	28.9377	99.5388	100
2:5:54:15	5	13	22	28.9377	99.5388	100
2:5:55:30	5	13	22	28.9377	99.5388	100
2:5:56:40	5	13	22	28.9377	99.5388	100
2:5:57:55	5	13	22	28.9377	99.5388	100
2:5:59:5	5	13	22	28.9377	99.5388	100
2:6:0:20	5	13	22	28.9377	99.5388	100
2:6:1:30	5	13	22	28.9377	99.5388	100
2:6:2:45	5	13	22	28.9377	99.5388	100
2:6:3:55	5	13	22	28.9377	99.5388	100
2:6:5:10	5	13	22	28.9377	99.5388	100
2:6:6:20	5	13	22	28.9377	99.5388	100
2:6:7:35	5	13	22	28.9377	99.5388	100
2:6:8:45	5	13	22	28.9377	99.5388	100
2:6:10:0	5	13	22	28.9377	99.5388	100
2:6:11:10	5	13	22	28.9377	99.5388	100
2:6:12:25	5	13	22	28.9377	99.5388	100
2:6:13:35	5	13	22	28.9377	99.5388	100
2:6:14:50	5	13	22	28.9377	99.5388	100
2:6:16:0	5	13	22	28.9377	99.5388	100
2:6:17:15	5	13	22	28.9377	99.5388	100
2:6:18:25	5	13	22	28.9377	99.5388	100
2:6:19:40	5	13	22	28.9377	99.5388	100
2:6:20:50	5	13	22	28.9377	99.5388	100
2:6:22:5	5	13	22	28.9377	99.5388	100
2:6:23:20	5	13	22	28.9377	99.5388	100
2:6:24:30	5	13	22	28.9377	99.5388	100
2:6:25:45	5	13	22	28.9377	99.5388	100
2:6:26:55	5	13	22	28.9377	99.5388	100
2:6:28:10	5	13	22	28.9377	99.5388	100
2:6:29:20	5	13	22	28.9377	99.5388	100
2:6:30:35	5	13	22	28.9377	99.5388	100
2:6:31:45	5	13	22	28.9377	99.5388	100
2:6:33:0	5	13	22	28.9377	99.5388	100
2:6:34:10	5	13	22	28.9377	99.5388	100
2:6:35:25	5	13	22	28.9377	99.5388	100
2:6:36:35	5	13	22	28.9377	99.5388	100
2:6:37:50	5	13	22	28.9377	99.5388	100
2:6:39:0	5	13	22	28.9377	99.5388	100
2:6:40:15	5	13	22	28.9377	99.5388	100
2:6:41:25	5	13	22	28.9377	99.5388	100
2:6:42:40	5	13	22	28.9377	99.5388	100
2:6:43:50	5	13	22	28.9377	99.5388	100
2:6:45:5	5	13	22	28.9377	99.5388	100
2:6:46:15	5	13	22	28.9377	99.5388	100
2:6:47:30	5	13	22	28.9377	99.5388	100
2:6:48:40	5	13	22	28.9377	99.5388	100
2:6:49:55	5	13	22	28.9377	99.5388	100
2:6:51:5	5	13	22	28.9377	99.5388	100
2:6:52:20	5	13	22	28.9377	99.5388	100
2:6:53:35	5	13	22	28.9377	99.5388	100
2:6:54:45	5	13	22	28.9377	99.5388	100
2:6:56:0	5	13	22	28.9377	99.5388	100
2:6:57:10	5	13	22	28.9377	99.5388	100
2:6:58:25	5	13	22	28.9377	99.5388	100
2:6:59:35	5	13	22	28.9377	99.5388	100
2:7:0:50	5	13	22	28.9377	99.5388	100
2:7:2:0	5	13	22	28.9377	99.5388	100
2:7:3:15	5	13	22	28.9377	99.5388	100
2:7:4:25	5	13	22	28.9377	99.5388	100
2:7:5:40	5	13	22	28.9377	99.5388	100
2:7:6:50	5	13	22	28.9377	99.5388	100
2:7:8:5	5	13	22	28.9377	99.5388	100
2:7:9:15	5	13	22	28.9377	99.5388	100
2:7:10:25	5	13	22	28.9377	99.5388	100
2:7:11:40	5	13	22	28.9377	99.5388	100
2:7:12:55	5	13	22	28.9377	99.5388	100
2:7:14:5	5	13	22	28.9377	99.5388	100
2:7:15:15	5	13	22	28.9377	99.5388	100
2:7:16:30	5	13	22	28.9377	99.5388	100
2:7:17:40	5	13	22	28.9377	99.5388	100
2:7:18:55	5	13	22	28.9377	99.5388	100
2:7:20:5	5	13	22	28.9377	99.5388	100
2:7:21:20	5	13	22	28.9377	99.5388	100
2:7:22:35	5	13	22	28.9377	99.5388	100
2:7:23:45	5	13	22	28.9377	99.5388	100
2:7:25:0	5	13	22	28.9377	99.5388	100
2:7:26:10	5	13	22	28.9377	99.5388	100
2:7:27:25	5	13	22	28.9377	99.5388	100
2:7:28:35	5	13	22	28.9377	99.5388	100
2:7:29:50	5	13	22	28.9377	99.5388	100
2:7:31:0	5	13	22	28.9377	99.5388	100
2:7:32:10	5	13	22	28.9377	99.5388	100
2:7:33:25	5	13	22	28.9377	99.5388	100
2:7:34:40	5	13	22	28.9377	99.5388	100
2:7:35:50	5	13	22	28.9377	99.5388	100
2:7:37:5	5	13	22	28.9377	99.5388	100
2:7:38:15	5	13	22	28.9377	99.5388	100
2:7:39:30	5	13	22	28.9377	99.5388	100
2:7:40:40	5	13	22	28.9377	99.5388	100
2:7:41:55	5	13	22	28.9377	99.5388	100
2:7:43:5	5	13	22	28.9377	99.5388	100
2:7:44:20	5	13	22	28.9377	99.5388	100
2:7:45:30	5	13	22	28.9377	99.5388	100
2:7:46:45	5	13	22	28.9377	99.5388	100
2:7:47:55	5	13	22	28.9377	99.5388	100
2:7:49:10	5	13	22	28.9377	99.5388	100
2:7:50:20	5	13	22	28.9377	99.5388	100
2:7:51:35	5	13	22	28.9377	99.5388	100
2:7:52:45	5	13	22	28.9377	99.5388	100
2:7:54:0	5	13	22	28.9377	99.5388	100
2:7:55:10	5	13	22	28.9377	99.5388	100
2:7:56:25	5	13	22	28.9377	99.5388	100
2:7:57:35	5	13	22	28.9377	99.5388	100
2:7:58:50	5	13	22	28.9377	99.5388	100
2:8:0:0	5	13	22	28.9377	99.5388	100
2:8:1:15	5	13	22	28.9377	99.5388	100
2:8:2:25	5	13	22	28.9377	99.5388	100
2:8:3:40	5	13	22	28.9377	99.5388	100
2:8:4:50	5	13	22	28.9377	99.5388	100
2:8:6:5	5	13	22	28.9377	99.5388	100
2:8:7:15	5	13	22	28.9377	99.5388	100
2:8:8:30	5	13	22	28.9377	99.5388	100
2:8:9:40	5	13	22	28.9377	99.5388	100
2:8:10:55	5	13	22	28.9377	99.5388	100
2:8:12:10	5	13	22	28.9377	99.5388	100
2:8:13:20	5	13	22	28.9377	99.5388	100
2:8:14:35	5	13	22	28.9377	99.5388	100
2:8:15:45	5	13	22	28.9377	99.5388	100
2:8:17:0	5	13	22	28.9377	99.5388	100
2:8:18:10	5	13	22	28.9377	99.5388	100
2:8:19:25	5	13	22	28.9377	99.5388	100
2:8:20:35	5	13	22	28.9377	99.5388	100
2:8:21:50	5	13	22	28.9377	99.5388	100
2:8:23:0	5	13	22	28.9377	99.5388	100
2:8:24:15	5	13	22	28.9377	99.5388	100
2:8:25:25	5	13	22	28.9377	99.5388	100
2:8:26:40	5	13	22	28.9377	99.5388	100
2:8:27:50	5	13	22	28.9377	99.5388	100
2:8:29:0	5	13	22	28.9377	99.5388	100
2:8:30:15	5	13	22	28.9377	99.5388	100
2:8:31:30	5	13	22	28.9377	99.5388	100
2:8:32:40	5	13	22	28.9377	99.5388	100
2:8:33:55	5	13	22	28.9377	99.5388	100
2:8:35:5	5	13	22	28.9377	99.5388	100
2:8:36:20	5	13	22	28.9377	99.5388	100
2:8:37:30	5	13	22	28.9377	99.5388	100
2:8:38:45	5	13	22	28.9377	99.5388	100
2:8:39:55	5	13	22	28.9377	99.5388	100
2:8:41:10	5	13	22	28.9377	99.5388	100
2:8:42:20	5	13	22	28.9377	99.5388	100
2:8:43:35	5	13	22	28.9377	99.5388	100
2:8:44:45	5	13	22	28.9377	99.5388	100
2:8:46:0	5	13	22	28.9377	99.5388	100
2:8:47:10	5	13	22	28.9377	99.5388	100
2:8:48:25	5	13	22	28.9377	99.5388	100
2:8:49:35	5	13	22	28.9377	99.5388	100
2:8:50:50	5	13	22	28.9377	99.5388	100
2:8:52:0	5	13	22	28.9377	99.5388	100
2:8:53:15	5	13	22	28.9377	99.5388	100
2:8:54:25	5	13	22	28.9377	99.5388	100
2:8:55:40	5	13	22	28.9377	99.5388	100
2:8:56:50	5	13	22	28.9377	99.5388	100
2:8:58:5	5	13	22	28.9377	99.5388	100
2:8:59:15	5	13	22	28.9377	99.5388	100
2:9:0:30	5	13	22	28.9377	99.5388	100
2:9:1:45	5	13	22	28.9377	99.5388	100
2:9:2:55	5	13	22	28.9377	99.5388	100
2:9:4:10	5	13	22	28.9377	99.5388	100
2:9:5:20	5	13	22	28.9377	99.5388	100
2:9:6:35	5	13	22	28.9377	99.5388	100
2:9:7:45	5	13	22	28.9377	99.5388	100
2:9:9:0	5	13	22	28.9377	99.5388	100
2:9:10:10	5	13	22	28.9377	99.5388	100
2:9:11:25	5	13	22	28.9377	99.5388	100
2:9:12:35	5	13	22	28.9377	99.5388	100
2:9:13:50	5	13	22	28.9377	99.5388	100
2:9:15:0	5	13	22	28.9377	99.5388	100
2:9:16:15	5	13	22	28.9377	99.5388	100
2:9:17:25	5	13	22	28.9377	99.5388	100
2:9:18:40	5	13	22	28.9377	99.5388	100
2:9:19:50	5	13	22	28.9377	99.5388	100
2:9:21:5	5	13	22	28.9377	99.5388	100
2:9:22:15	5	13	22	28.9377	99.5388	100
2:9:23:30	5	13	22	28.9377	99.5388	100
2:9:24:40	5	13	22	28.9377	99.5388	100
2:9:25:55	5	13	22	28.9377	99.5388	100
2:9:27:5	5	13	22	28.9377	99.5388	100
2:9:28:20	5	13	22	28.9377	99.5388	100
2:9:29:30	5	13	22	28.9377	99.5388	100
2:9:30:45	5	13	22	28.9377	99.5388	100
2:9:31:55	5	13	22	28.9377	99.5388	100
2:9:33:10	5	13	22	28.9377	99.5388	100
2:9:34:20	5	13	22	28.9377	99.5388	100
2:9:35:35	5	13	22	28.9377	99.5388	100
2:9:36:45	5	13	22	28.9377	99.5388	100
2:9:38:0	5	13	22	28.9377	99.5388	100
2:9:39:10	5	13	22	28.9377	99.5388	100
2:9:40:25	5	13	22	28.9377	99.5388	100
2:9:41:35	5	13	22	28.9377	99.5388	100
2:9:42:50	5	13	22	28.9377	99.5388	100
2:9:44:0	5	13	22	28.9377	99.5388	100
2:9:45:15	5	13	22	28.9377	99.5388	100
2:9:46:25	5	13	22	28.9377	99.5388	100
2:9:47:40	5	13	22	28.9377	99.5388	100
2:9:48:50	5	13	22	28.9377	99.5388	100
2:9:50:5	5	13	22	28.9377	99.5388	100
2:9:51:15	5	13	22	28.9377	99.5388	100
2:9:52:30	5	13	22	28.9377	99.5388	100
2:9:53:40	5	13	22	28.9377	99.5388	100
2:9:54:55	5	13	22	28.9377	99.5388	100
2:9:56:5	5	13	22	28.9377	99.5388	100
2:9:57:20	5	13	22	28.9377	99.5388	100
2:9:58:30	5	13	22	28.9377	99.5388	100
2:9:59:45	5	13	22	28.9377	99.5388	100
2:10:0:55	5	13	22	28.9377	99.5388	100
2:10:2:10	5	13	22	28.9377	99.5388	100
2:10:3:20	5	13	22	28.9377	99.5388	100
2:10:4:35	5	13	22	28.9377	99.5388	100
2:10:5:45	5	13	22	28.9377	99.5388	100
2:10:7:0	5	13	22	28.9377	99.5388	100
2:10:8:15	5	13	22	28.9377	99.5388	100
2:10:9:25	5	13	22	28.9377	99.5388	100
2:10:10:40	5	13	22	28.9377	99.5388	100
2:10:11:50	5	13	22	28.9377	99.5388	100
2:10:13:5	5	13	22	28.9377	99.5388	100
2:10:14:15	5	13	22	28.9377	99.5388	100
2:10:15:30	5	13	22	28.9377	99.5388	100
2:10:16:40	5	13	22	28.9377	99.5388	100
2:10:17:55	5	13	22	28.9377	99.5388	100
2:10:19:5	5	13	22	28.9377	99.5388	100
2:10:20:20	5	13	22	28.9377	99.5388	100
2:10:21:30	5	13	22	28.9377	99.5388	100
2:10:22:45	5	13	22	28.9377	99.5388	100
2:10:23:55	5	13	22	28.9377	99.5388	100
2:10:25:10	5	13	22	28.9377	99.5388	100
2:10:26:20	5	13	22	28.9377	99.5388	100
2:10:27:35	5	13	22	28.9377	99.5388	100
2:10:28:45	5	13	22	28.9377	99.5388	100
2:10:30:0	5	13	22	28.9377	99.5388	100
2:10:31:10	5	13	22	28.9377	99.5388	100
2:10:32:25	5	13	22	28.9377	99.5388	100
2:10:33:35	5	13	22	28.9377	99.5388	100
2:10:34:50	5	13	22	28.9377	99.5388	100
2:10:36:0	5	13	22	28.9377	99.5388	100
2:10:37:15	5	13	22	28.9377	99.5388	100
2:10:38:25	5	13	22	28.9377	99.5388	100
2:10:39:40	5	13	22	28.9377	99.5388	100
2:10:40:50	5	13	22	28.9377	99.5388	100
2:10:42:5	5	13	22	28.9377	99.5388	100
2:10:43:15	5	13	22	28.9377	99.5388	100
2:10:44:30	5	13	22	28.9377	99.5388	100
2:10:45:40	5	13	22	28.9377	99.5388	100
2:10:46:55	5	13	22	28.9377	99.5388	100
2:10:48:5	5	13	22	28.9377	99.5388	100
2:10:49:20	5	13	22	28.9377	99.5388	100
2:10:50:35	5	13	22	28.9377	99.5388	100
2:10:51:45	5	13	22	28.9377	99.5388	100
2:10:53:0	5	13	22	28.9377	99.5388	100
2:10:54:10	5	13	22	28.9377	99.5388	100
2:10:55:20	5	13	22	28.9377	99.5388	100
2:10:56:35	5	13	22	28.9377	99.5388	100
2:10:57:50	5	13	22	28.9377	99.5388	100
2:10:59:0	5	13	22	28.9377	99.5388	100
2:11:0:15	5	13	22	28.9377	99.5388	100
2:11:1:25	5	13	22	28.9377	99.5388	100
2:11:2:35	5	13	22	28.9377	99.5388	100
2:11:3:50	5	13	22	28.9377	99.5388	100
2:11:5:5	5	13	22	28.9377	99.5388	100
2:11:6:15	5	13	22	28.9377	99.5388	100
2:11:7:30	5	13	22	28.9377	99.5388	100
2:11:8:40	5	13	22	28.9377	99.5388	100
2:11:9:55	5	13	22	28.9377	99.5388	100
2:11:11:5	5	13	22	28.9377	99.5388	100
2:11:12:20	5	13	22	28.9377	99.5388	100
2:11:13:30	5	13	22	28.9377	99.5388	100
2:11:14:45	5	13	22	28.9377	99.5388	100
2:11:15:55	5	13	22	28.9377	99.5388	100
2:11:17:10	5	13	22	28.9377	99.5388	100
2:11:18:20	5	13	22	28.9377	99.5388	100
2:11:19:35	5	13	22	28.9377	99.5388	100
2:11:20:45	5	13	22	28.9377	99.5388	100
2:11:22:0	5	13	22	28.9377	99.5388	100
2:11:23:10	5	13	22	28.9377	99.5388	100
2:11:24:25	5	13	22	28.9377	99.5388	100
2:11:25:35	5	13	22	28.9377	99.5388	100
2:11:26:50	5	13	22	28.9377	99.5388	100
2:11:28:0	5	13	22	28.9377	99.5388	100
2:11:29:15	5	13	22	28.9377	99.5388	100
2:11:30:30	5	13	22	28.9377	99.5388	100
2:11:31:40	5	13	22	28.9377	99.5388	100
2:11:32:55	5	13	22	28.9377	99.5388	100
2:11:34:5	5	13	22	28.9377	99.5388	100
2:11:35:20	5	13	22	28.9377	99.5388	100
2:11:36:30	5	13	22	28.9377	99.5388	100
2:11:37:45	5	13	22	28.9377	99.5388	100
2:11:38:55	5	13	22	28.9377	99.5388	100
2:11:40:10	5	13	22	28.9377	99.5388	100
2:11:41:20	5	13	22	28.9377	99.5388	100
2:11:42:35	5	13	22	28.9377	99.5388	100
2:11:43:45	5	13	22	28.9377	99.5388	100
2:11:45:0	5	13	22	28.9377	99.5388	100
2:11:46:10	5	13	22	28.9377	99.5388	100
2:11:47:25	5	13	22	28.9377	99.5388	100
2:11:48:35	5	13	22	28.9377	99.5388	100
2:11:49:50	5	13	22	28.9377	99.5388	100
2:11:51:0	5	13	22	28.9377	99.5388	100
2:11:52:15	5	13	22	28.9377	99.5388	100
2:11:53:25	5	13	22	28.9377	99.5388	100
2:11:54:40	5	13	22	28.9377	99.5388	100
2:11:55:50	5	13	22	28.9377	99.5388	100
2:11:57:5	5	13	22	28.9377	99.5388	100
2:11:58:15	5	13	22	28.9377	99.5388	100
2:11:59:30	5	13	22	28.9377	99.5388	100
2:12:0:40	5	13	22	28.9377	99.5388	100
2:12:1:55	5	13	22	28.9377	99.5388	100
2:12:3:5	5	13	22	28.9377	99.5388	100
2:12:4:20	5	13	22	28.9377	99.5388	100
2:12:5:30	5	13	22	28.9377	99.5388	100
2:12:6:45	5	13	22	28.9377	99.5388	100
2:12:7:55	5	13	22	28.9377	99.5388	100
2:12:9:10	5	13	22	28.9377	99.5388	100
2:12:10:20	5	13	22	28.9377	99.5388	100
2:12:11:35	5	13	22	28.9377	99.5388	100
2:12:12:45	5	13	22	28.9377	99.5388	100
2:12:14:0	5	13	22	28.9377	99.5388	100
2:12:15:10	5	13	22	28.9377	99.5388	100
2:12:16:25	5	13	22	28.9377	99.5388	100
2:12:17:35	5	13	22	28.9377	99.5388	100
2:12:18:50	5	13	22	28.9377	99.5388	100
2:12:20:0	5	13	22	28.9377	99.5388	100
2:12:21:15	5	13	22	28.9377	99.5388	100
2:12:22:30	5	13	22	28.9377	99.5388	100
2:12:23:40	5	13	22	28.9377	99.5388	100
2:12:24:50	5	13	22	28.9377	99.5388	100
2:12:26:5	5	13	22	28.9377	99.5388	100
2:12:27:15	5	13	22	28.9377	99.5388	100
2:12:28:30	5	13	22	28.9377	99.5388	100
2:12:29:45	5	13	22	28.9377	99.5388	100
2:12:30:55	5	13	22	28.9377	99.5388	100
2:12:32:10	5	13	22	28.9377	99.5388	100
2:12:33:20	5	13	22	28.9377	99.5388	100
2:12:34:35	5	13	22	28.9377	99.5388	100
2:12:35:45	5	13	22	28.9377	99.5388	100
2:12:37:0	5	13	22	28.9377	99.5388	100
2:12:38:10	5	13	22	28.9377	99.5388	100
2:12:39:25	5	13	22	28.9377	99.5388	100
2:12:40:40	5	13	22	28.9377	99.5388	100
2:12:41:50	5	13	22	28.9377	99.5388	100
2:12:43:5	5	13	22	28.9377	99.5388	100
2:12:44:20	5	13	22	28.9377	99.5388	100
2:12:45:30	5	13	22	28.9377	99.5388	100
2:12:46:45	5	13	22	28.9377	99.5388	100
2:12:48:0	5	13	22	28.9377	99.5388	100
2:12:49:10	5	13	22	28.9377	99.5388	100
2:12:50:25	5	13	22	28.9377	99.5388	100
2:12:51:35	5	13	22	28.9377	99.5388	100
2:12:52:50	5	13	22	28.9377	99.5388	100
2:12:54:0	5	13	22	28.9377	99.5388	100
2:12:55:15	5	13	22	28.9377	99.5388	100
2:12:56:30	5	13	22	28.9377	99.5388	100
2:12:57:40	5	13	22	28.9377	99.5388	100
2:12:58:55	5	13	22	28.9377	99.5388	100
2:13:0:5	5	13	22	28.9377	99.5388	100
2:13:1:20	5	13	22	28.9377	99.5388	100
2:13:2:30	5	13	22	28.9377	99.5388	100
2:13:3:45	5	13	22	28.9377	99.5388	100
2:13:5:0	5	13	22	28.9377	99.5388	100
2:13:6:10	5	13	22	28.9377	99.5388	100
2:13:7:25	5	13	22	28.9377	99.5388	100
2:13:8:35	5	13	22	28.9377	99.5388	100
2:13:9:50	5	13	22	28.9377	99.5388	100
2:13:11:0	5	13	22	28.9377	99.5388	100
2:13:12:15	5	13	22	28.9377	99.5388	100
2:13:13:30	5	13	22	28.9377	99.5388	100
2:13:14:40	5	13	22	28.9377	99.5388	100
2:13:15:55	5	13	22	28.9377	99.5388	100
2:13:17:5	5	13	22	28.9377	99.5388	100
2:13:18:20	5	13	22	28.9377	99.5388	100
2:13:19:30	5	13	22	28.9377	99.5388	100
2:13:20:45	5	13	22	28.9377	99.5388	100
2:13:22:0	5	13	22	28.9377	99.5388	100
2:13:23:10	5	13	22	28.9377	99.5388	100
2:13:24:25	5	13	22	28.9377	99.5388	100
2:13:25:35	5	13	22	28.9377	99.5388	100
2:13:26:50	5	13	22	28.9377	99.5388	100
2:13:28:0	5	13	22	28.9377	99.5388	100
2:13:29:15	5	13	22	28.9377	99.5388	100
2:13:30:25	5	13	22	28.9377	99.5388	100
2:13:31:40	5	13	22	28.9377	99.5388	100
2:13:32:55	5	13	22	28.9377	99.5388	100
2:13:34:5	5	13	22	28.9377	99.5388	100
2:13:35:20	5	13	22	28.9377	99.5388	100
2:13:36:30	5	13	22	28.9377	99.5388	100
2:13:37:45	5	13	22	28.9377	99.5388	100
2:13:39:0	5	13	22	28.9377	99.5388	100
2:13:40:10	5	13	22	28.9377	99.5388	100
2:13:41:25	5	13	22	28.9377	99.5388	100
2:13:42:35	5	13	22	28.9377	99.5388	100
2:13:43:50	5	13	22	28.9377	99.5388	100
2:13:45:0	5	13	22	28.9377	99.5388	100
2:13:46:15	5	13	22	28.9377	99.5388	100
2:13:47:30	5	13	22	28.9377	99.5388	100
2:13:48:40	5	13	22	28.9377	99.5388	100
2:13:49:55	5	13	22	28.9377	99.5388	100
2:13:51:5	5	13	22	28.9377	99.5388	100
2:13:52:20	5	13	22	28.9377	99.5388	100
2:13:53:30	5	13	22	28.9377	99.5388	100
2:13:54:45	5	13	22	28.9377	99.5388	100
2:13:55:55	5	13	22	28.9377	99.5388	100
2:13:57:10	5	13	22	28.9377	99.5388	100
2:13:58:25	5	13	22	28.9377	99.5388	100
2:13:59:35	5	13	22	28.9377	99.5388	100
2:14:0:50	5	13	22	28.9377	99.5388	100
2:14:2:0	5	13	22	28.9377	99.5388	100
2:14:3:15	5	13	22	28.9377	99.5388	100
2:14:4:25	5	13	22	28.9377	99.5388	100
2:14:5:40	5	13	22	28.9377	99.5388	100
2:14:6:55	5	13	22	28.9377	99.5388	100
2:14:8:5	5	13	22	28.9377	99.5388	100
2:14:9:20	5	13	22	28.9377	99.5388	100
2:14:10:30	5	13	22	28.9377	99.5388	100
2:14:11:45	5	13	22	28.9377	99.5388	100
2:14:12:55	5	13	22	28.9377	99.5388	100
2:14:14:10	5	13	22	28.9377	99.5388	100
2:14:15:20	5	13	22	28.9377	99.5388	100
2:14:16:35	5	13	22	28.9377	99.5388	100
2:14:17:50	5	13	22	28.9377	99.5388	100
2:14:19:0	5	13	22	28.9377	99.5388	100
2:14:20:15	5	13	22	28.9377	99.5388	100
2:14:21:25	5	13	22	28.9377	99.5388	100
2:14:22:40	5	13	22	28.9377	99.5388	100
2:14:23:50	5	13	22	28.9377	99.5388	100
2:14:25:5	5	13	22	28.9377	99.5388	100
2:14:26:20	5	13	22	28.9377	99.5388	100
2:14:27:30	5	13	22	28.9377	99.5388	100
2:14:28:45	5	13	22	28.9377	99.5388	100
2:14:29:55	5	13	22	28.9377	99.5388	100
2:14:31:10	5	13	22	28.9377	99.5388	100
2:14:32:20	5	13	22	28.9377	99.5388	100
2:14:33:35	5	13	22	28.9377	99.5388	100
2:14:34:45	5	13	22	28.9377	99.5388	100
2:14:36:0	5	13	22	28.9377	99.5388	100
2:14:37:15	5	13	22	28.9377	99.5388	100
2:14:38:25	5	13	22	28.9377	99.5388	100
2:14:39:40	5	13	22	28.9377	99.5388	100
2:14:40:50	5	13	22	28.9377	99.5388	100
2:14:42:5	5	13	22	28.9377	99.5388	100
2:14:43:15	5	13	22	28.9377	99.5388	100
2:14:44:30	5	13	22	28.9377	99.5388	100
2:14:45:40	5	13	22	28.9377	99.5388	100
2:14:46:55	5	13	22	28.9377	99.5388	100
2:14:48:10	5	13	22	28.9377	99.5388	100
2:14:49:20	5	13	22	28.9377	99.5388	100
2:14:50:35	5	13	22	28.9377	99.5388	100
2:14:51:45	5	13	22	28.9377	99.5388	100
2:14:53:0	5	13	22	28.9377	99.5388	100
2:14:54:10	5	13	22	28.9377	99.5388	100
2:14:55:25	5	13	22	28.9377	99.5388	100
2:14:56:35	5	13	22	28.9377	99.5388	100
2:14:57:50	5	13	22	28.9377	99.5388	100
2:14:59:5	5	13	22	28.9377	99.5388	100
2:15:0:15	5	13	22	28.9377	99.5388	100
2:15:1:30	5	13	22	28.9377	99.5388	100
2:15:2:40	5	13	22	28.9377	99.5388	100
2:15:3:55	5	13	22	28.9377	99.5388	100
2:15:5:5	5	13	22	28.9377	99.5388	100
2:15:6:20	5	13	22	28.9377	99.5388	100
2:15:7:35	5	13	22	28.9377	99.5388	100
2:15:8:45	5	13	22	28.9377	99.5388	100
2:15:10:0	5	13	22	28.9377	99.5388	100
2:15:11:10	5	13	22	28.9377	99.5388	100
2:15:12:25	5	13	22	28.9377	99.5388	100
2:15:13:40	5	13	22	28.9377	99.5388	100
2:15:14:50	5	13	22	28.9377	99.5388	100
2:15:16:5	5	13	22	28.9377	99.5388	100
2:15:17:15	5	13	22	28.9377	99.5388	100
2:15:18:30	5	13	22	28.9377	99.5388	100
2:15:19:40	5	13	22	28.9377	99.5388	100
2:15:20:55	5	13	22	28.9377	99.5388	100
2:15:22:10	5	13	22	28.9377	99.5388	100
2:15:23:20	5	13	22	28.9377	99.5388	100
2:15:24:35	5	13	22	28.9377	99.5388	100
2:15:25:45	5	13	22	28.9377	99.5388	100
2:15:27:0	5	13	22	28.9377	99.5388	100
2:15:28:10	5	13	22	28.9377	99.5388	100
2:15:29:25	5	13	22	28.9377	99.5388	100
2:15:30:40	5	13	22	28.9377	99.5388	100
2:15:31:50	5	13	22	28.9377	99.5388	100
2:15:33:5	5	13	22	28.9377	99.5388	100
2:15:34:15	5	13	22	28.9377	99.5388	100
2:15:35:30	5	13	22	28.9377	99.5388	100
2:15:36:40	5	13	22	28.9377	99.5388	100
2:15:37:55	5	13	22	28.9377	99.5388	100
2:15:39:5	5	13	22	28.9377	99.5388	100
2:15:40:20	5	13	22	28.9377	99.5388	100
2:15:41:35	5	13	22	28.9377	99.5388	100
2:15:42:45	5	13	22	28.9377	99.5388	100
2:15:44:0	5	13	22	28.9377	99.5388	100
2:15:45:10	5	13	22	28.9377	99.5388	100
2:15:46:25	5	13	22	28.9377	99.5388	100
2:15:47:35	5	13	22	28.9377	99.5388	100
2:15:48:50	5	13	22	28.9377	99.5388	100
2:15:50:5	5	13	22	28.9377	99.5388	100
2:15:51:15	5	13	22	28.9377	99.5388	100
2:15:52:30	5	13	22	28.9377	99.5388	100
2:15:53:40	5	13	22	28.9377	99.5388	100
2:15:54:55	5	13	22	28.9377	99.5388	100
2:15:56:5	5	13	22	28.9377	99.5388	100
2:15:57:20	5	13	22	28.9377	99.5388	100
2:15:58:30	5	13	22	28.9377	99.5388	100
2:15:59:45	5	13	22	28.9377	99.5388	100
2:16:1:0	5	13	22	28.9377	99.5388	100
2:16:2:10	5	13	22	28.9377	99.5388	100
2:16:3:25	5	13	22	28.9377	99.5388	100
2:16:4:35	5	13	22	28.9377	99.5388	100
2:16:5:50	5	13	22	28.9377	99.5388	100
2:16:7:0	5	13	22	28.9377	99.5388	100
2:16:8:15	5	13	22	28.9377	99.5388	100
2:16:9:30	5	13	22	28.9377	99.5388	100
2:16:10:40	5	13	22	28.9377	99.5388	100
2:16:11:55	5	13	22	28.9377	99.5388	100
2:16:13:5	5	13	22	28.9377	99.5388	100
2:16:14:20	5	13	22	28.9377	99.5388	100
2:16:15:35	5	13	22	28.9377	99.5388	100
2:16:16:45	5	13	22	28.9377	99.5388	100
2:16:18:0	5	13	22	28.9377	99.5388	100
2:16:19:10	5	13	22	28.9377	99.5388	100
2:16:20:25	5	13	22	28.9377	99.5388	100
2:16:21:35	5	13	22	28.9377	99.5388	100
2:16:22:50	5	13	22	28.9377	99.5388	100
2:16:24:5	5	13	22	28.9377	99.5388	100
2:16:25:15	5	13	22	28.9377	99.5388	100
2:16:26:30	5	13	22	28.9377	99.5388	100
2:16:27:40	5	13	22	28.9377	99.5388	100
2:16:28:55	5	13	22	28.9377	99.5388	100
2:16:30:5	5	13	22	28.9377	99.5388	100
2:16:31:20	5	13	22	28.9377	99.5388	100
2:16:32:35	5	13	22	28.9377	99.5388	100
2:16:33:45	5	13	22	28.9377	99.5388	100
2:16:35:0	5	13	22	28.9377	99.5388	100
2:16:36:10	5	13	22	28.9377	99.5388	100
2:16:37:25	5	13	22	28.9377	99.5388	100
2:16:38:35	5	13	22	28.9377	99.5388	100
2:16:39:50	5	13	22	28.9377	99.5388	100
2:16:41:0	5	13	22	28.9377	99.5388	100
2:16:42:15	5	13	22	28.9377	99.5388	100
2:16:43:30	5	13	22	28.9377	99.5388	100
2:16:44:40	5	13	22	28.9377	99.5388	100
2:16:45:55	5	13	22	28.9377	99.5388	100
2:16:47:5	5	13	22	28.9377	99.5388	100
2:16:48:20	5	13	22	28.9377	99.5388	100
2:16:49:30	5	13	22	28.9377	99.5388	100
2:16:50:45	5	13	22	28.9377	99.5388	100
2:16:51:55	5	13	22	28.9377	99.5388	100
2:16:53:10	5	13	22	28.9377	99.5388	100
2:16:54:20	5	13	22	28.9377	99.5388	100
2:16:55:35	5	13	22	28.9377	99.5388	100
2:16:56:50	5	13	22	28.9377	99.5388	100
2:16:58:0	5	13	22	28.9377	99.5388	100
2:16:59:15	5	13	22	28.9377	99.5388	100
2:17:0:25	5	13	22	28.9377	99.5388	100
2:17:1:40	5	13	22	28.9377	99.5388	100
2:17:2:50	5	13	22	28.9377	99.5388	100
2:17:4:5	5	13	22	28.9377	99.5388	100
2:17:5:15	5	13	22	28.9377	99.5388	100
2:17:6:30	5	13	22	28.9377	99.5388	100
2:17:7:45	5	13	22	28.9377	99.5388	100
2:17:8:55	5	13	22	28.9377	99.5388	100
2:17:10:10	5	13	22	28.9377	99.5388	100
2:17:11:20	5	13	22	28.9377	99.5388	100
2:17:12:35	5	13	22	28.9377	99.5388	100
2:17:13:45	5	13	22	28.9377	99.5388	100
2:17:15:0	5	13	22	28.9377	99.5388	100
2:17:16:15	5	13	22	28.9377	99.5388	100
2:17:17:25	5	13	22	28.9377	99.5388	100
2:17:18:40	5	13	22	28.9377	99.5388	100
2:17:19:50	5	13	22	28.9377	99.5388	100
2:17:21:5	5	13	22	28.9377	99.5388	100
2:17:22:15	5	13	22	28.9377	99.5388	100
2:17:23:30	5	13	22	28.9377	99.5388	100
2:17:24:40	5	13	22	28.9377	99.5388	100
2:17:25:55	5	13	22	28.9377	99.5388	100
2:17:27:5	5	13	22	28.9377	99.5388	100
2:17:28:20	5	13	22	28.9377	99.5388	100
2:17:29:35	5	13	22	28.9377	99.5388	100
2:17:30:45	5	13	22	28.9377	99.5388	100
2:17:32:0	5	13	22	28.9377	99.5388	100
2:17:33:10	5	13	22	28.9377	99.5388	100
2:17:34:25	5	13	22	28.9377	99.5388	100
2:17:35:40	5	13	22	28.9377	99.5388	100
2:17:36:50	5	13	22	28.9377	99.5388	100
2:17:38:5	5	13	22	28.9377	99.5388	100
2:17:39:15	5	13	22	28.9377	99.5388	100
2:17:40:30	5	13	22	28.9377	99.5388	100
2:17:41:40	5	13	22	28.9377	99.5388	100
2:17:42:55	5	13	22	28.9377	99.5388	100
2:17:44:10	5	13	22	28.9377	99.5388	100
2:17:45:20	5	13	22	28.9377	99.5388	100
2:17:46:35	5	13	22	28.9377	99.5388	100
2:17:47:45	5	13	22	28.9377	99.5388	100
2:17:49:0	5	13	22	28.9377	99.5388	100
2:17:50:10	5	13	22	28.9377	99.5388	100
2:17:51:25	5	13	22	28.9377	99.5388	100
2:17:52:35	5	13	22	28.9377	99.5388	100
2:17:53:50	5	13	22	28.9377	99.5388	100
2:17:55:5	5	13	22	28.9377	99.5388	100
2:17:56:15	5	13	22	28.9377	99.5388	100
2:17:57:30	5	13	22	28.9377	99.5388	100
2:17:58:40	5	13	22	28.9377	99.5388	100
2:17:59:55	5	13	22	28.9377	99.5388	100
2:18:1:5	5	13	22	28.9377	99.5388	100
2:18:2:20	5	13	22	28.9377	99.5388	100
2:18:3:35	5	13	22	28.9377	99.5388	100
2:18:4:45	5	13	22	28.9377	99.5388	100
2:18:6:0	5	13	22	28.9377	99.5388	100
2:18:7:10	5	13	22	28.9377	99.5388	100
2:18:8:25	5	13	22	28.9377	99.5388	100
2:18:9:35	5	13	22	28.9377	99.5388	100
2:18:10:50	5	13	22	28.9377	99.5388	100
2:18:12:5	5	13	22	28.9377	99.5388	100
2:18:13:15	5	13	22	28.9377	99.5388	100
2:18:14:30	5	13	22	28.9377	99.5388	100
2:18:15:40	5	13	22	28.9377	99.5388	100
2:18:16:55	5	13	22	28.9377	99.5388	100
2:18:18:5	5	13	22	28.9377	99.5388	100
2:18:19:20	5	13	22	28.9377	99.5388	100
2:18:20:30	5	13	22	28.9377	99.5388	100
2:18:21:45	5	13	22	28.9377	99.5388	100
2:18:22:55	5	13	22	28.9377	99.5388	100
2:18:24:10	5	13	22	28.9377	99.5388	100
2:18:25:25	5	13	22	28.9377	99.5388	100
2:18:26:35	5	13	22	28.9377	99.5388	100
2:18:27:50	5	13	22	28.9377	99.5388	100
2:18:29:0	5	13	22	28.9377	99.5388	100
2:18:30:15	5	13	22	28.9377	99.5388	100
2:18:31:25	5	13	22	28.9377	99.5388	100
2:18:32:40	5	13	22	28.9377	99.5388	100
2:18:33:55	5	13	22	28.9377	99.5388	100
2:18:35:5	5	13	22	28.9377	99.5388	100
2:18:36:20	5	13	22	28.9377	99.5388	100
2:18:37:30	5	13	22	28.9377	99.5388	100
2:18:38:45	5	13	22	28.9377	99.5388	100
2:18:40:0	5	13	22	28.9377	99.5388	100
2:18:41:10	5	13	22	28.9377	99.5388	100
2:18:42:25	5	13	22	28.9377	99.5388	100
2:18:43:35	5	13	22	28.9377	99.5388	100
2:18:44:50	5	13	22	28.9377	99.5388	100
2:18:46:0	5	13	22	28.9377	99.5388	100
2:18:47:15	5	13	22	28.9377	99.5388	100
2:18:48:30	5	13	22	28.9377	99.5388	100
2:18:49:40	5	13	22	28.9377	99.5388	100
2:18:50:55	5	13	22	28.9377	99.5388	100
2:18:52:5	5	13	22	28.9377	99.5388	100
2:18:53:20	5	13	22	28.9377	99.5388	100
2:18:54:35	5	13	22	28.9377	99.5388	100
2:18:55:45	5	13	22	28.9377	99.5388	100
2:18:57:0	5	13	22	28.9377	99.5388	100
2:18:58:10	5	13	22	28.9377	99.5388	100
2:18:59:25	5	13	22	28.9377	99.5388	100
2:19:0:35	5	13	22	28.9377	99.5388	100
2:19:1:50	5	13	22	28.9377	99.5388	100
2:19:3:5	5	13	22	28.9377	99.5388	100
2:19:4:15	5	13	22	28.9377	99.5388	100
2:19:5:30	5	13	22	28.9377	99.5388	100
2:19:6:40	5	13	22	28.9377	99.5388	100
2:19:7:55	5	13	22	28.9377	99.5388	100
2:19:9:5	5	13	22	28.9377	99.5388	100
2:19:10:20	5	13	22	28.9377	99.5388	100
2:19:11:30	5	13	22	28.9377	99.5388	100
2:19:12:45	5	13	22	28.9377	99.5388	100
2:19:14:0	5	13	22	28.9377	99.5388	100
2:19:15:10	5	13	22	28.9377	99.5388	100
2:19:16:25	5	13	22	28.9377	99.5388	100
2:19:17:35	5	13	22	28.9377	99.5388	100
2:19:18:50	5	13	22	28.9377	99.5388	100
2:19:20:0	5	13	22	28.9377	99.5388	100
2:19:21:15	5	13	22	28.9377	99.5388	100
2:19:22:25	5	13	22	28.9377	99.5388	100
2:19:23:40	5	13	22	28.9377	99.5388	100
2:19:24:55	5	13	22	28.9377	99.5388	100
2:19:26:5	5	13	22	28.9377	99.5388	100
2:19:27:20	5	13	22	28.9377	99.5388	100
2:19:28:30	5	13	22	28.9377	99.5388	100
2:19:29:45	5	13	22	28.9377	99.5388	100
2:19:30:55	5	13	22	28.9377	99.5388	100
2:19:32:10	5	13	22	28.9377	99.5388	100
2:19:33:25	5	13	22	28.9377	99.5388	100
2:19:34:35	5	13	22	28.9377	99.5388	100
2:19:35:50	5	13	22	28.9377	99.5388	100
2:19:37:0	5	13	22	28.9377	99.5388	100
2:19:38:15	5	13	22	28.9377	99.5388	100
2:19:39:25	5	13	22	28.9377	99.5388	100
2:19:40:40	5	13	22	28.9377	99.5388	100
2:19:41:55	5	13	22	28.9377	99.5388	100
2:19:43:5	5	13	22	28.9377	99.5388	100
2:19:44:20	5	13	22	28.9377	99.5388	100
2:19:45:30	5	13	22	28.9377	99.5388	100
2:19:46:45	5	13	22	28.9377	99.5388	100
2:19:47:55	5	13	22	28.9377	99.5388	100
2:19:49:10	5	13	22	28.9377	99.5388	100
2:19:50:25	5	13	22	28.9377	99.5388	100
2:19:51:35	5	13	22	28.9377	99.5388	100
2:19:52:50	5	13	22	28.9377	99.5388	100
2:19:54:0	5	13	22	28.9377	99.5388	100
2:19:55:15	5	13	22	28.9377	99.5388	100
2:19:56:25	5	13	22	28.9377	99.5388	100
2:19:57:40	5	13	22	28.9377	99.5388	100
2:19:58:50	5	13	22	28.9377	99.5388	100
2:20:0:5	5	13	22	28.9377	99.5388	100
2:20:1:15	5	13	22	28.9377	99.5388	100
2:20:2:30	5	13	22	28.9377	99.5388	100
2:20:3:45	5	13	22	28.9377	99.5388	100
2:20:4:55	5	13	22	28.9377	99.5388	100
2:20:6:10	5	13	22	28.9377	99.5388	100
2:20:7:20	5	13	22	28.9377	99.5388	100
2:20:8:35	5	13	22	28.9377	99.5388	100
2:20:9:45	5	13	22	28.9377	99.5388	100
2:20:11:0	5	13	22	28.9377	99.5388	100
2:20:12:15	5	13	22	28.9377	99.5388	100
2:20:13:25	5	13	22	28.9377	99.5388	100
2:20:14:40	5	13	22	28.9377	99.5388	100
2:20:15:50	5	13	22	28.9377	99.5388	100
2:20:17:5	5	13	22	28.9377	99.5388	100
2:20:18:15	5	13	22	28.9377	99.5388	100
2:20:19:30	5	13	22	28.9377	99.5388	100
2:20:20:45	5	13	22	28.9377	99.5388	100
2:20:21:55	5	13	22	28.9377	99.5388	100
2:20:23:10	5	13	22	28.9377	99.5388	100
2:20:24:20	5	13	22	28.9377	99.5388	100
2:20:25:35	5	13	22	28.9377	99.5388	100
2:20:26:45	5	13	22	28.9377	99.5388	100
2:20:28:0	5	13	22	28.9377	99.5388	100
2:20:29:10	5	13	22	28.9377	99.5388	100
2:20:30:25	5	13	22	28.9377	99.5388	100
2:20:31:40	5	13	22	28.9377	99.5388	100
2:20:32:50	5	13	22	28.9377	99.5388	100
2:20:34:5	5	13	22	28.9377	99.5388	100
2:20:35:15	5	13	22	28.9377	99.5388	100
2:20:36:30	5	13	22	28.9377	99.5388	100
2:20:37:40	5	13	22	28.9377	99.5388	100
2:20:38:55	5	13	22	28.9377	99.5388	100
2:20:40:10	5	13	22	28.9377	99.5388	100
2:20:41:20	5	13	22	28.9377	99.5388	100
2:20:42:35	5	13	22	28.9377	99.5388	100
2:20:43:45	5	13	22	28.9377	99.5388	100
2:20:45:0	5	13	22	28.9377	99.5388	100
2:20:46:10	5	13	22	28.9377	99.5388	100
2:20:47:25	5	13	22	28.9377	99.5388	100
2:20:48:40	5	13	22	28.9377	99.5388	100
2:20:49:50	5	13	22	28.9377	99.5388	100
2:20:51:5	5	13	22	28.9377	99.5388	100
2:20:52:15	5	13	22	28.9377	99.5388	100
2:20:53:30	5	13	22	28.9377	99.5388	100
2:20:54:40	5	13	22	28.9377	99.5388	100
2:20:55:55	5	13	22	28.9377	99.5388	100
2:20:57:5	5	13	22	28.9377	99.5388	100
2:20:58:20	5	13	22	28.9377	99.5388	100
2:20:59:30	5	13	22	28.9377	99.5388	100
2:21:0:45	5	13	22	28.9377	99.5388	100
2:21:2:0	5	13	22	28.9377	99.5388	100
2:21:3:10	5	13	22	28.9377	99.5388	100
2:21:4:25	5	13	22	28.9377	99.5388	100
2:21:5:35	5	13	22	28.9377	99.5388	100
2:21:6:50	5	13	22	28.9377	99.5388	100
2:21:8:0	5	13	22	28.9377	99.5388	100
2:21:9:15	5	13	22	28.9377	99.5388	100
2:21:10:30	5	13	22	28.9377	99.5388	100
2:21:11:40	5	13	22	28.9377	99.5388	100
2:21:12:55	5	13	22	28.9377	99.5388	100
2:21:14:5	5	13	22	28.9377	99.5388	100
2:21:15:20	5	13	22	28.9377	99.5388	100
2:21:16:30	5	13	22	28.9377	99.5388	100
2:21:17:45	5	13	22	28.9377	99.5388	100
2:21:18:55	5	13	22	28.9377	99.5388	100
2:21:20:10	5	13	22	28.9377	99.5388	100
2:21:21:25	5	13	22	28.9377	99.5388	100
2:21:22:35	5	13	22	28.9377	99.5388	100
2:21:23:50	5	13	22	28.9377	99.5388	100
2:21:25:0	5	13	22	28.9377	99.5388	100
2:21:26:15	5	13	22	28.9377	99.5388	100
2:21:27:25	5	13	22	28.9377	99.5388	100
2:21:28:40	5	13	22	28.9377	99.5388	100
2:21:29:55	5	13	22	28.9377	99.5388	100
2:21:31:5	5	13	22	28.9377	99.5388	100
2:21:32:20	5	13	22	28.9377	99.5388	100
2:21:33:30	5	13	22	28.9377	99.5388	100
2:21:34:45	5	13	22	28.9377	99.5388	100
2:21:35:55	5	13	22	28.9377	99.5388	100
2:21:37:10	5	13	22	28.9377	99.5388	100
2:21:38:25	5	13	22	28.9377	99.5388	100
2:21:39:35	5	13	22	28.9377	99.5388	100
2:21:40:50	5	13	22	28.9377	99.5388	100
2:21:42:0	5	13	22	28.9377	99.5388	100
2:21:43:15	5	13	22	28.9377	99.5388	100
2:21:44:30	5	13	22	28.9377	99.5388	100
2:21:45:40	5	13	22	28.9377	99.5388	100
2:21:46:55	5	13	22	28.9377	99.5388	100
2:21:48:5	5	13	22	28.9377	99.5388	100
2:21:49:20	5	13	22	28.9377	99.5388	100
2:21:50:30	5	13	22	28.9377	99.5388	100
2:21:51:45	5	13	22	28.9377	99.5388	100
2:21:52:55	5	13	22	28.9377	99.5388	100
2:21:54:10	5	13	22	28.9377	99.5388	100
2:21:55:20	5	13	22	28.9377	99.5388	100
2:21:56:35	5	13	22	28.9377	99.5388	100
2:21:57:45	5	13	22	28.9377	99.5388	100
2:21:59:0	5	13	22	28.9377	99.5388	100
2:22:0:15	5	13	22	28.9377	99.5388	100
2:22:1:25	5	13	22	28.9377	99.5388	100
2:22:2:40	5	13	22	28.9377	99.5388	100
2:22:3:50	5	13	22	28.9377	99.5388	100
2:22:5:5	5	13	22	28.9377	99.5388	100
2:22:6:15	5	13	22	28.9377	99.5388	100
2:22:7:30	5	13	22	28.9377	99.5388	100
2:22:8:45	5	13	22	28.9377	99.5388	100
2:22:9:55	5	13	22	28.9377	99.5388	100
2:22:11:10	5	13	22	28.9377	99.5388	100
2:22:12:20	5	13	22	28.9377	99.5388	100
2:22:13:35	5	13	22	28.9377	99.5388	100
2:22:14:45	5	13	22	28.9377	99.5388	100
2:22:16:0	5	13	22	28.9377	99.5388	100
2:22:17:10	5	13	22	28.9377	99.5388	100
2:22:18:25	5	13	22	28.9377	99.5388	100
2:22:19:40	5	13	22	28.9377	99.5388	100
2:22:20:50	5	13	22	28.9377	99.5388	100
2:22:22:5	5	13	22	28.9377	99.5388	100
2:22:23:15	5	13	22	28.9377	99.5388	100
2:22:24:30	5	13	22	28.9377	99.5388	100
2:22:25:40	5	13	22	28.9377	99.5388	100
2:22:26:55	5	13	22	28.9377	99.5388	100
2:22:28:5	5	13	22	28.9377	99.5388	100
2:22:29:20	5	13	22	28.9377	99.5388	100
2:22:30:35	5	13	22	28.9377	99.5388	100
2:22:31:45	5	13	22	28.9377	99.5388	100
2:22:33:0	5	13	22	28.9377	99.5388	100
2:22:34:10	5	13	22	28.9377	99.5388	100
2:22:35:25	5	13	22	28.9377	99.5388	100
2:22:36:35	5	13	22	28.9377	99.5388	100
2:22:37:50	5	13	22	28.9377	99.5388	100
2:22:39:5	5	13	22	28.9377	99.5388	100
2:22:40:15	5	13	22	28.9377	99.5388	100
2:22:41:30	5	13	22	28.9377	99.5388	100
2:22:42:40	5	13	22	28.9377	99.5388	100
2:22:43:55	5	13	22	28.9377	99.5388	100
2:22:45:5	5	13	22	28.9377	99.5388	100
2:22:46:20	5	13	22	28.9377	99.5388	100
2:22:47:35	5	13	22	28.9377	99.5388	100
2:22:48:45	5	13	22	28.9377	99.5388	100
2:22:50:0	5	13	22	28.9377	99.5388	100
2:22:51:10	5	13	22	28.9377	99.5388	100
2:22:52:25	5	13	22	28.9377	99.5388	100
2:22:53:40	5	13	22	28.9377	99.5388	100
2:22:54:50	5	13	22	28.9377	99.5388	100
2:22:56:5	5	13	22	28.9377	99.5388	100
2:22:57:15	5	13	22	28.9377	99.5388	100
2:22:58:30	5	13	22	28.9377	99.5388	100
2:22:59:40	5	13	22	28.9377	99.5388	100
2:23:0:55	5	13	22	28.9377	99.5388	100
2:23:2:5	5	13	22	28.9377	99.5388	100
2:23:3:20	5	13	22	28.9377	99.5388	100
2:23:4:35	5	13	22	28.9377	99.5388	100
2:23:5:45	5	13	22	28.9377	99.5388	100
2:23:7:0	5	13	22	28.9377	99.5388	100
2:23:8:10	5	13	22	28.9377	99.5388	100
2:23:9:25	5	13	22	28.9377	99.5388	100
2:23:10:40	5	13	22	28.9377	99.5388	100
2:23:11:50	5	13	22	28.9377	99.5388	100
2:23:13:5	5	13	22	28.9377	99.5388	100
2:23:14:15	5	13	22	28.9377	99.5388	100
2:23:15:30	5	13	22	28.9377	99.5388	100
2:23:16:40	5	13	22	28.9377	99.5388	100
2:23:17:55	5	13	22	28.9377	99.5388	100
2:23:19:5	5	13	22	28.9377	99.5388	100
2:23:20:20	5	13	22	28.9377	99.5388	100
2:23:21:35	5	13	22	28.9377	99.5388	100
2:23:22:45	5	13	22	28.9377	99.5388	100
2:23:24:0	5	13	22	28.9377	99.5388	100
2:23:25:10	5	13	22	28.9377	99.5388	100
2:23:26:25	5	13	22	28.9377	99.5388	100
2:23:27:35	5	13	22	28.9377	99.5388	100
2:23:28:50	5	13	22	28.9377	99.5388	100
2:23:30:5	5	13	22	28.9377	99.5388	100
2:23:31:15	5	13	22	28.9377	99.5388	100
2:23:32:30	5	13	22	28.9377	99.5388	100
2:23:33:40	5	13	22	28.9377	99.5388	100
2:23:34:55	5	13	22	28.9377	99.5388	100
2:23:36:5	5	13	22	28.9377	99.5388	100
2:23:37:20	5	13	22	28.9377	99.5388	100
2:23:38:30	5	13	22	28.9377	99.5388	100
2:23:39:45	5	13	22	28.9377	99.5388	100
2:23:41:0	5	13	22	28.9377	99.5388	100
2:23:42:10	5	13	22	28.9377	99.5388	100
2:23:43:25	5	13	22	28.9377	99.5388	100
2:23:44:35	5	13	22	28.9377	99.5388	100
2:23:45:50	5	13	22	28.9377	99.5388	100
2:23:47:0	5	13	22	28.9377	99.5388	100
2:23:48:15	5	13	22	28.9377	99.5388	100
2:23:49:25	5	13	22	28.9377	99.5388	100
2:23:50:40	5	13	22	28.9377	99.5388	100
2:23:51:55	5	13	22	28.9377	99.5388	100
2:23:53:5	5	13	22	28.9377	99.5388	100
2:23:54:20	5	13	22	28.9377	99.5388	100
2:23:55:30	5	13	22	28.9377	99.5388	100
2:23:56:45	5	13	22	28.9377	99.5388	100
2:23:57:55	5	13	22	28.9377	99.5388	100
2:23:59:10	5	13	22	28.9377	99.5388	100
3:0:0:25	5	13	22	28.9377	99.5388	100
3:0:1:35	5	13	22	28.9377	99.5388	100
3:0:2:50	5	13	22	28.9377	99.5388	100
3:0:4:0	5	13	22	28.9377	99.5388	100
3:0:5:15	5	13	22	28.9377	99.5388	100
3:0:6:25	5	13	22	28.9377	99.5388	100
3:0:7:40	5	13	22	28.9377	99.5388	100
3:0:8:55	5	13	22	28.9377	99.5388	100
3:0:10:5	5	13	22	28.9377	99.5388	100
3:0:11:20	5	13	22	28.9377	99.5388	100
3:0:12:30	5	13	22	28.9377	99.5388	100
3:0:13:45	5	13	22	28.9377	99.5388	100
3:0:14:55	5	13	22	28.9377	99.5388	100
3:0:16:10	5	13	22	28.9377	99.5388	100
3:0:17:25	5	13	22	28.9377	99.5388	100
3:0:18:35	5	13	22	28.9377	99.5388	100
3:0:19:50	5	13	22	28.9377	99.5388	100
3:0:21:0	5	13	22	28.9377	99.5388	100
3:0:22:15	5	13	22	28.9377	99.5388	100
3:0:23:25	5	13	22	28.9377	99.5388	100
3:0:24:40	5	13	22	28.9377	99.5388	100
3:0:25:55	5	13	22	28.9377	99.5388	100
3:0:27:5	5	13	22	28.9377	99.5388	100
3:0:28:20	5	13	22	28.9377	99.5388	100
3:0:29:30	5	13	22	28.9377	99.5388	100
3:0:30:45	5	13	22	28.9377	99.5388	100
3:0:31:55	5	13	22	28.9377	99.5388	100
3:0:33:10	5	13	22	28.9377	99.5388	100
3:0:34:20	5	13	22	28.9377	99.5388	100
3:0:35:35	5	13	22	28.9377	99.5388	100
3:0:36:45	5	13	22	28.9377	99.5388	100
3:0:38:0	5	13	22	28.9377	99.5388	100
3:0:39:15	5	13	22	28.9377	99.5388	100
3:0:40:25	5	13	22	28.9377	99.5388	100
3:0:41:40	5	13	22	28.9377	99.5388	100
3:0:42:50	5	13	22	28.9377	99.5388	100
3:0:44:5	5	13	22	28.9377	99.5388	100
3:0:45:15	5	13	22	28.9377	99.5388	100
3:0:46:30	5	13	22	28.9377	99.5388	100
3:0:47:45	5	13	22	28.9377	99.5388	100
3:0:48:55	5	13	22	28.9377	99.5388	100
3:0:50:10	5	13	22	28.9377	99.5388	100
3:0:51:20	5	13	22	28.9377	99.5388	100
3:0:52:35	5	13	22	28.9377	99.5388	100
3:0:53:45	5	13	22	28.9377	99.5388	100
3:0:55:0	5	13	22	28.9377	99.5388	100
3:0:56:10	5	13	22	28.9377	99.5388	100
3:0:57:25	5	13	22	28.9377	99.5388	100
3:0:58:40	5	13	22	28.9377	99.5388	100
3:0:59:50	5	13	22	28.9377	99.5388	100
3:1:1:5	5	13	22	28.9377	99.5388	100
3:1:2:15	5	13	22	28.9377	99.5388	100
3:1:3:30	5	13	22	28.9377	99.5388	100
3:1:4:40	5	13	22	28.9377	99.5388	100
3:1:5:55	5	13	22	28.9377	99.5388	100
3:1:7:5	5	13	22	28.9377	99.5388	100
3:1:8:20	5	13	22	28.9377	99.5388	100
3:1:9:35	5	13	22	28.9377	99.5388	100
3:1:10:45	5	13	22	28.9377	99.5388	100
3:1:12:0	5	13	22	28.9377	99.5388	100
3:1:13:10	5	13	22	28.9377	99.5388	100
3:1:14:25	5	13	22	28.9377	99.5388	100
3:1:15:35	5	13	22	28.9377	99.5388	100
3:1:16:50	5	13	22	28.9377	99.5388	100
3:1:18:0	5	13	22	28.9377	99.5388	100
3:1:19:15	5	13	22	28.9377	99.5388	100
3:1:20:30	5	13	22	28.9377	99.5388	100
3:1:21:40	5	13	22	28.9377	99.5388	100
3:1:22:55	5	13	22	28.9377	99.5388	100
3:1:24:5	5	13	22	28.9377	99.5388	100
3:1:25:20	5	13	22	28.9377	99.5388	100
3:1:26:30	5	13	22	28.9377	99.5388	100
3:1:27:45	5	13	22	28.9377	99.5388	100
3:1:29:0	5	13	22	28.9377	99.5388	100
3:1:30:10	5	13	22	28.9377	99.5388	100
3:1:31:25	5	13	22	28.9377	99.5388	100
3:1:32:35	5	13	22	28.9377	99.5388	100
3:1:33:50	5	13	22	28.9377	99.5388	100
3:1:35:0	5	13	22	28.9377	99.5388	100
3:1:36:15	5	13	22	28.9377	99.5388	100
3:1:37:30	5	13	22	28.9377	99.5388	100
3:1:38:40	5	13	22	28.9377	99.5388	100
3:1:39:55	5	13	22	28.9377	99.5388	100
3:1:41:5	5	13	22	28.9377	99.5388	100
3:1:42:20	5	13	22	28.9377	99.5388	100
3:1:43:35	5	13	22	28.9377	99.5388	100
3:1:44:45	5	13	22	28.9377	99.5388	100
3:1:46:0	5	13	22	28.9377	99.5388	100
3:1:47:10	5	13	22	28.9377	99.5388	100
3:1:48:25	5	13	22	28.9377	99.5388	100
3:1:49:35	5	13	22	28.9377	99.5388	100
3:1:50:50	5	13	22	28.9377	99.5388	100
3:1:52:5	5	13	22	28.9377	99.5388	100
3:1:53:15	5	13	22	28.9377	99.5388	100
3:1:54:30	5	13	22	28.9377	99.5388	100
3:1:55:40	5	13	22	28.9377	99.5388	100
3:1:56:55	5	13	22	28.9377	99.5388	100
3:1:58:5	5	13	22	28.9377	99.5388	100
3:1:59:20	5	13	22	28.9377	99.5388	100
3:2:0:35	5	13	22	28.9377	99.5388	100
3:2:1:45	5	13	22	28.9377	99.5388	100
3:2:3:0	5	13	22	28.9377	99.5388	100
3:2:4:10	5	13	22	28.9377	99.5388	100
3:2:5:25	5	13	22	28.9377	99.5388	100
3:2:6:35	5	13	22	28.9377	99.5388	100
3:2:7:50	5	13	22	28.9377	99.5388	100
3:2:9:5	5	13	22	28.9377	99.5388	100
3:2:10:15	5	13	22	28.9377	99.5388	100
3:2:11:30	5	13	22	28.9377	99.5388	100
3:2:12:40	5	13	22	28.9377	99.5388	100
3:2:13:55	5	13	22	28.9377	99.5388	100
3:2:15:5	5	13	22	28.9377	99.5388	100
3:2:16:20	5	13	22	28.9377	99.5388	100
3:2:17:30	5	13	22	28.9377	99.5388	100
3:2:18:45	5	13	22	28.9377	99.5388	100
3:2:20:0	5	13	22	28.9377	99.5388	100
3:2:21:10	5	13	22	28.9377	99.5388	100
3:2:22:25	5	13	22	28.9377	99.5388	100
3:2:23:35	5	13	22	28.9377	99.5388	100
3:2:24:50	5	13	22	28.9377	99.5388	100
3:2:26:0	5	13	22	28.9377	99.5388	100
3:2:27:15	5	13	22	28.9377	99.5388	100
3:2:28:30	5	13	22	28.9377	99.5388	100
3:2:29:40	5	13	22	28.9377	99.5388	100
3:2:30:55	5	13	22	28.9377	99.5388	100
3:2:32:5	5	13	22	28.9377	99.5388	100
3:2:33:20	5	13	22	28.9377	99.5388	100
3:2:34:30	5	13	22	28.9377	99.5388	100
3:2:35:45	5	13	22	28.9377	99.5388	100
3:2:37:0	5	13	22	28.9377	99.5388	100
3:2:38:10	5	13	22	28.9377	99.5388	100
3:2:39:25	5	13	22	28.9377	99.5388	100
3:2:40:35	5	13	22	28.9377	99.5388	100
3:2:41:50	5	13	22	28.9377	99.5388	100
3:2:43:0	5	13	22	28.9377	99.5388	100
3:2:44:15	5	13	22	28.9377	99.5388	100
3:2:45:30	5	13	22	28.9377	99.5388	100
3:2:46:40	5	13	22	28.9377	99.5388	100
3:2:47:55	5	13	22	28.9377	99.5388	100
3:2:49:5	5	13	22	28.9377	99.5388	100
3:2:50:20	5	13	22	28.9377	99.5388	100
3:2:51:30	5	13	22	28.9377	99.5388	100
3:2:52:45	5	13	22	28.9377	99.5388	100
3:2:54:0	5	13	22	28.9377	99.5388	100
3:2:55:10	5	13	22	28.9377	99.5388	100
3:2:56:25	5	13	22	28.9377	99.5388	100
3:2:57:35	5	13	22	28.9377	99.5388	100
3:2:58:50	5	13	22	28.9377	99.5388	100
3:3:0:0	5	13	22	28.9377	99.5388	100
3:3:1:15	5	13	22	28.9377	99.5388	100
3:3:2:25	5	13	22	28.9377	99.5388	100
3:3:3:40	5	13	22	28.9377	99.5388	100
3:3:4:55	5	13	22	28.9377	99.5388	100
3:3:6:5	5	13	22	28.9377	99.5388	100
3:3:7:20	5	13	22	28.9377	99.5388	100
3:3:8:30	5	13	22	28.9377	99.5388	100
3:3:9:45	5	13	22	28.9377	99.5388	100
3:3:10:55	5	13	22	28.9377	99.5388	100
3:3:12:10	5	13	22	28.9377	99.5388	100
3:3:13:25	5	13	22	28.9377	99.5388	100
3:3:14:35	5	13	22	28.9377	99.5388	100
3:3:15:50	5	13	22	28.9377	99.5388	100
3:3:17:0	5	13	22	28.9377	99.5388	100
3:3:18:15	5	13	22	28.9377	99.5388	100
3:3:19:25	5	13	22	28.9377	99.5388	100
3:3:20:40	5	13	22	28.9377	99.5388	100
3:3:21:55	5	13	22	28.9377	99.5388	100
3:3:23:5	5	13	22	28.9377	99.5388	100
3:3:24:20	5	13	22	28.9377	99.5388	100
3:3:25:30	5	13	22	28.9377	99.5388	100
3:3:26:45	5	13	22	28.9377	99.5388	100
3:3:27:55	5	13	22	28.9377	99.5388	100
3:3:29:10	5	13	22	28.9377	99.5388	100
3:3:30:20	5	13	22	28.9377	99.5388	100
3:3:31:35	5	13	22	28.9377	99.5388	100
3:3:32:50	5	13	22	28.9377	99.5388	100
3:3:34:0	5	13	22	28.9377	99.5388	100
3:3:35:15	5	13	22	28.9377	99.5388	100
3:3:36:25	5	13	22	28.9377	99.5388	100
3:3:37:40	5	13	22	28.9377	99.5388	100
3:3:38:50	5	13	22	28.9377	99.5388	100
3:3:40:5	5	13	22	28.9377	99.5388	100
3:3:41:15	5	13	22	28.9377	99.5388	100
3:3:42:30	5	13	22	28.9377	99.5388	100
3:3:43:40	5	13	22	28.9377	99.5388	100
3:3:44:55	5	13	22	28.9377	99.5388	100
3:3:46:10	5	13	22	28.9377	99.5388	100
3:3:47:20	5	13	22	28.9377	99.5388	100
3:3:48:35	5	13	22	28.9377	99.5388	100
3:3:49:45	5	13	22	28.9377	99.5388	100
3:3:51:0	5	13	22	28.9377	99.5388	100
3:3:52:10	5	13	22	28.9377	99.5388	100
3:3:53:25	5	13	22	28.9377	99.5388	100
3:3:54:35	5	13	22	28.9377	99.5388	100
3:3:55:50	5	13	22	28.9377	99.5388	100
3:3:57:5	5	13	22	28.9377	99.5388	100
3:3:58:15	5	13	22	28.9377	99.5388	100
3:3:59:30	5	13	22	28.9377	99.5388	100
3:4:0:40	5	13	22	28.9377	99.5388	100
3:4:1:55	5	13	22	28.9377	99.5388	100
3:4:3:10	5	13	22	28.9377	99.5388	100
3:4:4:20	5	13	22	28.9377	99.5388	100
3:4:5:35	5	13	22	28.9377	99.5388	100
3:4:6:45	5	13	22	28.9377	99.5388	100
3:4:8:0	5	13	22	28.9377	99.5388	100
3:4:9:10	5	13	22	28.9377	99.5388	100
3:4:10:25	5	13	22	28.9377	99.5388	100
3:4:11:35	5	13	22	28.9377	99.5388	100
3:4:12:50	5	13	22	28.9377	99.5388	100
3:4:14:5	5	13	22	28.9377	99.5388	100
3:4:15:15	5	13	22	28.9377	99.5388	100
3:4:16:30	5	13	22	28.9377	99.5388	100
3:4:17:40	5	13	22	28.9377	99.5388	100
3:4:18:55	5	13	22	28.9377	99.5388	100
3:4:20:5	5	13	22	28.9377	99.5388	100
3:4:21:20	5	13	22	28.9377	99.5388	100
3:4:22:30	5	13	22	28.9377	99.5388	100
3:4:23:45	5	13	22	28.9377	99.5388	100
3:4:25:0	5	13	22	28.9377	99.5388	100
3:4:26:10	5	13	22	28.9377	99.5388	100
3:4:27:25	5	13	22	28.9377	99.5388	100
3:4:28:35	5	13	22	28.9377	99.5388	100
3:4:29:50	5	13	22	28.9377	99.5388	100
3:4:31:0	5	13	22	28.9377	99.5388	100
3:4:32:15	5	13	22	28.9377	99.5388	100
3:4:33:25	5	13	22	28.9377	99.5388	100
3:4:34:40	5	13	22	28.9377	99.5388	100
3:4:35:55	5	13	22	28.9377	99.5388	100
3:4:37:5	5	13	22	28.9377	99.5388	100
3:4:38:20	5	13	22	28.9377	99.5388	100
3:4:39:30	5	13	22	28.9377	99.5388	100
3:4:40:45	5	13	22	28.9377	99.5388	100
3:4:41:55	5	13	22	28.9377	99.5388	100
3:4:43:10	5	13	22	28.9377	99.5388	100
3:4:44:25	5	13	22	28.9377	99.5388	100
3:4:45:35	5	13	22	28.9377	99.5388	100
3:4:46:50	5	13	22	28.9377	99.5388	100
3:4:48:0	5	13	22	28.9377	99.5388	100
3:4:49:15	5	13	22	28.9377	99.5388	100
3:4:50:25	5	13	22	28.9377	99.5388	100
3:4:51:40	5	13	22	28.9377	99.5388	100
3:4:52:55	5	13	22	28.9377	99.5388	100
3:4:54:5	5	13	22	28.9377	99.5388	100
3:4:55:20	5	13	22	28.9377	99.5388	100
3:4:56:30	5	13	22	28.9377	99.5388	100
3:4:57:45	5	13	22	28.9377	99.5388	100
3:4:58:55	5	13	22	28.9377	99.5388	100
3:5:0:10	5	13	22	28.9377	99.5388	100
3:5:1:25	5	13	22	28.9377	99.5388	100
3:5:2:35	5	13	22	28.9377	99.5388	100
3:5:3:50	5	13	22	28.9377	99.5388	100
3:5:5:0	5	13	22	28.9377	99.5388	100
3:5:6:15	5	13	22	28.9377	99.5388	100
3:5:7:25	5	13	22	28.9377	99.5388	100
3:5:8:40	5	13	22	28.9377	99.5388	100
3:5:9:55	5	13	22	28.9377	99.5388	100
3:5:11:5	5	13	22	28.9377	99.5388	100
3:5:12:20	5	13	22	28.9377	99.5388	100
3:5:13:30	5	13	22	28.9377	99.5388	100
3:5:14:45	5	13	22	28.9377	99.5388	100
3:5:15:55	5	13	22	28.9377	99.5388	100
3:5:17:10	5	13	22	28.9377	99.5388	100
3:5:18:25	5	13	22	28.9377	99.5388	100
3:5:19:35	5	13	22	28.9377	99.5388	100
3:5:20:50	5	13	22	28.9377	99.5388	100
3:5:22:0	5	13	22	28.9377	99.5388	100
3:5:23:15	5	13	22	28.9377	99.5388	100
3:5:24:25	5	13	22	28.9377	99.5388	100
3:5:25:40	5	13	22	28.9377	99.5388	100
3:5:26:55	5	13	22	28.9377	99.5388	100
3:5:28:5	5	13	22	28.9377	99.5388	100
3:5:29:20	5	13	22	28.9377	99.5388	100
3:5:30:30	5	13	22	28.9377	99.5388	100
3:5:31:45	5	13	22	28.9377	99.5388	100
3:5:32:55	5	13	22	28.9377	99.5388	100
3:5:34:10	5	13	22	28.9377	99.5388	100
3:5:35:20	5	13	22	28.9377	99.5388	100
3:5:36:35	5	13	22	28.9377	99.5388	100
3:5:37:45	5	13	22	28.9377	99.5388	100
3:5:39:0	5	13	22	28.9377	99.5388	100
3:5:40:15	5	13	22	28.9377	99.5388	100
3:5:41:25	5	13	22	28.9377	99.5388	100
3:5:42:40	5	13	22	28.9377	99.5388	100
3:5:43:50	5	13	22	28.9377	99.5388	100
3:5:45:5	5	13	22	28.9377	99.5388	100
3:5:46:15	5	13	22	28.9377	99.5388	100
3:5:47:30	5	13	22	28.9377	99.5388	100
3:5:48:40	5	13	22	28.9377	99.5388	100
3:5:49:55	5	13	22	28.9377	99.5388	100
3:5:51:10	5	13	22	28.9377	99.5388	100
3:5:52:20	5	13	22	28.9377	99.5388	100
3:5:53:35	5	13	22	28.9377	99.5388	100
3:5:54:45	5	13	22	28.9377	99.5388	100
3:5:56:0	5	13	22	28.9377	99.5388	100
3:5:57:10	5	13	22	28.9377	99.5388	100
3:5:58:25	5	13	22	28.9377	99.5388	100
3:5:59:40	5	13	22	28.9377	99.5388	100
3:6:0:50	5	13	22	28.9377	99.5388	100
3:6:2:5	5	13	22	28.9377	99.5388	100
3:6:3:15	5	13	22	28.9377	99.5388	100
3:6:4:30	5	13	22	28.9377	99.5388	100
3:6:5:40	5	13	22	28.9377	99.5388	100
3:6:6:55	5	13	22	28.9377	99.5388	100
3:6:8:5	5	13	22	28.9377	99.5388	100
3:6:9:20	5	13	22	28.9377	99.5388	100
3:6:10:35	5	13	22	28.9377	99.5388	100
3:6:11:45	5	13	22	28.9377	99.5388	100
3:6:13:0	5	13	22	28.9377	99.5388	100
3:6:14:10	5	13	22	28.9377	99.5388	100
3:6:15:25	5	13	22	28.9377	99.5388	100
3:6:16:35	5	13	22	28.9377	99.5388	100
3:6:17:50	5	13	22	28.9377	99.5388	100
3:6:19:5	5	13	22	28.9377	99.5388	100
3:6:20:15	5	13	22	28.9377	99.5388	100
3:6:21:30	5	13	22	28.9377	99.5388	100
3:6:22:40	5	13	22	28.9377	99.5388	100
3:6:23:55	5	13	22	28.9377	99.5388	100
3:6:25:5	5	13	22	28.9377	99.5388	100
3:6:26:20	5	13	22	28.9377	99.5388	100
3:6:27:30	5	13	22	28.9377	99.5388	100
3:6:28:45	5	13	22	28.9377	99.5388	100
3:6:30:0	5	13	22	28.9377	99.5388	100
3:6:31:10	5	13	22	28.9377	99.5388	100
3:6:32:25	5	13	22	28.9377	99.5388	100
3:6:33:35	5	13	22	28.9377	99.5388	100
3:6:34:50	5	13	22	28.9377	99.5388	100
3:6:36:0	5	13	22	28.9377	99.5388	100
3:6:37:15	5	13	22	28.9377	99.5388	100
3:6:38:30	5	13	22	28.9377	99.5388	100
3:6:39:40	5	13	22	28.9377	99.5388	100
3:6:40:55	5	13	22	28.9377	99.5388	100
3:6:42:5	5	13	22	28.9377	99.5388	100
3:6:43:20	5	13	22	28.9377	99.5388	100
3:6:44:35	5	13	22	28.9377	99.5388	100
3:6:45:45	5	13	22	28.9377	99.5388	100
3:6:47:0	5	13	22	28.9377	99.5388	100
3:6:48:10	5	13	22	28.9377	99.5388	100
3:6:49:25	5	13	22	28.9377	99.5388	100
3:6:50:35	5	13	22	28.9377	99.5388	100
3:6:51:50	5	13	22	28.9377	99.5388	100
3:6:53:0	5	13	22	28.9377	99.5388	100
3:6:54:15	5	13	22	28.9377	99.5388	100
3:6:55:25	5	13	22	28.9377	99.5388	100
3:6:56:40	5	13	22	28.9377	99.5388	100
3:6:57:55	5	13	22	28.9377	99.5388	100
3:6:59:5	5	13	22	28.9377	99.5388	100
3:7:0:20	5	13	22	28.9377	99.5388	100
3:7:1:30	5	13	22	28.9377	99.5388	100
3:7:2:45	5	13	22	28.9377	99.5388	100
3:7:3:55	5	13	22	28.9377	99.5388	100
3:7:5:10	5	13	22	28.9377	99.5388	100
3:7:6:25	5	13	22	28.9377	99.5388	100
3:7:7:35	5	13	22	28.9377	99.5388	100
3:7:8:50	5	13	22	28.9377	99.5388	100
3:7:10:0	5	13	22	28.9377	99.5388	100
3:7:11:15	5	13	22	28.9377	99.5388	100
3:7:12:25	5	13	22	28.9377	99.5388	100
3:7:13:40	5	13	22	28.9377	99.5388	100
3:7:14:50	5	13	22	28.9377	99.5388	100
3:7:16:5	5	13	22	28.9377	99.5388	100
3:7:17:20	5	13	22	28.9377	99.5388	100
3:7:18:30	5	13	22	28.9377	99.5388	100
3:7:19:45	5	13	22	28.9377	99.5388	100
3:7:20:55	5	13	22	28.9377	99.5388	100
3:7:22:10	5	13	22	28.9377	99.5388	100
3:7:23:20	5	13	22	28.9377	99.5388	100
3:7:24:35	5	13	22	28.9377	99.5388	100
3:7:25:50	5	13	22	28.9377	99.5388	100
3:7:27:0	5	13	22	28.9377	99.5388	100
3:7:28:15	5	13	22	28.9377	99.5388	100
3:7:29:25	5	13	22	28.9377	99.5388	100
3:7:30:40	5	13	22	28.9377	99.5388	100
3:7:31:55	5	13	22	28.9377	99.5388	100
3:7:33:5	5	13	22	28.9377	99.5388	100
3:7:34:20	5	13	22	28.9377	99.5388	100
3:7:35:30	5	13	22	28.9377	99.5388	100
3:7:36:45	5	13	22	28.9377	99.5388	100
3:7:37:55	5	13	22	28.9377	99.5388	100
3:7:39:10	5	13	22	28.9377	99.5388	100
3:7:40:25	5	13	22	28.9377	99.5388	100
3:7:41:35	5	13	22	28.9377	99.5388	100
3:7:42:50	5	13	22	28.9377	99.5388	100
3:7:44:0	5	13	22	28.9377	99.5388	100
3:7:45:15	5	13	22	28.9377	99.5388	100
3:7:46:25	5	13	22	28.9377	99.5388	100
3:7:47:40	5	13	22	28.9377	99.5388	100
3:7:48:50	5	13	22	28.9377	99.5388	100
3:7:50:5	5	13	22	28.9377	99.5388	100
3:7:51:20	5	13	22	28.9377	99.5388	100
3:7:52:30	5	13	22	28.9377	99.5388	100
3:7:53:45	5	13	22	28.9377	99.5388	100
3:7:54:55	5	13	22	28.9377	99.5388	100
3:7:56:10	5	13	22	28.9377	99.5388	100
3:7:57:20	5	13	22	28.9377	99.5388	100
3:7:58:35	5	13	22	28.9377	99.5388	100
3:7:59:45	5	13	22	28.9377	99.5388	100
3:8:1:0	5	13	22	28.9377	99.5388	100
3:8:2:15	5	13	22	28.9377	99.5388	100
3:8:3:25	5	13	22	28.9377	99.5388	100
3:8:4:40	5	13	22	28.9377	99.5388	100
3:8:5:50	5	13	22	28.9377	99.5388	100
3:8:7:5	5	13	22	28.9377	99.5388	100
3:8:8:15	5	13	22	28.9377	99.5388	100
3:8:9:30	5	13	22	28.9377	99.5388	100
3:8:10:40	5	13	22	28.9377	99.5388	100
3:8:11:55	5	13	22	28.9377	99.5388	100
3:8:13:5	5	13	22	28.9377	99.5388	100
3:8:14:20	5	13	22	28.9377	99.5388	100
3:8:15:35	5	13	22	28.9377	99.5388	100
3:8:16:45	5	13	22	28.9377	99.5388	100
3:8:18:0	5	13	22	28.9377	99.5388	100
3:8:19:10	5	13	22	28.9377	99.5388	100
3:8:20:25	5	13	22	28.9377	99.5388	100
3:8:21:35	5	13	22	28.9377	99.5388	100
3:8:22:50	5	13	22	28.9377	99.5388	100
3:8:24:0	5	13	22	28.9377	99.5388	100
3:8:25:15	5	13	22	28.9377	99.5388	100
3:8:26:30	5	13	22	28.9377	99.5388	100
3:8:27:40	5	13	22	28.9377	99.5388	100
3:8:28:55	5	13	22	28.9377	99.5388	100
3:8:30:5	5	13	22	28.9377	99.5388	100
3:8:31:20	5	13	22	28.9377	99.5388	100
3:8:32:30	5	13	22	28.9377	99.5388	100
3:8:33:45	5	13	22	28.9377	99.5388	100
3:8:34:55	5	13	22	28.9377	99.5388	100
3:8:36:10	5	13	22	28.9377	99.5388	100
3:8:37:25	5	13	22	28.9377	99.5388	100
3:8:38:35	5	13	22	28.9377	99.5388	100
3:8:39:50	5	13	22	28.9377	99.5388	100
3:8:41:0	5	13	22	28.9377	99.5388	100
3:8:42:15	5	13	22	28.9377	99.5388	100
3:8:43:25	5	13	22	28.9377	99.5388	100
3:8:44:40	5	13	22	28.9377	99.5388	100
3:8:45:55	5	13	22	28.9377	99.5388	100
3:8:47:5	5	13	22	28.9377	99.5388	100
3:8:48:20	5	13	22	28.9377	99.5388	100
3:8:49:30	5	13	22	28.9377	99.5388	100
3:8:50:45	5	13	22	28.9377	99.5388	100
3:8:51:55	5	13	22	28.9377	99.5388	100
3:8:53:10	5	13	22	28.9377	99.5388	100
3:8:54:25	5	13	22	28.9377	99.5388	100
3:8:55:35	5	13	22	28.9377	99.5388	100
3:8:56:50	5	13	22	28.9377	99.5388	100
3:8:58:0	5	13	22	28.9377	99.5388	100
3:8:59:15	5	13	22	28.9377	99.5388	100
3:9:0:30	5	13	22	28.9377	99.5388	100
3:9:1:40	5	13	22	28.9377	99.5388	100
3:9:2:55	5	13	22	28.9377	99.5388	100
3:9:4:5	5	13	22	28.9377	99.5388	100
3:9:5:20	5	13	22	28.9377	99.5388	100
3:9:6:30	5	13	22	28.9377	99.5388	100
3:9:7:45	5	13	22	28.9377	99.5388	100
3:9:8:55	5	13	22	28.9377	99.5388	100
3:9:10:10	5	13	22	28.9377	99.5388	100
3:9:11:25	5	13	22	28.9377	99.5388	100
3:9:12:35	5	13	22	28.9377	99.5388	100
3:9:13:50	5	13	22	28.9377	99.5388	100
3:9:15:0	5	13	22	28.9377	99.5388	100
3:9:16:15	5	13	22	28.9377	99.5388	100
3:9:17:25	5	13	22	28.9377	99.5388	100
3:9:18:40	5	13	22	28.9377	99.5388	100
3:9:19:55	5	13	22	28.9377	99.5388	100
3:9:21:5	5	13	22	28.9377	99.5388	100
3:9:22:20	5	13	22	28.9377	99.5388	100
3:9:23:30	5	13	22	28.9377	99.5388	100
3:9:24:45	5	13	22	28.9377	99.5388	100
3:9:25:55	5	13	22	28.9377	99.5388	100
3:9:27:10	5	13	22	28.9377	99.5388	100
3:9:28:20	5	13	22	28.9377	99.5388	100
3:9:29:35	5	13	22	28.9377	99.5388	100
3:9:30:50	5	13	22	28.9377	99.5388	100
3:9:32:0	5	13	22	28.9377	99.5388	100
3:9:33:15	5	13	22	28.9377	99.5388	100
3:9:34:25	5	13	22	28.9377	99.5388	100
3:9:35:40	5	13	22	28.9377	99.5388	100
3:9:36:50	5	13	22	28.9377	99.5388	100
3:9:38:5	5	13	22	28.9377	99.5388	100
3:9:39:15	5	13	22	28.9377	99.5388	100
3:9:40:30	5	13	22	28.9377	99.5388	100
3:9:41:45	5	13	22	28.9377	99.5388	100
3:9:42:55	5	13	22	28.9377	99.5388	100
3:9:44:10	5	13	22	28.9377	99.5388	100
3:9:45:20	5	13	22	28.9377	99.5388	100
3:9:46:35	5	13	22	28.9377	99.5388	100
3:9:47:45	5	13	22	28.9377	99.5388	100
3:9:49:0	5	13	22	28.9377	99.5388	100
3:9:50:15	5	13	22	28.9377	99.5388	100
3:9:51:25	5	13	22	28.9377	99.5388	100
3:9:52:40	5	13	22	28.9377	99.5388	100
3:9:53:50	5	13	22	28.9377	99.5388	100
3:9:55:5	5	13	22	28.9377	99.5388	100
3:9:56:15	5	13	22	28.9377	99.5388	100
3:9:57:30	5	13	22	28.9377	99.5388	100
3:9:58:45	5	13	22	28.9377	99.5388	100
3:9:59:55	5	13	22	28.9377	99.5388	100
3:10:1:10	5	13	22	28.9377	99.5388	100
3:10:2:20	5	13	22	28.9377	99.5388	100
3:10:3:35	5	13	22	28.9377	99.5388	100
3:10:4:45	5	13	22	28.9377	99.5388	100
3:10:6:0	5	13	22	28.9377	99.5388	100
3:10:7:15	5	13	22	28.9377	99.5388	100
3:10:8:25	5	13	22	28.9377	99.5388	100
3:10:9:40	5	13	22	28.9377	99.5388	100
3:10:10:50	5	13	22	28.9377	99.5388	100
3:10:12:5	5	13	22	28.9377	99.5388	100
3:10:13:15	5	13	22	28.9377	99.5388	100
3:10:14:30	5	13	22	28.9377	99.5388	100
3:10:15:45	5	13	22	28.9377	99.5388	100
3:10:16:55	5	13	22	28.9377	99.5388	100
3:10:18:10	5	13	22	28.9377	99.5388	100
3:10:19:20	5	13	22	28.9377	99.5388	100
3:10:20:35	5	13	22	28.9377	99.5388	100
3:10:21:45	5	13	22	28.9377	99.5388	100
3:10:23:0	5	13	22	28.9377	99.5388	100
3:10:24:15	5	13	22	28.9377	99.5388	100
3:10:25:25	5	13	22	28.9377	99.5388	100
3:10:26:40	5	13	22	28.9377	99.5388	100
3:10:27:50	5	13	22	28.9377	99.5388	100
3:10:29:5	5	13	22	28.9377	99.5388	100
3:10:30:15	5	13	22	28.9377	99.5388	100
3:10:31:30	5	13	22	28.9377	99.5388	100
3:10:32:45	5	13	22	28.9377	99.5388	100
3:10:33:55	5	13	22	28.9377	99.5388	100
3:10:35:10	5	13	22	28.9377	99.5388	100
3:10:36:20	5	13	22	28.9377	99.5388	100
3:10:37:35	5	13	22	28.9377	99.5388	100
3:10:38:45	5	13	22	28.9377	99.5388	100
3:10:40:0	5	13	22	28.9377	99.5388	100
3:10:41:10	5	13	22	28.9377	99.5388	100
3:10:42:25	5	13	22	28.9377	99.5388	100
3:10:43:35	5	13	22	28.9377	99.5388	100
3:10:44:50	5	13	22	28.9377	99.5388	100
3:10:45:10	5	13	22	28.9377	99.5388	100
3:10:45:10	5	13	22	28.9377	99.5388	100
3:10:45:10	5	13	22	28.9377	99.5388	100
3:10:45:10	5	13	22	28.9377	99.5388	100
3:10:45:10	5	13	22	28.9377	99.5388	100
3:10:45:10	5	13	22	28.9377	99.5388	100
3:10:45:10	5	13	22	28.9377	99.5388	100
3:10:45:10	5	13	22	28.9377	99.5388	100
3:10:45:10	5	13	22	28.9377	99.5388	100
3:10:45:10	5	13	22	28.9377	99.5388	100
3:10:45:10	5	13	22	28.9377	99.5388	100
3:10:45:10	5	13	22	28.9377	99.5388	100
3:10:45:10	5	13	22	28.9377	99.5388	100
3:10:45:10	5	13	22	28.9377	99.5388	100
3:10:45:10	5	13	22	28.9377	99.5388	100
3:10:45:10	5	13	22	28.9377	99.5388	100
3:10:45:10	5	13	22	28.9377	99.5388	100
3:10:45:10	5	13	22	28.9377	99.5388	100
3:10:45:10	5	13	22	28.9377	99.5388	100
3:10:45:10	5	13	22	28.9377	99.5388	100
3:10:45:10	5	13	22	28.9377	99.5388	100
3:10:45:10	5	13	22	28.9377	99.5388	100
3:10:45:10	5	13	22	28.9377	99.5388	100
3:10:45:10	5	13	22	28.9377	99.5388	100
3:10:45:10	5	13	22	28.9377	99.5388	100
3:10:45:10	5	13	22	28.9377	99.5388	100
3:10:45:10	5	13	22	28.9377	99.5388	100
3:10:45:10	5	13	22	28.9377	99.5388	100
3:10:45:10	5	13	22	28.9377	99.5388	100
3:10:45:10	5	13	22	28.9377	99.5388	100
3:10:45:10	5	13	22	28.9377	99.5388	100
3:10:45:10	5	13	22	28.9377	99.5388	100
3:10:45:10	5	13	22	28.9377	99.5388	100
3:10:45:10	5	13	22	28.9377	99.5388	100
3:10:45:10	5	13	22	28.9377	99.5388	100
3:10:45:10	5	13	22	28.9377	99.5388	100
3:10:45:10	5	13	22	28.9377	99.5388	100
3:10:45:10	5	13	22	28.9377	99.5388	100
3:10:45:10	5	13	22	28.9377	99.5388	100
3:10:45:10	5	13	22	28.9377	99.5388	100
3:10:45:10	5	13	22	28.9377	99.5388	100
3:10:45:10	5	13	22	28.9377	99.5388	100
3:10:45:10	5	13	22	28.9377	99.5388	100
3:10:45:10	5	13	22	28.9377	99.5388	100
3:10:45:10	5	13	22	28.9377	99.5388	100
3:10:45:10	5	13	22	28.9377	99.5388	100
3:10:45:10	5	13	22	28.9377	99.5388	100
3:10:45:10	5	13	22	28.9377	99.5388	100
3:10:45:10	5	13	22	28.9377	99.5388	100
3:10:45:10	5	13	22	28.9377	99.5388	100
3:10:45:10	5	13	22	28.9377	99.5388	100
3:10:45:10	5	13	22	28.9377	99.5388	100
3:10:45:10	5	13	22	28.9377	99.5388	100
3:10:45:10	5	13	22	28.9377	99.5388	100
3:10:45:10	5	13	22	28.9377	99.5388	100
3:10:45:10	5	13	22	28.9377	99.5388	100
3:10:45:10	5	13	22	28.9377	99.5388	100
3:10:45:10	5	13	22	28.9377	99.5388	100
3:10:45:10	5	13	22	28.9377	99.5388	100
3:10:45:10	5	13	22	28.9377	99.5388	100
3:10:45:10	5	13	22	28.9377	99.5388	100
3:10:45:10	5	13	22	28.9377	99.5388	100
3:10:45:10	5	13	22	28.9377	99.5388	100
3:10:45:10	5	13	22	28.9377	99.5388	100
3:10:45:10	5	13	22	28.9377	99.5388	100
3:10:45:10	5	13	22	28.9377	99.5388	100
3:10:45:10	5	13	22	28.9377	99.5388	100
3:10:45:10	5	13	22	28.9377	99.5388	100
3:10:45:10	5	13	22	28.9377	99.5388	100
3:10:45:10	5	13	22	28.9377	99.5388	100
3:10:45:10	5	13	22	28.9377	99.5388	100
3:10:45:10	5	13	22	28.9377	99.5388	100
3:10:45:10	5	13	22	28.9377	99.5388	100
3:8:1:20	5	13	22	29.7479	99.5172	100
3:8:2:30	5	13	22	28.3349	99.5172	100
3:8:3:45	5	13	22	27.4248	36.675	35.77849999999998
3:8:5:0	5	13	22	27.2501	11.2832	10.810999999999993
3:8:6:10	5	13	22	26.9022	29.8689	30.2564999999999
3:8:7:20	5	13	22	26.9022	32.6743	33.02749999999996
3:8:8:30	5	13	22	25.6477	58.8903	59.27799999999996
3:8:9:45	5	13	22	25.1445	0.0	0
3:8:11:0	5	13	22	25.3769	0.0	0
3:8:12:10	5	13	22	25.4217	34.169	34.50649999999989
3:8:13:25	5	13	22	25.6373	52.9695	53.365000000000045
3:8:14:35	5	13	22	22.7421	85.0431	85.34149999999994
3:8:15:50	5	13	22	20.5202	1.0969	0
3:8:17:0	5	13	22	20.6972	0.0	0
3:8:18:10	5	13	22	20.7797	15.8154	16.100499999999975
3:8:19:25	5	13	22	21.0405	14.9727	14.476499999999941
3:8:20:35	5	13	22	21.3392	25.9437	26.218500000000162
3:8:21:50	5	13	22	21.1704	40.5602	41.02600000000017
3:8:23:0	5	13	22	21.2428	24.8615	24.412500000000108
3:8:24:15	5	13	22	21.1905	25.8824	26.176499999999994
3:8:25:30	5	13	22	21.44	18.8519	18.367500000000074
3:8:26:40	5	13	22	21.7381	31.6746	32.04650000000015
3:8:27:55	5	13	22	21.329	48.542	48.866000000000014
3:8:29:5	5	13	22	21.4153	18.0188	17.429000000000112
3:8:30:20	5	13	22	21.4153	21.8594	22.160499999999956
3:8:31:30	5	13	22	21.5333	19.2968	18.80549999999996
3:8:32:45	5	13	22	22.0734	23.7457	24.1420000000001
3:8:34:0	5	13	22	20.7203	58.6738	59.02550000000001
3:8:35:10	5	13	22	20.9167	0.0	0
3:8:36:25	5	13	22	21.0761	13.6973	14.114999999999789
3:8:37:35	5	13	22	21.144	18.4332	18.874499999999905
3:8:38:50	5	13	22	21.6747	18.4332	18.210999999999764
3:8:40:0	5	13	22	20.8702	50.4433	50.740499999999976
3:8:41:15	5	13	22	21.0754	0.0	0
3:8:42:25	5	13	22	21.2488	12.3884	12.737499999999855
3:8:43:40	5	13	22	21.3473	18.8343	19.22649999999992
3:8:44:55	5	13	22	21.9136	21.0171	21.498500000000007
3:8:46:5	5	13	22	21.0171	57.0119	57.383499999999884
3:8:47:20	5	13	22	21.2176	0.0	0
3:8:48:30	5	13	22	21.3905	13.2108	13.603000000000112
3:8:49:45	5	13	22	21.7628	20.3273	20.791500000000003
3:8:50:55	5	13	22	22.2226	42.6548	42.94049999999995
3:8:52:10	5	13	22	20.5646	71.6192	72.07900000000004
3:8:53:20	5	13	22	20.7457	0.0	0
3:8:54:30	5	13	22	20.9491	13.3885	13.790000000000049
3:8:55:45	5	13	22	21.3727	20.3983	20.851000000000184
3:8:56:55	5	13	22	21.8592	43.9146	44.23149999999996
3:8:58:10	5	13	22	20.3668	72.58	73.03200000000018
3:8:59:20	5	13	22	20.5063	0.0	0
3:9:0:35	5	13	22	20.7326	8.7106	9.06099999999988
3:9:1:45	5	13	22	21.0568	16.4575	16.736000000000022
3:9:3:0	5	13	22	21.4431	31.4747	31.96149999999985
3:9:4:10	5	13	22	20.9342	52.1988	52.66550000000001
3:9:5:25	5	13	22	20.9342	12.9986	12.326499999999967
3:9:6:35	5	13	22	21.3142	9.9992	9.541999999999973
3:9:7:45	5	13	22	21.6967	30.3598	30.812999999999906
3:9:9:0	5	13	22	20.683	51.7671	52.25899999999993
3:9:10:10	5	13	22	20.8863	0.0	0
3:9:11:25	5	13	22	21.0839	12.3665	12.714499999999909
3:9:12:35	5	13	22	21.5501	19.4959	19.9615
3:9:13:50	5	13	22	22.1072	46.6156	47.02700000000004
3:9:15:0	5	13	22	19.9941	81.1001	81.44349999999991
3:9:16:15	5	13	22	20.1555	1.0598	0
3:9:17:30	5	13	22	20.3871	11.3645	11.834000000000024
3:9:18:40	5	13	22	20.6447	17.6424	18.01650000000004
3:9:19:55	5	13	22	21.0379	26.467	26.826000000000043
3:9:21:5	5	13	22	21.0379	45.8678	46.285500000000056
3:9:22:20	5	13	22	20.7595	39.9639	39.50900000000006
3:9:23:30	5	13	22	20.6933	15.7404	15.210499999999968
3:9:24:45	5	13	22	20.9249	6.242	5.766000000000076
3:9:26:0	5	13	22	21.2257	15.3922	15.77550000000009
3:9:27:10	5	13	22	21.2257	29.841	30.298000000000012
3:9:28:25	5	13	22	21.3207	25.3873	24.922500000000017
3:9:29:35	5	13	22	21.3207	27.312	27.700999999999937
3:9:30:50	5	13	22	21.6788	24.2879	23.829499999999936
3:9:32:0	5	13	22	21.0115	45.0326	45.49999999999995
3:9:33:15	5	13	22	21.2054	0.0	0
3:9:34:30	5	13	22	21.4232	11.6563	11.966999999999945
3:9:35:40	5	13	22	21.9116	21.8121	22.270499999999984
3:9:36:55	5	13	22	22.4496	51.9938	52.48549999999989
3:9:38:5	5	13	22	20.3908	86.9101	87.26149999999991
3:9:39:20	5	13	22	20.5567	0.0	0
3:9:40:30	5	13	22	20.812	13.456	13.861000000000043
3:9:41:45	5	13	22	20.9852	23.2543	23.686000000000167
3:9:43:0	5	13	22	20.8453	28.1303	28.59350000000001
3:9:44:10	5	13	22	21.1676	13.357	12.860500000000208
3:9:45:20	5	13	22	21.5387	30.0307	30.347500000000096
3:9:46:30	5	13	22	21.1529	50.1083	50.550999999999995
3:9:47:45	5	13	22	21.2798	19.888	19.383000000000017
3:9:49:0	5	13	22	21.2798	25.6416	25.959500000000197
3:9:50:10	5	13	22	21.2798	22.2754	21.724000000000192
3:9:51:25	5	13	22	21.3799	18.6857	18.1230000000002
3:9:52:35	5	13	22	22.0474	21.2212	21.529000000000043
3:9:53:50	5	13	22	20.6694	64.3791	64.65300000000008
3:9:55:0	5	13	22	20.9147	0.0	0
3:9:56:15	5	13	22	21.1435	17.0763	17.40800000000002
3:9:57:25	5	13	22	21.2542	26.3765	26.770999999999994
3:9:58:40	5	13	22	21.9321	28.5982	29.093500000000088
3:9:59:55	5	13	22	20.7363	71.987	72.26399999999991
3:10:1:5	5	13	22	20.9642	0.0	0
3:10:2:20	5	13	22	21.2043	15.1212	15.613500000000116
3:10:3:30	5	13	22	21.7535	25.6182	26.10199999999999
3:10:4:45	5	13	22	21.9689	59.0434	59.36699999999993
3:10:5:55	5	13	22	21.0124	70.1828	70.46650000000011
3:10:7:10	5	13	22	21.1897	3.2147	2.278999999999968
3:10:8:25	5	13	22	21.4349	14.256	14.534499999999898
3:10:9:35	5	13	22	21.9997	26.423	26.760499999999933
3:10:10:50	5	13	22	20.5755	61.8834	62.24500000000005
3:10:12:0	5	13	22	20.8345	0.0	0
3:10:13:15	5	13	22	21.0286	17.7711	18.12849999999978
3:10:14:25	5	13	22	21.5154	24.2024	24.592999999999954
3:10:15:40	5	13	22	21.8899	52.4018	52.84149999999986
3:10:16:55	5	13	22	20.6486	73.7112	74.19949999999994
3:10:18:5	5	13	22	20.8891	0.0	0
3:10:19:20	5	13	22	21.1384	15.9929	16.28450000000006
3:10:20:30	5	13	22	21.2909	26.4943	26.978500000000167
3:10:21:45	5	13	22	20.9942	31.5999	32.09900000000015
3:10:22:55	5	13	22	21.3144	7.5503	7.022000000000066
3:10:24:10	5	13	22	21.6858	25.5232	25.890500000000056
3:10:25:25	5	13	22	21.5288	46.3876	46.85950000000014
3:10:26:35	5	13	22	21.405	32.9914	32.44150000000013
3:10:27:50	5	13	22	21.5996	22.6953	22.204500000000188
3:10:29:0	5	13	22	21.4055	33.001	33.47050000000003
3:10:30:15	5	13	22	21.7783	17.357	16.908500000000117
3:10:31:25	5	13	22	21.8343	40.6904	41.002500000000225
3:10:32:40	5	13	22	21.614	41.6763	41.950000000000045
3:10:33:50	5	13	22	21.614	25.8705	25.42050000000018
3:10:35:5	5	13	22	21.9461	25.0768	24.592000000000176
3:10:36:20	5	13	22	22.4608	45.4551	45.90900000000022
3:10:37:30	5	13	22	20.0832	79.6697	80.00800000000007
3:10:38:45	5	13	22	20.3841	0.0	0
3:10:39:55	5	13	22	20.5456	23.062	23.366999999999898
3:10:41:10	5	13	22	20.5456	24.7749	25.08799999999992
3:10:42:20	5	13	22	20.6404	17.4994	17.00849999999992
3:10:43:35	5	13	22	21.3858	16.8905	16.372499999999874
3:10:44:50	5	13	22	22.1576	60.9912	61.27849999999988
3:10:46:0	5	13	22	20.6743	99.6332	100
3:10:47:15	5	13	22	20.8553	0.0	0
3:10:48:25	5	13	22	21.1445	13.073	13.458000000000059
3:10:49:40	5	13	22	21.2925	26.6615	27.073500000000124
3:10:50:55	5	13	22	21.1082	31.2862	31.7100000000001
3:10:52:5	5	13	22	21.4617	14.9862	14.53150000000008
3:10:53:20	5	13	22	21.9071	35.288	35.739000000000104
3:10:54:30	5	13	22	21.0367	62.0558	62.458000000000055
3:10:55:45	5	13	22	21.3349	0.0	0
3:10:56:55	5	13	22	21.4913	19.9707	20.409500000000094
3:10:58:10	5	13	22	21.4913	26.1748	26.540999999999944
3:10:59:25	5	13	22	21.6291	23.7734	23.21549999999995
3:11:0:35	5	13	22	22.4604	29.9472	30.318000000000094
3:11:1:50	5	13	22	20.2948	85.5264	85.9655
3:11:3:0	5	13	22	20.5756	1.1014	0
3:11:4:15	5	13	22	20.832	21.464	21.958000000000197
3:11:5:30	5	13	22	20.8203	30.9702	31.38000000000014
3:11:6:40	5	13	22	20.8203	23.997	23.439000000000068
3:11:7:55	5	13	22	20.9909	18.053	17.59900000000007
3:11:9:5	5	13	22	21.4149	23.1454	23.64250000000009
3:11:10:20	5	13	22	22.0065	47.0957	47.42400000000005
3:11:11:30	5	13	22	20.0014	83.4129	83.79050000000004
3:11:12:45	5	13	22	20.3153	1.0816	0
3:11:14:0	5	13	22	20.4974	21.5484	22.005500000000016
3:11:15:10	5	13	22	20.5415	24.3963	24.759499999999903
3:11:16:25	5	13	22	20.6043	19.8897	19.422999999999924
3:11:17:35	5	13	22	20.8486	16.7695	16.30599999999987
3:11:18:50	5	13	22	21.318	25.7443	26.11450000000005
3:11:20:0	5	13	22	20.6681	51.6154	51.99400000000006
3:11:21:15	5	13	22	20.9252	1.3847	0.7439999999998932
3:11:22:25	5	13	22	21.2131	14.9217	15.330999999999985
3:11:23:40	5	13	22	21.3287	28.4174	28.824500000000015
3:11:24:55	5	13	22	21.1519	31.1956	31.542500000000057
3:11:26:5	5	13	22	21.2577	15.6793	15.232000000000056
3:11:27:20	5	13	22	21.6423	18.8445	19.281499999999962
3:11:28:30	5	13	22	22.2701	41.6644	41.962999999999894
3:11:29:45	5	13	22	20.1488	81.7496	82.19749999999993
3:11:30:55	5	13	22	20.4561	1.0659	0
3:11:32:10	5	13	22	20.6588	22.3733	22.86149999999985
3:11:33:20	5	13	22	20.6588	27.3202	27.794499999999864
3:11:34:35	5	13	22	21.1239	20.5525	20.07499999999986
3:11:35:45	5	13	22	20.8086	45.5697	45.92599999999983
3:11:37:0	5	13	22	20.9788	17.7134	17.148999999999788
3:11:38:15	5	13	22	21.2661	24.2776	24.68249999999987
3:11:39:25	5	13	22	21.707	38.3967	38.836499999999994
3:11:40:40	5	13	22	20.2977	64.2162	64.59349999999993
3:11:41:50	5	13	22	20.6099	0.0	0
3:11:43:5	5	13	22	20.8322	19.9509	20.389000000000053
3:11:44:15	5	13	22	21.2565	26.9833	27.43850000000009
3:11:45:30	5	13	22	20.9069	49.8882	50.18900000000001
3:11:46:40	5	13	22	21.0974	20.4574	19.878000000000092
3:11:47:55	5	13	22	21.1691	29.1412	29.495500000000096
3:11:49:10	5	13	22	21.0935	29.1412	29.04900000000009
3:11:50:20	5	13	22	21.5008	19.7893	19.24399999999999
3:11:51:35	5	13	22	21.324	43.2824	43.600500000000196
3:11:52:45	5	13	22	21.4449	27.1452	26.692000000000185
3:11:54:0	5	13	22	21.4449	32.1722	32.65900000000012
3:11:55:10	5	13	22	21.7114	29.7592	29.279000000000128
3:11:56:25	5	13	22	22.1593	44.6769	45.158500000000174
3:11:57:40	5	13	22	20.2572	73.2855	73.73600000000022
3:11:58:50	5	13	22	20.5729	0.0	0
3:12:0:5	5	13	22	20.7655	22.6026	22.895499999999984
3:12:1:15	5	13	22	21.2325	27.238	27.663499999999903
3:12:2:30	5	13	22	20.7399	52.8462	53.21800000000007
3:12:3:40	5	13	22	21.0021	13.2395	12.563499999999856
3:12:4:55	5	13	22	21.1153	26.676	27.079999999999863
3:12:6:5	5	13	22	21.0671	28.39	28.70350000000004
3:12:7:20	5	13	22	21.5244	20.8381	20.33999999999994
3:12:8:35	5	13	22	21.2297	47.5274	47.92749999999995
3:12:9:45	5	13	22	21.3855	23.1653	22.634000000000032
3:12:11:0	5	13	22	21.3855	30.8855	31.16199999999998
3:12:12:10	5	13	22	21.2687	27.7736	27.310499999999987
3:12:13:25	5	13	22	21.585	16.571	16.061999999999895
3:12:14:35	5	13	22	21.4274	34.7556	35.130500000000026
3:12:15:50	5	13	22	21.5174	20.9987	20.44199999999987
3:12:17:5	5	13	22	21.8033	24.2037	24.666999999999863
3:12:18:15	5	13	22	22.3593	41.478	41.816999999999965
3:12:19:30	5	13	22	20.5067	77.9436	78.32400000000003
3:12:20:40	5	13	22	20.8333	1.0301	0
3:12:21:55	5	13	22	21.007	24.3469	24.658500000000192
3:12:23:5	5	13	22	20.9597	28.9332	29.351000000000198
3:12:24:20	5	13	22	21.485	28.9332	20.20650000000021
3:12:25:35	5	13	22	20.9208	51.7149	52.012500000000074
3:12:26:45	5	13	22	21.2121	8.0317	7.317000000000107
3:12:28:0	5	13	22	21.3235	24.8122	25.13300000000008
3:12:29:10	5	13	22	21.7958	27.0382	27.53500000000006
3:12:30:25	5	13	22	21.2274	56.1917	56.6565000000001
3:12:31:35	5	13	22	20.7401	14.1848	13.486000000000068
3:12:32:50	5	13	22	21.0232	0.0	0
3:12:34:0	5	13	22	21.3219	15.6742	15.95399999999982
3:12:35:15	5	13	22	21.7974	30.1073	30.56349999999984
3:12:36:25	5	13	22	21.6653	58.5192	58.96449999999986
3:12:37:40	5	13	22	21.4799	46.7831	46.32699999999977
3:12:38:55	5	13	22	21.5105	32.8951	32.33599999999993
3:12:40:5	5	13	22	21.3245	32.8951	32.804499999999905
3:12:41:20	5	13	22	21.3245	17.6853	17.183999999999912
3:12:42:30	5	13	22	21.6968	15.2878	14.736499999999914
3:12:43:45	5	13	22	22.3097	37.1448	37.41999999999986
3:12:45:0	5	13	22	19.974	76.511	76.94549999999984
3:12:46:10	5	13	22	20.2221	1.0167	0
3:12:47:25	5	13	22	20.5108	18.5663	18.91550000000006
3:12:48:35	5	13	22	20.6684	28.5491	28.994499999999963
3:12:49:50	5	13	22	20.6684	30.6757	31.136999999999873
3:12:51:0	5	13	22	20.6684	24.1619	23.69099999999987
3:12:52:15	5	13	22	21.0999	17.5766	17.032999999999863
3:12:53:25	5	13	22	21.5695	40.2826	40.580000000000084
3:12:54:40	5	13	22	21.0053	66.4087	66.79400000000007
3:12:55:55	5	13	22	21.2316	23.3913	22.799499999999853
3:12:57:5	5	13	22	21.2316	36.121	36.488
3:12:58:20	5	13	22	21.1347	31.9681	31.51449999999999
3:12:59:30	5	13	22	21.1919	21.3869	20.889499999999884
3:13:0:45	5	13	22	21.2865	21.3869	21.051500000000004
3:13:1:55	5	13	22	21.7468	23.0513	23.346999999999984
3:13:3:10	5	13	22	22.1701	23.0513	51.527499999999996
3:13:4:20	5	13	22	21.9843	77.1713	77.59100000000008
3:13:5:35	5	13	22	21.0751	63.7969	63.31900000000005
3:13:6:50	5	13	22	21.3926	1.2498	0.5254999999999157
3:13:8:0	5	13	22	21.5506	22.1971	22.6720000000001
3:13:9:15	5	13	22	21.5506	28.7083	29.107499999999934
3:13:10:25	5	13	22	21.5506	26.5972	26.070499999999942
3:13:11:40	5	13	22	21.4728	24.2909	23.82349999999994
3:13:12:50	5	13	22	21.6436	16.5745	16.130499999999945
3:13:14:5	5	13	22	21.6436	25.4749	25.83949999999993
3:13:15:20	5	13	22	22.1139	23.6947	23.203499999999927
3:13:16:30	5	13	22	21.6182	53.8514	54.342500000000044
3:13:17:45	5	13	22	21.8592	18.4971	17.861500000000085
3:13:18:55	5	13	22	21.9416	34.9874	35.301000000000066
3:13:20:10	5	13	22	21.7737	38.8547	39.16000000000006
3:13:21:20	5	13	22	21.5783	27.1585	26.703000000000102
3:13:22:35	5	13	22	21.7861	13.2917	12.732999999999905
3:13:23:45	5	13	22	21.7861	25.7889	26.147500000000083
3:13:25:0	5	13	22	22.2279	24.5352	24.039000000000076
3:13:26:15	5	13	22	21.6123	53.4373	53.895500000000126
3:13:27:25	5	13	22	21.5093	10.4421	9.734000000000094
3:13:28:40	5	13	22	22.0782	4.1946	3.6634999999999955
3:13:29:50	5	13	22	21.6376	41.1572	41.547999999999945
3:13:31:5	5	13	22	21.8525	8.7722	8.252499999999955
3:13:32:15	5	13	22	22.1691	23.229	23.686499999999956
3:13:33:30	5	13	22	21.9906	43.5835	44.03650000000003
3:13:34:40	5	13	22	21.9906	31.2678	30.804000000000052
3:13:35:50	5	13	22	21.9906	31.2678	31.649500000000053
3:13:37:5	5	13	22	21.782	31.2678	31.602500000000056
3:13:38:15	5	13	22	21.782	17.4374	16.95350000000002
3:13:39:30	5	13	22	22.0539	17.4374	16.906500000000023
3:13:40:45	5	13	22	22.6234	34.5176	34.849499999999935
3:13:41:55	5	13	22	23.7343	73.2027	73.62450000000004
3:13:43:10	5	13	22	21.3057	99.5092	100
3:13:44:20	5	13	22	20.6634	1.2329	0
3:13:45:35	5	13	22	21.2887	0.0	0
3:13:46:45	5	13	22	21.1304	39.8559	40.29949999999996
3:13:48:0	5	13	22	21.1304	22.9956	22.535500000000166
3:13:49:15	5	13	22	21.2638	19.464	18.97900000000016
3:13:50:25	5	13	22	21.4078	23.6187	23.96900000000004
3:13:51:40	5	13	22	21.2777	29.3821	29.70100000000018
3:13:52:50	5	13	22	21.6991	17.3727	16.913000000000018
3:13:54:5	5	13	22	21.4108	43.0758	43.450000000000166
3:13:55:15	5	13	22	21.4108	20.1749	19.657499999999946
3:13:56:30	5	13	22	21.7637	18.6777	18.152999999999953
3:13:57:45	5	13	22	21.4252	39.4396	39.91000000000007
3:13:58:55	5	13	22	21.5909	13.8123	13.269000000000073
3:14:0:10	5	13	22	21.7024	23.2796	23.686500000000148
3:14:1:20	5	13	22	22.1674	28.1545	28.617500000000113
3:14:2:35	5	13	22	21.8319	58.6228	59.122000000000114
3:14:3:45	5	13	22	21.9281	34.6763	34.14900000000014
3:14:5:0	5	13	22	21.7672	41.3079	41.72000000000012
3:14:6:10	5	13	22	21.6226	30.066	29.616500000000013
3:14:7:25	5	13	22	21.7357	19.6297	19.13499999999998
3:14:8:40	5	13	22	21.7357	25.552	25.888000000000176
3:14:9:50	5	13	22	21.7357	24.4703	24.001000000000168
3:14:11:5	5	13	22	22.1755	23.1813	22.679500000000175
3:14:12:15	5	13	22	22.7886	51.6945	52.144000000000055
3:14:13:30	5	13	22	21.0636	93.2639	93.73950000000002
3:14:14:40	5	13	22	21.375	1.1742	0
3:14:15:55	5	13	22	21.5681	25.4054	25.740999999999925
3:14:17:5	5	13	22	21.4924	34.2179	34.57600000000001
3:14:18:20	5	13	22	21.4924	26.6505	26.151999999999923
3:14:19:30	5	13	22	21.5241	24.4563	23.99249999999993
3:14:20:40	5	13	22	21.5241	24.1511	23.67349999999998
3:14:21:55	5	13	22	21.5241	21.6988	21.13549999999998
3:14:23:5	5	13	22	21.6474	19.2344	18.755999999999982
3:14:24:20	5	13	22	22.3326	24.7186	25.007500000000014
3:14:25:30	5	13	22	20.1987	70.286	70.5919999999999
3:14:26:45	5	13	22	20.5041	0.0	0
3:14:28:0	5	13	22	20.7395	22.7444	23.04100000000016
3:14:29:10	5	13	22	20.9307	30.0301	30.51250000000005
3:14:30:25	5	13	22	21.0495	36.0686	36.4170000000002
3:14:31:35	5	13	22	21.0495	38.0288	38.43049999999997
3:14:32:50	5	13	22	21.1411	33.5497	33.083999999999975
3:14:34:0	5	13	22	20.9808	34.2766	34.743500000000196
3:14:35:15	5	13	22	20.9808	19.2696	18.76999999999998
3:14:36:25	5	13	22	21.2786	14.9992	14.475499999999986
3:14:37:40	5	13	22	21.1545	29.7493	30.22550000000014
3:14:38:50	5	13	22	21.5742	16.9807	16.442499999999985
3:14:40:5	5	13	22	21.9057	41.8601	42.21450000000016
3:14:41:20	5	13	22	20.8518	60.7917	61.192000000000036
3:14:42:30	5	13	22	21.1557	0.0	0
3:14:43:45	5	13	22	21.3126	20.3487	20.80149999999991
3:14:44:55	5	13	22	21.3126	25.7622	26.04349999999993
3:14:46:10	5	13	22	21.6832	22.3749	21.821999999999928
3:14:47:20	5	13	22	21.0559	43.8306	44.3269999999999
3:14:48:35	5	13	22	21.349	0.0	0
3:14:49:50	5	13	22	21.4745	18.5469	18.93299999999993
3:14:51:0	5	13	22	21.9155	22.6546	22.997499999999853
3:14:52:15	5	13	22	22.5376	50.1902	50.612500000000026
3:14:53:25	5	13	22	20.8224	91.0693	91.532
3:14:54:40	5	13	22	21.1197	1.1536	0
3:14:55:55	5	13	22	21.3416	23.2201	23.499000000000247
3:14:57:5	5	13	22	21.3416	32.7336	33.1440000000001
3:14:58:20	5	13	22	21.3416	29.299	28.742500000000106
3:14:59:30	5	13	22	21.3416	25.992	25.450500000000105
3:15:0:45	5	13	22	21.4067	22.6993	22.158500000000103
3:15:1:55	5	13	22	21.4067	22.9407	23.423500000000175
3:15:3:10	5	13	22	21.4067	20.6748	20.131500000000173
3:15:4:25	5	13	22	21.7082	17.6832	17.165000000000177
3:15:5:35	5	13	22	21.4122	34.962	35.303500000000234
3:15:6:50	5	13	22	21.776	12.0723	11.617000000000033
3:15:8:0	5	13	22	21.6389	35.3143	35.62400000000012
3:15:9:15	5	13	22	21.5958	23.5445	23.0880000000001
3:15:10:25	5	13	22	21.7301	19.4648	18.951000000000167
3:15:11:40	5	13	22	21.6683	26.1248	26.54650000000014
3:15:12:55	5	13	22	21.7258	20.6433	20.19950000000003
3:15:14:5	5	13	22	22.0363	22.5076	22.8750000000001
3:15:15:20	5	13	22	22.3484	42.5115	42.951500000000166
3:15:16:30	5	13	22	21.7708	62.9706	63.42750000000023
3:15:17:45	5	13	22	21.9457	23.7431	23.177000000000213
3:15:18:55	5	13	22	21.8952	36.779	37.162000000000035
3:15:20:10	5	13	22	21.6384	32.98	32.48100000000007
3:15:21:25	5	13	22	21.6622	14.7756	14.23350000000018
3:15:22:35	5	13	22	21.8211	14.9815	15.375500000000024
3:15:23:50	5	13	22	22.2501	24.295	24.690500000000217
3:15:25:0	5	13	22	22.9924	52.5893	53.03150000000011
3:15:26:15	5	13	22	21.6771	99.5542	100
3:15:27:25	5	13	22	21.1746	10.3265	9.179499999999962
3:15:28:40	5	13	22	21.4328	0.0	0
3:15:29:50	5	13	22	21.6394	16.1616	16.459499999999903
3:15:31:5	5	13	22	21.6394	26.3348	26.79449999999978
3:15:32:20	5	13	22	21.7181	24.4598	23.95849999999978
3:15:33:30	5	13	22	21.6562	27.2918	27.664499999999865
3:15:34:45	5	13	22	21.6562	22.0234	21.52849999999976
3:15:35:55	5	13	22	22.0548	20.5746	20.118999999999758
3:15:37:10	5	13	22	21.8615	45.9367	46.30199999999988
3:15:38:20	5	13	22	21.7324	31.5434	31.051999999999822
3:15:39:35	5	13	22	21.9225	22.753	22.288999999999746
3:15:40:45	5	13	22	21.8109	34.5836	34.903499999999816
3:15:42:0	5	13	22	21.661	26.2715	25.75349999999986
3:15:43:15	5	13	22	21.7247	15.3751	14.87299999999994
3:15:44:25	5	13	22	21.9269	18.0502	18.386499999999746
3:15:45:40	5	13	22	21.7124	30.4935	30.84549999999984
3:15:46:50	5	13	22	22.0613	14.9606	14.453999999999763
3:15:48:5	5	13	22	21.9263	38.2003	38.51149999999979
3:15:49:15	5	13	22	21.8813	28.1862	27.623499999999925
3:15:50:30	5	13	22	22.0472	25.2907	24.779999999999802
3:15:51:45	5	13	22	21.7464	35.5537	36.02449999999985
3:15:52:55	5	13	22	21.8236	14.8713	14.374999999999925
3:15:54:10	5	13	22	22.1374	19.5783	20.014999999999766
3:15:55:20	5	13	22	22.4874	40.2483	40.71299999999981
3:15:56:35	5	13	22	21.6337	64.0077	64.3309999999999
3:15:57:45	5	13	22	21.8573	6.1086	5.258999999999915
3:15:59:0	5	13	22	21.9799	23.0223	23.34799999999975
3:16:0:10	5	13	22	21.9799	29.6832	30.0984999999999
3:16:1:25	5	13	22	21.626	29.6832	29.38499999999989
3:16:2:40	5	13	22	21.8346	4.9791	4.511499999999934
3:16:3:50	5	13	22	22.1267	18.5994	19.012999999999728
3:16:5:5	5	13	22	22.6229	37.2018	37.58999999999983
3:16:6:15	5	13	22	22.1001	71.1634	71.49699999999994
3:16:7:30	5	13	22	21.6082	36.0725	35.53449999999993
3:16:8:40	5	13	22	21.8315	4.8127	4.215999999999859
3:16:9:55	5	13	22	21.9649	19.8591	20.347499999999744
3:16:11:5	5	13	22	21.8988	27.2345	27.726499999999866
3:16:12:20	5	13	22	21.7789	22.7899	22.256999999999948
3:16:13:35	5	13	22	21.8848	14.1485	13.688499999999863
3:16:14:45	5	13	22	22.235	20.2412	20.595499999999753
3:16:16:0	5	13	22	22.8227	43.6889	44.00399999999982
3:16:17:10	5	13	22	21.7293	84.1128	84.56699999999992
3:16:18:25	5	13	22	21.2279	10.2056	9.203999999999738
3:16:19:40	5	13	22	21.427	0.0	0
3:16:20:50	5	13	22	21.5892	12.2421	12.583499999999841
3:16:22:5	5	13	22	21.8947	19.5881	20.076999999999998
3:16:23:15	5	13	22	22.2823	38.2082	38.596999999999895
3:16:24:30	5	13	22	21.6179	63.3164	63.67499999999984
3:16:25:40	5	13	22	21.783	17.3766	16.640499999999804
3:16:26:55	5	13	22	21.783	29.2789	29.608999999999973
3:16:28:10	5	13	22	21.6442	28.1718	27.698499999999967
3:16:29:20	5	13	22	21.5629	17.3985	16.897499999999987
3:16:30:35	5	13	22	21.7035	10.5984	10.121499999999827
3:16:31:45	5	13	22	21.9904	17.7198	18.184499999999776
3:16:33:0	5	13	22	22.4716	35.7162	36.081999999999965
3:16:34:10	5	13	22	21.7113	67.9815	68.28349999999979
3:16:35:25	5	13	22	21.2574	15.6694	15.014499999999984
3:16:36:35	5	13	22	21.4757	0.0	0
3:16:37:50	5	13	22	21.5982	13.4336	13.837499999999956
3:16:39:5	5	13	22	21.7575	18.2462	18.69949999999987
3:16:40:15	5	13	22	22.0821	26.884	27.228999999999992
3:16:41:30	5	13	22	21.9215	47.4801	47.942
3:16:42:40	5	13	22	21.8892	35.9409	35.48750000000009
3:16:43:55	5	13	22	21.7859	34.1313	33.63699999999989
3:16:45:5	5	13	22	21.6003	26.5924	26.013500000000086
3:16:46:20	5	13	22	22.0885	12.9479	12.467500000000019
3:16:47:30	5	13	22	21.8274	45.268	45.570999999999955
3:16:48:45	5	13	22	21.9087	25.7805	25.29550000000003
3:16:49:55	5	13	22	21.8138	31.1522	31.428999999999945
3:16:51:10	5	13	22	21.7122	24.4702	23.923000000000012
3:16:52:25	5	13	22	22.1087	16.8525	16.354499999999923
3:16:53:35	5	13	22	21.815	42.7979	43.1784999999999
3:16:54:50	5	13	22	21.815	21.681	21.180500000000062
3:16:56:0	5	13	22	21.815	21.681	21.724000000000057
3:16:57:15	5	13	22	22.1281	21.2922	20.799000000000063
3:16:58:25	5	13	22	22.9651	41.349	41.79099999999997
3:16:59:40	5	13	22	19.4258	98.9895	99.45599999999996
3:17:0:55	5	13	22	19.6248	0.0	0
3:17:2:5	5	13	22	19.8228	18.3757	18.75550000000011
3:17:3:20	5	13	22	20.1792	19.4306	19.744500000000134
3:17:4:30	5	13	22	20.6207	32.4351	32.81650000000019
3:17:5:45	5	13	22	20.2109	52.397	52.83550000000004
3:17:6:55	5	13	22	20.338	15.6939	15.045500000000004
3:17:8:10	5	13	22	20.4876	16.7382	17.046000000000156
3:17:9:20	5	13	22	20.892	18.0873	18.572500000000115
3:17:10:35	5	13	22	21.4174	38.1291	38.57050000000005
3:17:11:45	5	13	22	20.825	67.3207	67.78650000000013
3:17:13:0	5	13	22	20.825	21.5133	20.778500000000037
3:17:14:15	5	13	22	20.9513	18.3981	17.86550000000004
3:17:15:25	5	13	22	20.9744	20.3936	20.831500000000073
3:17:16:40	5	13	22	21.2521	17.0488	16.57350000000003
3:17:17:50	5	13	22	21.6404	30.371	30.768999999999988
3:17:19:5	5	13	22	21.2337	52.5404	52.82200000000005
3:17:20:15	5	13	22	21.0517	21.2109	20.613499999999995
3:17:21:30	5	13	22	21.2802	6.5691	6.0755000000000905
3:17:22:45	5	13	22	21.2802	17.9431	18.23900000000011
3:17:23:55	5	13	22	21.5164	13.9454	13.497500000000112
3:17:25:10	5	13	22	21.8134	26.0959	26.43250000000013
3:17:26:20	5	13	22	21.597	43.2875	43.62350000000018
3:17:27:35	5	13	22	21.597	26.5797	26.05750000000017
3:17:28:45	5	13	22	21.4686	25.5723	25.12450000000018
3:17:30:0	5	13	22	21.7026	14.5678	14.121499999999994
3:17:31:10	5	13	22	21.8362	28.0786	28.486500000000124
3:17:32:25	5	13	22	22.6004	34.7636	35.181500000000206
3:17:33:40	5	13	22	19.8269	86.7966	87.18850000000012
3:17:34:50	5	13	22	19.9847	1.1134	0
3:17:36:5	5	13	22	20.1393	13.6891	14.048000000000123
3:17:37:15	5	13	22	20.233	13.6891	14.00450000000001
3:17:38:30	5	13	22	20.6908	10.9886	10.487000000000144
3:17:39:45	5	13	22	20.5885	32.9519	33.22950000000006
3:17:40:55	5	13	22	20.6722	17.6785	17.233500000000088
3:17:42:10	5	13	22	20.7223	17.0658	16.54650000000011
3:17:43:20	5	13	22	20.9935	13.4806	12.99600000000014
3:17:44:35	5	13	22	21.3129	25.0356	25.341000000000165
3:17:45:50	5	13	22	21.0079	41.0192	41.31050000000003
3:17:47:0	5	13	22	21.0079	15.4705	14.928000000000058
3:17:48:15	5	13	22	21.1344	11.9756	11.492500000000053
3:17:49:25	5	13	22	21.4125	14.986	15.387000000000054
3:17:50:40	5	13	22	21.7647	29.4364	29.89350000000019
3:17:51:50	5	13	22	21.0488	49.7674	50.21950000000018
3:17:53:5	5	13	22	21.1124	0.0	0
3:17:54:20	5	13	22	21.4027	2.9002	3.2755000000000756
3:17:55:30	5	13	22	21.6386	18.5611	18.840499999999967
3:17:56:45	5	13	22	21.9633	30.5855	30.915500000000034
3:17:57:55	5	13	22	21.575	50.2312	50.65800000000003
3:17:59:10	5	13	22	21.575	22.1604	21.669999999999963
3:18:0:20	5	13	22	21.4516	21.9785	21.486499999999964
3:18:1:35	5	13	22	21.6271	11.1673	10.723499999999948
3:18:2:45	5	13	22	21.8569	20.4875	20.883499999999913
3:18:4:0	5	13	22	21.6497	33.8285	34.22749999999997
3:18:5:15	5	13	22	21.6497	18.3646	17.858999999999945
3:18:6:25	5	13	22	21.5586	17.6709	17.143499999999943
3:18:7:40	5	13	22	21.6203	9.4669	9.01499999999988
3:18:8:50	5	13	22	21.6203	11.2457	11.582500000000007
3:18:10:5	5	13	22	21.8051	9.888	9.375499999999999
3:18:11:15	5	13	22	21.9703	19.9567	20.412999999999943
3:18:12:30	5	13	22	21.9598	29.6544	30.0785000000001
3:18:13:45	5	13	22	21.8636	28.8551	28.36900000000007
3:18:14:55	5	13	22	21.7218	21.9672	21.486500000000106
3:18:16:10	5	13	22	21.9134	11.8483	11.359500000000118
3:18:17:20	5	13	22	22.113	23.7651	24.089499999999955
3:18:18:35	5	13	22	21.8487	36.313	36.670499999999976
3:18:19:40	5	13	22	21.8487	18.2764	17.736500000000067
3:18:20:55	5	13	22	21.8487	18.2764	18.301500000000065
3:18:22:10	5	13	22	22.0319	18.0316	17.54500000000007
3:18:23:20	5	13	22	22.4939	29.321	29.61250000000003
3:18:24:35	5	13	22	21.1463	60.9067	61.19600000000001
3:18:25:45	5	13	22	21.2354	0.0	0
3:18:27:0	5	13	22	21.333	8.3807	8.706499999999888
3:18:28:10	5	13	22	21.333	10.9676	11.269999999999882
