1:22:33:10	5	5	22	27.7591	99.5027	99.5027
1:22:34:25	5	5	22	27.7591	99.5027	100
1:22:35:35	5	5	22	27.7591	99.5027	100
1:22:36:50	5	5	22	27.7591	99.5027	100
1:22:38:0	5	5	22	27.7591	99.5027	100
1:22:39:15	5	5	22	27.7591	99.5027	100
1:22:40:25	5	5	22	27.7591	99.5027	100
1:22:41:40	5	5	22	27.7591	99.5027	100
1:22:42:50	5	5	22	27.7591	99.5027	100
1:22:44:5	5	5	22	27.7591	99.5027	100
1:22:45:15	5	5	22	27.7591	99.5027	100
1:22:46:30	5	5	22	27.7591	99.5027	100
1:22:47:40	5	5	22	27.7591	99.5027	100
1:22:48:55	5	5	22	27.7591	99.5027	100
1:22:50:5	5	5	22	27.7591	99.5027	100
1:22:51:20	5	5	22	27.7591	99.5027	100
1:22:52:30	5	5	22	27.7591	99.5027	100
1:22:53:45	5	5	22	27.7591	99.5027	100
1:22:54:55	5	5	22	27.7591	99.5027	100
1:22:56:10	5	5	22	27.7591	99.5027	100
1:22:57:25	5	5	22	27.7591	99.5027	100
1:22:58:35	5	5	22	27.7591	99.5027	100
1:22:59:45	5	5	22	27.7591	99.5027	100
1:23:1:0	5	5	22	27.7591	99.5027	100
1:23:2:10	5	5	22	27.7591	99.5027	100
1:23:3:25	5	5	22	27.7591	99.5027	100
1:23:4:35	5	5	22	27.7591	99.5027	100
1:23:5:50	5	5	22	27.7591	99.5027	100
1:23:7:0	5	5	22	27.7591	99.5027	100
1:23:8:15	5	5	22	27.7591	99.5027	100
1:23:9:25	5	5	22	27.7591	99.5027	100
1:23:10:40	5	5	22	27.7591	99.5027	100
1:23:11:50	5	5	22	27.7591	99.5027	100
1:23:13:5	5	5	22	27.7591	99.5027	100
1:23:14:15	5	5	22	27.7591	99.5027	100
1:23:15:30	5	5	22	27.7591	99.5027	100
1:23:16:40	5	5	22	27.7591	99.5027	100
1:23:17:55	5	5	22	27.7591	99.5027	100
1:23:19:5	5	5	22	27.7591	99.5027	100
1:23:20:20	5	5	22	27.7591	99.5027	100
1:23:21:30	5	5	22	27.7591	99.5027	100
1:23:22:45	5	5	22	27.7591	99.5027	100
1:23:23:55	5	5	22	27.7591	99.5027	100
1:23:25:10	5	5	22	27.7591	99.5027	100
1:23:26:20	5	5	22	27.7591	99.5027	100
1:23:27:35	5	5	22	27.7591	99.5027	100
1:23:28:45	5	5	22	27.7591	99.5027	100
1:23:30:0	5	5	22	27.7591	99.5027	100
1:23:31:10	5	5	22	27.7591	99.5027	100
1:23:32:25	5	5	22	27.7591	99.5027	100
1:23:33:35	5	5	22	27.7591	99.5027	100
1:23:34:50	5	5	22	27.7591	99.5027	100
1:23:36:0	5	5	22	27.7591	99.5027	100
1:23:37:15	5	5	22	27.7591	99.5027	100
1:23:38:25	5	5	22	27.7591	99.5027	100
1:23:39:40	5	5	22	27.7591	99.5027	100
1:23:40:50	5	5	22	27.7591	99.5027	100
1:23:42:5	5	5	22	27.7591	99.5027	100
1:23:43:15	5	5	22	27.7591	99.5027	100
1:23:44:30	5	5	22	27.7591	99.5027	100
1:23:45:40	5	5	22	27.7591	99.5027	100
1:23:46:55	5	5	22	27.7591	99.5027	100
1:23:48:5	5	5	22	27.7591	99.5027	100
1:23:49:20	5	5	22	27.7591	99.5027	100
1:23:50:30	5	5	22	27.7591	99.5027	100
1:23:51:45	5	5	22	27.7591	99.5027	100
1:23:52:55	5	5	22	27.7591	99.5027	100
1:23:54:10	5	5	22	27.7591	99.5027	100
1:23:55:20	5	5	22	27.7591	99.5027	100
1:23:56:35	5	5	22	27.7591	99.5027	100
1:23:57:45	5	5	22	27.7591	99.5027	100
1:23:59:0	5	5	22	27.7591	99.5027	100
2:0:0:10	5	5	22	27.7591	99.5027	100
2:0:1:25	5	5	22	27.7591	99.5027	100
2:0:2:35	5	5	22	27.7591	99.5027	100
2:0:3:50	5	5	22	27.7591	99.5027	100
2:0:5:0	5	5	22	27.7591	99.5027	100
2:0:6:15	5	5	22	27.7591	99.5027	100
2:0:7:25	5	5	22	27.7591	99.5027	100
2:0:8:40	5	5	22	27.7591	99.5027	100
2:0:9:50	5	5	22	27.7591	99.5027	100
2:0:11:5	5	5	22	27.7591	99.5027	100
2:0:12:15	5	5	22	27.7591	99.5027	100
2:0:13:30	5	5	22	27.7591	99.5027	100
2:0:14:40	5	5	22	27.7591	99.5027	100
2:0:15:55	5	5	22	27.7591	99.5027	100
2:0:17:5	5	5	22	27.7591	99.5027	100
2:0:18:20	5	5	22	27.7591	99.5027	100
2:0:19:30	5	5	22	27.7591	99.5027	100
2:0:20:45	5	5	22	27.7591	99.5027	100
2:0:21:55	5	5	22	27.7591	99.5027	100
2:0:23:10	5	5	22	27.7591	99.5027	100
2:0:24:20	5	5	22	27.7591	99.5027	100
2:0:25:35	5	5	22	27.7591	99.5027	100
2:0:26:45	5	5	22	27.7591	99.5027	100
2:0:28:0	5	5	22	27.7591	99.5027	100
2:0:29:5	5	5	22	27.7591	99.5027	100
2:0:30:20	5	5	22	27.7591	99.5027	100
2:0:31:30	5	5	22	27.7591	99.5027	100
2:0:32:45	5	5	22	27.7591	99.5027	100
2:0:33:55	5	5	22	27.7591	99.5027	100
2:0:35:10	5	5	22	27.7591	99.5027	100
2:0:36:20	5	5	22	27.7591	99.5027	100
2:0:37:35	5	5	22	27.7591	99.5027	100
2:0:38:45	5	5	22	27.7591	99.5027	100
2:0:40:0	5	5	22	27.7591	99.5027	100
2:0:41:10	5	5	22	27.7591	99.5027	100
2:0:42:25	5	5	22	27.7591	99.5027	100
2:0:43:35	5	5	22	27.7591	99.5027	100
2:0:44:50	5	5	22	27.7591	99.5027	100
2:0:46:0	5	5	22	27.7591	99.5027	100
2:0:47:15	5	5	22	27.7591	99.5027	100
2:0:48:25	5	5	22	27.7591	99.5027	100
2:0:49:40	5	5	22	27.7591	99.5027	100
2:0:50:50	5	5	22	27.7591	99.5027	100
2:0:52:5	5	5	22	27.7591	99.5027	100
2:0:53:15	5	5	22	27.7591	99.5027	100
2:0:54:30	5	5	22	27.7591	99.5027	100
2:0:55:40	5	5	22	27.7591	99.5027	100
2:0:56:55	5	5	22	27.7591	99.5027	100
2:0:58:5	5	5	22	27.7591	99.5027	100
2:0:59:20	5	5	22	27.7591	99.5027	100
2:1:0:30	5	5	22	27.7591	99.5027	100
2:1:1:45	5	5	22	27.7591	99.5027	100
2:1:2:55	5	5	22	27.7591	99.5027	100
2:1:4:10	5	5	22	27.7591	99.5027	100
2:1:5:20	5	5	22	27.7591	99.5027	100
2:1:6:35	5	5	22	27.7591	99.5027	100
2:1:7:45	5	5	22	27.7591	99.5027	100
2:1:9:0	5	5	22	27.7591	99.5027	100
2:1:10:10	5	5	22	27.7591	99.5027	100
2:1:11:25	5	5	22	27.7591	99.5027	100
2:1:12:40	5	5	22	27.7591	99.5027	100
2:1:13:50	5	5	22	27.7591	99.5027	100
2:1:15:0	5	5	22	27.7591	99.5027	100
2:1:16:15	5	5	22	27.7591	99.5027	100
2:1:17:25	5	5	22	27.7591	99.5027	100
2:1:18:40	5	5	22	27.7591	99.5027	100
2:1:19:50	5	5	22	27.7591	99.5027	100
2:1:21:5	5	5	22	27.7591	99.5027	100
2:1:22:15	5	5	22	27.7591	99.5027	100
2:1:23:30	5	5	22	27.7591	99.5027	100
2:1:24:45	5	5	22	27.7591	99.5027	100
2:1:25:55	5	5	22	27.7591	99.5027	100
2:1:27:10	5	5	22	27.7591	99.5027	100
2:1:28:20	5	5	22	27.7591	99.5027	100
2:1:29:35	5	5	22	27.7591	99.5027	100
2:1:30:45	5	5	22	27.7591	99.5027	100
2:1:32:0	5	5	22	27.7591	99.5027	100
2:1:33:10	5	5	22	27.7591	99.5027	100
2:1:34:25	5	5	22	27.7591	99.5027	100
2:1:35:35	5	5	22	27.7591	99.5027	100
2:1:36:50	5	5	22	27.7591	99.5027	100
2:1:38:0	5	5	22	27.7591	99.5027	100
2:1:39:15	5	5	22	27.7591	99.5027	100
2:1:40:25	5	5	22	27.7591	99.5027	100
2:1:41:40	5	5	22	27.7591	99.5027	100
2:1:42:50	5	5	22	27.7591	99.5027	100
2:1:44:5	5	5	22	27.7591	99.5027	100
2:1:45:15	5	5	22	27.7591	99.5027	100
2:1:46:30	5	5	22	27.7591	99.5027	100
2:1:47:40	5	5	22	27.7591	99.5027	100
2:1:48:55	5	5	22	27.7591	99.5027	100
2:1:50:5	5	5	22	27.7591	99.5027	100
2:1:51:20	5	5	22	27.7591	99.5027	100
2:1:52:30	5	5	22	27.7591	99.5027	100
2:1:53:45	5	5	22	27.7591	99.5027	100
2:1:54:55	5	5	22	27.7591	99.5027	100
2:1:56:10	5	5	22	27.7591	99.5027	100
2:1:57:20	5	5	22	27.7591	99.5027	100
2:1:58:35	5	5	22	27.7591	99.5027	100
2:1:59:45	5	5	22	27.7591	99.5027	100
2:2:1:0	5	5	22	27.7591	99.5027	100
2:2:2:10	5	5	22	27.7591	99.5027	100
2:2:3:25	5	5	22	27.7591	99.5027	100
2:2:4:35	5	5	22	27.7591	99.5027	100
2:2:5:50	5	5	22	27.7591	99.5027	100
2:2:7:0	5	5	22	27.7591	99.5027	100
2:2:8:15	5	5	22	27.7591	99.5027	100
2:2:9:25	5	5	22	27.7591	99.5027	100
2:2:10:40	5	5	22	27.7591	99.5027	100
2:2:11:50	5	5	22	27.7591	99.5027	100
2:2:13:5	5	5	22	27.7591	99.5027	100
2:2:14:15	5	5	22	27.7591	99.5027	100
2:2:15:30	5	5	22	27.7591	99.5027	100
2:2:16:40	5	5	22	27.7591	99.5027	100
2:2:17:55	5	5	22	27.7591	99.5027	100
2:2:19:5	5	5	22	27.7591	99.5027	100
2:2:20:20	5	5	22	27.7591	99.5027	100
2:2:21:30	5	5	22	27.7591	99.5027	100
2:2:22:45	5	5	22	27.7591	99.5027	100
2:2:23:55	5	5	22	27.7591	99.5027	100
2:2:25:10	5	5	22	27.7591	99.5027	100
2:2:26:20	5	5	22	27.7591	99.5027	100
2:2:27:35	5	5	22	27.7591	99.5027	100
2:2:28:45	5	5	22	27.7591	99.5027	100
2:2:30:0	5	5	22	27.7591	99.5027	100
2:2:31:10	5	5	22	27.7591	99.5027	100
2:2:32:25	5	5	22	27.7591	99.5027	100
2:2:33:35	5	5	22	27.7591	99.5027	100
2:2:34:50	5	5	22	27.7591	99.5027	100
2:2:36:0	5	5	22	27.7591	99.5027	100
2:2:37:15	5	5	22	27.7591	99.5027	100
2:2:38:25	5	5	22	27.7591	99.5027	100
2:2:39:40	5	5	22	27.7591	99.5027	100
2:2:40:50	5	5	22	27.7591	99.5027	100
2:2:42:5	5	5	22	27.7591	99.5027	100
2:2:43:15	5	5	22	27.7591	99.5027	100
2:2:44:30	5	5	22	27.7591	99.5027	100
2:2:45:40	5	5	22	27.7591	99.5027	100
2:2:46:55	5	5	22	27.7591	99.5027	100
2:2:48:5	5	5	22	27.7591	99.5027	100
2:2:49:20	5	5	22	27.7591	99.5027	100
2:2:50:30	5	5	22	27.7591	99.5027	100
2:2:51:45	5	5	22	27.7591	99.5027	100
2:2:52:55	5	5	22	27.7591	99.5027	100
2:2:54:10	5	5	22	27.7591	99.5027	100
2:2:55:20	5	5	22	27.7591	99.5027	100
2:2:56:35	5	5	22	27.7591	99.5027	100
2:2:57:45	5	5	22	27.7591	99.5027	100
2:2:59:0	5	5	22	27.7591	99.5027	100
2:3:0:10	5	5	22	27.7591	99.5027	100
2:3:1:25	5	5	22	27.7591	99.5027	100
2:3:2:35	5	5	22	27.7591	99.5027	100
2:3:3:50	5	5	22	27.7591	99.5027	100
2:3:5:0	5	5	22	27.7591	99.5027	100
2:3:6:15	5	5	22	27.7591	99.5027	100
2:3:7:25	5	5	22	27.7591	99.5027	100
2:3:8:40	5	5	22	27.7591	99.5027	100
2:3:9:50	5	5	22	27.7591	99.5027	100
2:3:11:5	5	5	22	27.7591	99.5027	100
2:3:12:15	5	5	22	27.7591	99.5027	100
2:3:13:30	5	5	22	27.7591	99.5027	100
2:3:14:40	5	5	22	27.7591	99.5027	100
2:3:15:55	5	5	22	27.7591	99.5027	100
2:3:17:5	5	5	22	27.7591	99.5027	100
2:3:18:20	5	5	22	27.7591	99.5027	100
2:3:19:30	5	5	22	27.7591	99.5027	100
2:3:20:45	5	5	22	27.7591	99.5027	100
2:3:21:55	5	5	22	27.7591	99.5027	100
2:3:23:10	5	5	22	27.7591	99.5027	100
2:3:24:20	5	5	22	27.7591	99.5027	100
2:3:25:35	5	5	22	27.7591	99.5027	100
2:3:26:45	5	5	22	27.7591	99.5027	100
2:3:28:0	5	5	22	27.7591	99.5027	100
2:3:29:10	5	5	22	27.7591	99.5027	100
2:3:30:25	5	5	22	27.7591	99.5027	100
2:3:31:35	5	5	22	27.7591	99.5027	100
2:3:32:50	5	5	22	27.7591	99.5027	100
2:3:34:0	5	5	22	27.7591	99.5027	100
2:3:35:15	5	5	22	27.7591	99.5027	100
2:3:36:25	5	5	22	27.7591	99.5027	100
2:3:37:40	5	5	22	27.7591	99.5027	100
2:3:38:50	5	5	22	27.7591	99.5027	100
2:3:40:5	5	5	22	27.7591	99.5027	100
2:3:41:15	5	5	22	27.7591	99.5027	100
2:3:42:30	5	5	22	27.7591	99.5027	100
2:3:43:40	5	5	22	27.7591	99.5027	100
2:3:44:55	5	5	22	27.7591	99.5027	100
2:3:46:5	5	5	22	27.7591	99.5027	100
2:3:47:20	5	5	22	27.7591	99.5027	100
2:3:48:30	5	5	22	27.7591	99.5027	100
2:3:49:45	5	5	22	27.7591	99.5027	100
2:3:50:55	5	5	22	27.7591	99.5027	100
2:3:52:10	5	5	22	27.7591	99.5027	100
2:3:53:20	5	5	22	27.7591	99.5027	100
2:3:54:35	5	5	22	27.7591	99.5027	100
2:3:55:45	5	5	22	27.7591	99.5027	100
2:3:57:0	5	5	22	27.7591	99.5027	100
2:3:58:10	5	5	22	27.7591	99.5027	100
2:3:59:25	5	5	22	27.7591	99.5027	100
2:4:0:35	5	5	22	27.7591	99.5027	100
2:4:1:50	5	5	22	27.7591	99.5027	100
2:4:3:0	5	5	22	27.7591	99.5027	100
2:4:4:15	5	5	22	27.7591	99.5027	100
2:4:5:25	5	5	22	27.7591	99.5027	100
2:4:6:40	5	5	22	27.7591	99.5027	100
2:4:7:50	5	5	22	27.7591	99.5027	100
2:4:9:5	5	5	22	27.7591	99.5027	100
2:4:10:15	5	5	22	27.7591	99.5027	100
2:4:11:30	5	5	22	27.7591	99.5027	100
2:4:12:40	5	5	22	27.7591	99.5027	100
2:4:13:55	5	5	22	27.7591	99.5027	100
2:4:15:5	5	5	22	27.7591	99.5027	100
2:4:16:20	5	5	22	27.7591	99.5027	100
2:4:17:30	5	5	22	27.7591	99.5027	100
2:4:18:45	5	5	22	27.7591	99.5027	100
2:4:19:55	5	5	22	27.7591	99.5027	100
2:4:21:10	5	5	22	27.7591	99.5027	100
2:4:22:20	5	5	22	27.7591	99.5027	100
2:4:23:35	5	5	22	27.7591	99.5027	100
2:4:24:45	5	5	22	27.7591	99.5027	100
2:4:26:0	5	5	22	27.7591	99.5027	100
2:4:27:10	5	5	22	27.7591	99.5027	100
2:4:28:25	5	5	22	27.7591	99.5027	100
2:4:29:35	5	5	22	27.7591	99.5027	100
2:4:30:50	5	5	22	27.7591	99.5027	100
2:4:32:0	5	5	22	27.7591	99.5027	100
2:4:33:15	5	5	22	27.7591	99.5027	100
2:4:34:25	5	5	22	27.7591	99.5027	100
2:4:35:40	5	5	22	27.7591	99.5027	100
2:4:36:50	5	5	22	27.7591	99.5027	100
2:4:38:5	5	5	22	27.7591	99.5027	100
2:4:39:15	5	5	22	27.7591	99.5027	100
2:4:40:30	5	5	22	27.7591	99.5027	100
2:4:41:40	5	5	22	27.7591	99.5027	100
2:4:42:55	5	5	22	27.7591	99.5027	100
2:4:44:5	5	5	22	27.7591	99.5027	100
2:4:45:20	5	5	22	27.7591	99.5027	100
2:4:46:30	5	5	22	27.7591	99.5027	100
2:4:47:45	5	5	22	27.7591	99.5027	100
2:4:48:55	5	5	22	27.7591	99.5027	100
2:4:50:10	5	5	22	27.7591	99.5027	100
2:4:51:20	5	5	22	27.7591	99.5027	100
2:4:52:35	5	5	22	27.7591	99.5027	100
2:4:53:45	5	5	22	27.7591	99.5027	100
2:4:55:0	5	5	22	27.7591	99.5027	100
2:4:56:10	5	5	22	27.7591	99.5027	100
2:4:57:25	5	5	22	27.7591	99.5027	100
2:4:58:35	5	5	22	27.7591	99.5027	100
2:4:59:50	5	5	22	27.7591	99.5027	100
2:5:1:0	5	5	22	27.7591	99.5027	100
2:5:2:15	5	5	22	27.7591	99.5027	100
2:5:3:25	5	5	22	27.7591	99.5027	100
2:5:4:35	5	5	22	27.7591	99.5027	100
2:5:5:50	5	5	22	27.7591	99.5027	100
2:5:7:5	5	5	22	27.7591	99.5027	100
2:5:8:15	5	5	22	27.7591	99.5027	100
2:5:9:30	5	5	22	27.7591	99.5027	100
2:5:10:40	5	5	22	27.7591	99.5027	100
2:5:11:55	5	5	22	27.7591	99.5027	100
2:5:13:5	5	5	22	27.7591	99.5027	100
2:5:14:20	5	5	22	27.7591	99.5027	100
2:5:15:30	5	5	22	27.7591	99.5027	100
2:5:16:45	5	5	22	27.7591	99.5027	100
2:5:17:55	5	5	22	27.7591	99.5027	100
2:5:19:10	5	5	22	27.7591	99.5027	100
2:5:20:20	5	5	22	27.7591	99.5027	100
2:5:21:35	5	5	22	27.7591	99.5027	100
2:5:22:45	5	5	22	27.7591	99.5027	100
2:5:24:0	5	5	22	27.7591	99.5027	100
2:5:25:10	5	5	22	27.7591	99.5027	100
2:5:26:25	5	5	22	27.7591	99.5027	100
2:5:27:35	5	5	22	27.7591	99.5027	100
2:5:28:50	5	5	22	27.7591	99.5027	100
2:5:30:0	5	5	22	27.7591	99.5027	100
2:5:31:15	5	5	22	27.7591	99.5027	100
2:5:32:25	5	5	22	27.7591	99.5027	100
2:5:33:40	5	5	22	27.7591	99.5027	100
2:5:34:50	5	5	22	27.7591	99.5027	100
2:5:36:5	5	5	22	27.7591	99.5027	100
2:5:37:15	5	5	22	27.7591	99.5027	100
2:5:38:30	5	5	22	27.7591	99.5027	100
2:5:39:40	5	5	22	27.7591	99.5027	100
2:5:40:55	5	5	22	27.7591	99.5027	100
2:5:42:5	5	5	22	27.7591	99.5027	100
2:5:43:20	5	5	22	27.7591	99.5027	100
2:5:44:30	5	5	22	27.7591	99.5027	100
2:5:45:45	5	5	22	27.7591	99.5027	100
2:5:46:55	5	5	22	27.7591	99.5027	100
2:5:48:10	5	5	22	27.7591	99.5027	100
2:5:49:20	5	5	22	27.7591	99.5027	100
2:5:50:35	5	5	22	27.7591	99.5027	100
2:5:51:45	5	5	22	27.7591	99.5027	100
2:5:53:0	5	5	22	27.7591	99.5027	100
2:5:54:10	5	5	22	27.7591	99.5027	100
2:5:55:25	5	5	22	27.7591	99.5027	100
2:5:56:35	5	5	22	27.7591	99.5027	100
2:5:57:50	5	5	22	27.7591	99.5027	100
2:5:59:0	5	5	22	27.7591	99.5027	100
2:6:0:15	5	5	22	27.7591	99.5027	100
2:6:1:25	5	5	22	27.7591	99.5027	100
2:6:2:40	5	5	22	27.7591	99.5027	100
2:6:3:50	5	5	22	27.7591	99.5027	100
2:6:5:5	5	5	22	27.7591	99.5027	100
2:6:6:15	5	5	22	27.7591	99.5027	100
2:6:7:30	5	5	22	27.7591	99.5027	100
2:6:8:40	5	5	22	27.7591	99.5027	100
2:6:9:55	5	5	22	27.7591	99.5027	100
2:6:11:5	5	5	22	27.7591	99.5027	100
2:6:12:20	5	5	22	27.7591	99.5027	100
2:6:13:30	5	5	22	27.7591	99.5027	100
2:6:14:45	5	5	22	27.7591	99.5027	100
2:6:15:55	5	5	22	27.7591	99.5027	100
2:6:17:10	5	5	22	27.7591	99.5027	100
2:6:18:20	5	5	22	27.7591	99.5027	100
2:6:19:35	5	5	22	27.7591	99.5027	100
2:6:20:45	5	5	22	27.7591	99.5027	100
2:6:22:0	5	5	22	27.7591	99.5027	100
2:6:23:10	5	5	22	27.7591	99.5027	100
2:6:24:25	5	5	22	27.7591	99.5027	100
2:6:25:35	5	5	22	27.7591	99.5027	100
2:6:26:50	5	5	22	27.7591	99.5027	100
2:6:28:0	5	5	22	27.7591	99.5027	100
2:6:29:15	5	5	22	27.7591	99.5027	100
2:6:30:25	5	5	22	27.7591	99.5027	100
2:6:31:40	5	5	22	27.7591	99.5027	100
2:6:32:50	5	5	22	27.7591	99.5027	100
2:6:34:5	5	5	22	27.7591	99.5027	100
2:6:35:20	5	5	22	27.7591	99.5027	100
2:6:36:30	5	5	22	27.7591	99.5027	100
2:6:37:45	5	5	22	27.7591	99.5027	100
2:6:38:55	5	5	22	27.7591	99.5027	100
2:6:40:10	5	5	22	27.7591	99.5027	100
2:6:41:20	5	5	22	27.7591	99.5027	100
2:6:42:35	5	5	22	27.7591	99.5027	100
2:6:43:45	5	5	22	27.7591	99.5027	100
2:6:45:0	5	5	22	27.7591	99.5027	100
2:6:46:10	5	5	22	27.7591	99.5027	100
2:6:47:25	5	5	22	27.7591	99.5027	100
2:6:48:35	5	5	22	27.7591	99.5027	100
2:6:49:50	5	5	22	27.7591	99.5027	100
2:6:51:0	5	5	22	27.7591	99.5027	100
2:6:52:15	5	5	22	27.7591	99.5027	100
2:6:53:25	5	5	22	27.7591	99.5027	100
2:6:54:40	5	5	22	27.7591	99.5027	100
2:6:55:50	5	5	22	27.7591	99.5027	100
2:6:57:5	5	5	22	27.7591	99.5027	100
2:6:58:15	5	5	22	27.7591	99.5027	100
2:6:59:30	5	5	22	27.7591	99.5027	100
2:7:0:40	5	5	22	27.7591	99.5027	100
2:7:1:55	5	5	22	27.7591	99.5027	100
2:7:3:5	5	5	22	27.7591	99.5027	100
2:7:4:20	5	5	22	27.7591	99.5027	100
2:7:5:30	5	5	22	27.7591	99.5027	100
2:7:6:45	5	5	22	27.7591	99.5027	100
2:7:7:55	5	5	22	27.7591	99.5027	100
2:7:9:10	5	5	22	27.7591	99.5027	100
2:7:10:20	5	5	22	27.7591	99.5027	100
2:7:11:35	5	5	22	27.7591	99.5027	100
2:7:12:45	5	5	22	27.7591	99.5027	100
2:7:14:0	5	5	22	27.7591	99.5027	100
2:7:15:10	5	5	22	27.7591	99.5027	100
2:7:16:25	5	5	22	27.7591	99.5027	100
2:7:17:35	5	5	22	27.7591	99.5027	100
2:7:18:50	5	5	22	27.7591	99.5027	100
2:7:20:0	5	5	22	27.7591	99.5027	100
2:7:21:15	5	5	22	27.7591	99.5027	100
2:7:22:25	5	5	22	27.7591	99.5027	100
2:7:23:40	5	5	22	27.7591	99.5027	100
2:7:24:50	5	5	22	27.7591	99.5027	100
2:7:26:5	5	5	22	27.7591	99.5027	100
2:7:27:15	5	5	22	27.7591	99.5027	100
2:7:28:30	5	5	22	27.7591	99.5027	100
2:7:29:40	5	5	22	27.7591	99.5027	100
2:7:30:55	5	5	22	27.7591	99.5027	100
2:7:32:5	5	5	22	27.7591	99.5027	100
2:7:33:20	5	5	22	27.7591	99.5027	100
2:7:34:30	5	5	22	27.7591	99.5027	100
2:7:35:45	5	5	22	27.7591	99.5027	100
2:7:36:55	5	5	22	27.7591	99.5027	100
2:7:38:10	5	5	22	27.7591	99.5027	100
2:7:39:20	5	5	22	27.7591	99.5027	100
2:7:40:35	5	5	22	27.7591	99.5027	100
2:7:41:45	5	5	22	27.7591	99.5027	100
2:7:43:0	5	5	22	27.7591	99.5027	100
2:7:44:10	5	5	22	27.7591	99.5027	100
2:7:45:25	5	5	22	27.7591	99.5027	100
2:7:46:35	5	5	22	27.7591	99.5027	100
2:7:47:50	5	5	22	27.7591	99.5027	100
2:7:49:0	5	5	22	27.7591	99.5027	100
2:7:50:15	5	5	22	27.7591	99.5027	100
2:7:51:25	5	5	22	27.7591	99.5027	100
2:7:52:40	5	5	22	27.7591	99.5027	100
2:7:53:55	5	5	22	27.7591	99.5027	100
2:7:55:5	5	5	22	27.7591	99.5027	100
2:7:56:20	5	5	22	27.7591	99.5027	100
2:7:57:30	5	5	22	27.7591	99.5027	100
2:7:58:45	5	5	22	27.7591	99.5027	100
2:7:59:55	5	5	22	27.7591	99.5027	100
2:8:1:10	5	5	22	27.7591	99.5027	100
2:8:2:20	5	5	22	27.7591	99.5027	100
2:8:3:35	5	5	22	27.7591	99.5027	100
2:8:4:45	5	5	22	27.7591	99.5027	100
2:8:6:0	5	5	22	27.7591	99.5027	100
2:8:7:10	5	5	22	27.7591	99.5027	100
2:8:8:25	5	5	22	27.7591	99.5027	100
2:8:9:35	5	5	22	27.7591	99.5027	100
2:8:10:50	5	5	22	27.7591	99.5027	100
2:8:12:0	5	5	22	27.7591	99.5027	100
2:8:13:15	5	5	22	27.7591	99.5027	100
2:8:14:25	5	5	22	27.7591	99.5027	100
2:8:15:40	5	5	22	27.7591	99.5027	100
2:8:16:50	5	5	22	27.7591	99.5027	100
2:8:18:5	5	5	22	27.7591	99.5027	100
2:8:19:15	5	5	22	27.7591	99.5027	100
2:8:20:30	5	5	22	27.7591	99.5027	100
2:8:21:40	5	5	22	27.7591	99.5027	100
2:8:22:55	5	5	22	27.7591	99.5027	100
2:8:24:5	5	5	22	27.7591	99.5027	100
2:8:25:20	5	5	22	27.7591	99.5027	100
2:8:26:30	5	5	22	27.7591	99.5027	100
2:8:27:45	5	5	22	27.7591	99.5027	100
2:8:28:55	5	5	22	27.7591	99.5027	100
2:8:30:10	5	5	22	27.7591	99.5027	100
2:8:31:20	5	5	22	27.7591	99.5027	100
2:8:32:35	5	5	22	27.7591	99.5027	100
2:8:33:45	5	5	22	27.7591	99.5027	100
2:8:35:0	5	5	22	27.7591	99.5027	100
2:8:36:10	5	5	22	27.7591	99.5027	100
2:8:37:25	5	5	22	27.7591	99.5027	100
2:8:38:35	5	5	22	27.7591	99.5027	100
2:8:39:50	5	5	22	27.7591	99.5027	100
2:8:41:0	5	5	22	27.7591	99.5027	100
2:8:42:15	5	5	22	27.7591	99.5027	100
2:8:43:30	5	5	22	27.7591	99.5027	100
2:8:44:40	5	5	22	27.7591	99.5027	100
2:8:45:50	5	5	22	27.7591	99.5027	100
2:8:47:5	5	5	22	27.7591	99.5027	100
2:8:48:15	5	5	22	27.7591	99.5027	100
2:8:49:30	5	5	22	27.7591	99.5027	100
2:8:50:40	5	5	22	27.7591	99.5027	100
2:8:51:55	5	5	22	27.7591	99.5027	100
2:8:53:10	5	5	22	27.7591	99.5027	100
2:8:54:20	5	5	22	27.7591	99.5027	100
2:8:55:35	5	5	22	27.7591	99.5027	100
2:8:56:45	5	5	22	27.7591	99.5027	100
2:8:58:0	5	5	22	27.7591	99.5027	100
2:8:59:10	5	5	22	27.7591	99.5027	100
2:9:0:25	5	5	22	27.7591	99.5027	100
2:9:1:35	5	5	22	27.7591	99.5027	100
2:9:2:50	5	5	22	27.7591	99.5027	100
2:9:4:0	5	5	22	27.7591	99.5027	100
2:9:5:15	5	5	22	27.7591	99.5027	100
2:9:6:25	5	5	22	27.7591	99.5027	100
2:9:7:40	5	5	22	27.7591	99.5027	100
2:9:8:50	5	5	22	27.7591	99.5027	100
2:9:10:5	5	5	22	27.7591	99.5027	100
2:9:11:15	5	5	22	27.7591	99.5027	100
2:9:12:30	5	5	22	27.7591	99.5027	100
2:9:13:40	5	5	22	27.7591	99.5027	100
2:9:14:55	5	5	22	27.7591	99.5027	100
2:9:16:5	5	5	22	27.7591	99.5027	100
2:9:17:20	5	5	22	27.7591	99.5027	100
2:9:18:30	5	5	22	27.7591	99.5027	100
2:9:19:45	5	5	22	27.7591	99.5027	100
2:9:21:0	5	5	22	27.7591	99.5027	100
2:9:22:10	5	5	22	27.7591	99.5027	100
2:9:23:20	5	5	22	27.7591	99.5027	100
2:9:24:35	5	5	22	27.7591	99.5027	100
2:9:25:45	5	5	22	27.7591	99.5027	100
2:9:27:0	5	5	22	27.7591	99.5027	100
2:9:28:15	5	5	22	27.7591	99.5027	100
2:9:29:25	5	5	22	27.7591	99.5027	100
2:9:30:40	5	5	22	27.7591	99.5027	100
2:9:31:50	5	5	22	27.7591	99.5027	100
2:9:33:5	5	5	22	27.7591	99.5027	100
2:9:34:15	5	5	22	27.7591	99.5027	100
2:9:35:30	5	5	22	27.7591	99.5027	100
2:9:36:40	5	5	22	27.7591	99.5027	100
2:9:37:50	5	5	22	27.7591	99.5027	100
2:9:39:5	5	5	22	27.7591	99.5027	100
2:9:40:20	5	5	22	27.7591	99.5027	100
2:9:41:30	5	5	22	27.7591	99.5027	100
2:9:42:45	5	5	22	27.7591	99.5027	100
2:9:43:55	5	5	22	27.7591	99.5027	100
2:9:45:10	5	5	22	27.7591	99.5027	100
2:9:46:20	5	5	22	27.7591	99.5027	100
2:9:47:35	5	5	22	27.7591	99.5027	100
2:9:48:45	5	5	22	27.7591	99.5027	100
2:9:50:0	5	5	22	27.7591	99.5027	100
2:9:51:10	5	5	22	27.7591	99.5027	100
2:9:52:25	5	5	22	27.7591	99.5027	100
2:9:53:35	5	5	22	27.7591	99.5027	100
2:9:54:50	5	5	22	27.7591	99.5027	100
2:9:56:0	5	5	22	27.7591	99.5027	100
2:9:57:15	5	5	22	27.7591	99.5027	100
2:9:58:25	5	5	22	27.7591	99.5027	100
2:9:59:40	5	5	22	27.7591	99.5027	100
2:10:0:50	5	5	22	27.7591	99.5027	100
2:10:2:5	5	5	22	27.7591	99.5027	100
2:10:3:15	5	5	22	27.7591	99.5027	100
2:10:4:30	5	5	22	27.7591	99.5027	100
2:10:5:40	5	5	22	27.7591	99.5027	100
2:10:6:55	5	5	22	27.7591	99.5027	100
2:10:8:5	5	5	22	27.7591	99.5027	100
2:10:9:20	5	5	22	27.7591	99.5027	100
2:10:10:30	5	5	22	27.7591	99.5027	100
2:10:11:45	5	5	22	27.7591	99.5027	100
2:10:12:55	5	5	22	27.7591	99.5027	100
2:10:14:10	5	5	22	27.7591	99.5027	100
2:10:15:20	5	5	22	27.7591	99.5027	100
2:10:16:35	5	5	22	27.7591	99.5027	100
2:10:17:45	5	5	22	27.7591	99.5027	100
2:10:19:0	5	5	22	27.7591	99.5027	100
2:10:20:10	5	5	22	27.7591	99.5027	100
2:10:21:25	5	5	22	27.7591	99.5027	100
2:10:22:40	5	5	22	27.7591	99.5027	100
2:10:23:50	5	5	22	27.7591	99.5027	100
2:10:25:5	5	5	22	27.7591	99.5027	100
2:10:26:15	5	5	22	27.7591	99.5027	100
2:10:27:25	5	5	22	27.7591	99.5027	100
2:10:28:40	5	5	22	27.7591	99.5027	100
2:10:29:55	5	5	22	27.7591	99.5027	100
2:10:31:5	5	5	22	27.7591	99.5027	100
2:10:32:20	5	5	22	27.7591	99.5027	100
2:10:33:30	5	5	22	27.7591	99.5027	100
2:10:34:45	5	5	22	27.7591	99.5027	100
2:10:35:55	5	5	22	27.7591	99.5027	100
2:10:37:10	5	5	22	27.7591	99.5027	100
2:10:38:20	5	5	22	27.7591	99.5027	100
2:10:39:35	5	5	22	27.7591	99.5027	100
2:10:40:45	5	5	22	27.7591	99.5027	100
2:10:42:0	5	5	22	27.7591	99.5027	100
2:10:43:10	5	5	22	27.7591	99.5027	100
2:10:44:25	5	5	22	27.7591	99.5027	100
2:10:45:35	5	5	22	27.7591	99.5027	100
2:10:46:50	5	5	22	27.7591	99.5027	100
2:10:48:0	5	5	22	27.7591	99.5027	100
2:10:49:15	5	5	22	27.7591	99.5027	100
2:10:50:25	5	5	22	27.7591	99.5027	100
2:10:51:40	5	5	22	27.7591	99.5027	100
2:10:52:50	5	5	22	27.7591	99.5027	100
2:10:54:5	5	5	22	27.7591	99.5027	100
2:10:55:15	5	5	22	27.7591	99.5027	100
2:10:56:30	5	5	22	27.7591	99.5027	100
2:10:57:40	5	5	22	27.7591	99.5027	100
2:10:58:55	5	5	22	27.7591	99.5027	100
2:11:0:5	5	5	22	27.7591	99.5027	100
2:11:1:20	5	5	22	27.7591	99.5027	100
2:11:2:30	5	5	22	27.7591	99.5027	100
2:11:3:45	5	5	22	27.7591	99.5027	100
2:11:4:55	5	5	22	27.7591	99.5027	100
2:11:6:10	5	5	22	27.7591	99.5027	100
2:11:7:20	5	5	22	27.7591	99.5027	100
2:11:8:35	5	5	22	27.7591	99.5027	100
2:11:9:50	5	5	22	27.7591	99.5027	100
2:11:11:0	5	5	22	27.7591	99.5027	100
2:11:12:10	5	5	22	27.7591	99.5027	100
2:11:13:25	5	5	22	27.7591	99.5027	100
2:11:14:40	5	5	22	27.7591	99.5027	100
2:11:15:50	5	5	22	27.7591	99.5027	100
2:11:17:5	5	5	22	27.7591	99.5027	100
2:11:18:15	5	5	22	27.7591	99.5027	100
2:11:19:30	5	5	22	27.7591	99.5027	100
2:11:20:40	5	5	22	27.7591	99.5027	100
2:11:21:55	5	5	22	27.7591	99.5027	100
2:11:23:5	5	5	22	27.7591	99.5027	100
2:11:24:20	5	5	22	27.7591	99.5027	100
2:11:25:30	5	5	22	27.7591	99.5027	100
2:11:26:45	5	5	22	27.7591	99.5027	100
2:11:27:55	5	5	22	27.7591	99.5027	100
2:11:29:10	5	5	22	27.7591	99.5027	100
2:11:30:20	5	5	22	27.7591	99.5027	100
2:11:31:35	5	5	22	27.7591	99.5027	100
2:11:32:45	5	5	22	27.7591	99.5027	100
2:11:34:0	5	5	22	27.7591	99.5027	100
2:11:35:10	5	5	22	27.7591	99.5027	100
2:11:36:25	5	5	22	27.7591	99.5027	100
2:11:37:35	5	5	22	27.7591	99.5027	100
2:11:38:50	5	5	22	27.7591	99.5027	100
2:11:40:0	5	5	22	27.7591	99.5027	100
2:11:41:15	5	5	22	27.7591	99.5027	100
2:11:42:30	5	5	22	27.7591	99.5027	100
2:11:43:40	5	5	22	27.7591	99.5027	100
2:11:44:50	5	5	22	27.7591	99.5027	100
2:11:46:5	5	5	22	27.7591	99.5027	100
2:11:47:20	5	5	22	27.7591	99.5027	100
2:11:48:30	5	5	22	27.7591	99.5027	100
2:11:49:45	5	5	22	27.7591	99.5027	100
2:11:50:55	5	5	22	27.7591	99.5027	100
2:11:52:5	5	5	22	27.7591	99.5027	100
2:11:53:20	5	5	22	27.7591	99.5027	100
2:11:54:35	5	5	22	27.7591	99.5027	100
2:11:55:45	5	5	22	27.7591	99.5027	100
2:11:57:0	5	5	22	27.7591	99.5027	100
2:11:58:10	5	5	22	27.7591	99.5027	100
2:11:59:25	5	5	22	27.7591	99.5027	100
2:12:0:35	5	5	22	27.7591	99.5027	100
2:12:1:50	5	5	22	27.7591	99.5027	100
2:12:3:0	5	5	22	27.7591	99.5027	100
2:12:4:15	5	5	22	27.7591	99.5027	100
2:12:5:25	5	5	22	27.7591	99.5027	100
2:12:6:40	5	5	22	27.7591	99.5027	100
2:12:7:50	5	5	22	27.7591	99.5027	100
2:12:9:5	5	5	22	27.7591	99.5027	100
2:12:10:15	5	5	22	27.7591	99.5027	100
2:12:11:30	5	5	22	27.7591	99.5027	100
2:12:12:40	5	5	22	27.7591	99.5027	100
2:12:13:55	5	5	22	27.7591	99.5027	100
2:12:15:5	5	5	22	27.7591	99.5027	100
2:12:16:20	5	5	22	27.7591	99.5027	100
2:12:17:30	5	5	22	27.7591	99.5027	100
2:12:18:45	5	5	22	27.7591	99.5027	100
2:12:19:55	5	5	22	27.7591	99.5027	100
2:12:21:10	5	5	22	27.7591	99.5027	100
2:12:22:20	5	5	22	27.7591	99.5027	100
2:12:23:35	5	5	22	27.7591	99.5027	100
2:12:24:45	5	5	22	27.7591	99.5027	100
2:12:26:0	5	5	22	27.7591	99.5027	100
2:12:27:10	5	5	22	27.7591	99.5027	100
2:12:28:25	5	5	22	27.7591	99.5027	100
2:12:29:35	5	5	22	27.7591	99.5027	100
2:12:30:50	5	5	22	27.7591	99.5027	100
2:12:32:0	5	5	22	27.7591	99.5027	100
2:12:33:15	5	5	22	27.7591	99.5027	100
2:12:34:25	5	5	22	27.7591	99.5027	100
2:12:35:40	5	5	22	27.7591	99.5027	100
2:12:36:55	5	5	22	27.7591	99.5027	100
2:12:38:5	5	5	22	27.7591	99.5027	100
2:12:39:20	5	5	22	27.7591	99.5027	100
2:12:40:30	5	5	22	27.7591	99.5027	100
2:12:41:45	5	5	22	27.7591	99.5027	100
2:12:42:55	5	5	22	27.7591	99.5027	100
2:12:44:10	5	5	22	27.7591	99.5027	100
2:12:45:25	5	5	22	27.7591	99.5027	100
2:12:46:40	5	5	22	27.7591	99.5027	100
2:12:47:50	5	5	22	27.7591	99.5027	100
2:12:49:5	5	5	22	27.7591	99.5027	100
2:12:50:15	5	5	22	27.7591	99.5027	100
2:12:51:30	5	5	22	27.7591	99.5027	100
2:12:52:45	5	5	22	27.7591	99.5027	100
2:12:53:55	5	5	22	27.7591	99.5027	100
2:12:55:10	5	5	22	27.7591	99.5027	100
2:12:56:20	5	5	22	27.7591	99.5027	100
2:12:57:35	5	5	22	27.7591	99.5027	100
2:12:58:45	5	5	22	27.7591	99.5027	100
2:13:0:0	5	5	22	27.7591	99.5027	100
2:13:1:15	5	5	22	27.7591	99.5027	100
2:13:2:25	5	5	22	27.7591	99.5027	100
2:13:3:40	5	5	22	27.7591	99.5027	100
2:13:4:50	5	5	22	27.7591	99.5027	100
2:13:6:5	5	5	22	27.7591	99.5027	100
2:13:7:15	5	5	22	27.7591	99.5027	100
2:13:8:30	5	5	22	27.7591	99.5027	100
2:13:9:45	5	5	22	27.7591	99.5027	100
2:13:10:55	5	5	22	27.7591	99.5027	100
2:13:12:10	5	5	22	27.7591	99.5027	100
2:13:13:20	5	5	22	27.7591	99.5027	100
2:13:14:35	5	5	22	27.7591	99.5027	100
2:13:15:45	5	5	22	27.7591	99.5027	100
2:13:17:0	5	5	22	27.7591	99.5027	100
2:13:18:15	5	5	22	27.7591	99.5027	100
2:13:19:25	5	5	22	27.7591	99.5027	100
2:13:20:40	5	5	22	27.7591	99.5027	100
2:13:21:50	5	5	22	27.7591	99.5027	100
2:13:23:5	5	5	22	27.7591	99.5027	100
2:13:24:15	5	5	22	27.7591	99.5027	100
2:13:25:30	5	5	22	27.7591	99.5027	100
2:13:26:45	5	5	22	27.7591	99.5027	100
2:13:27:55	5	5	22	27.7591	99.5027	100
2:13:29:10	5	5	22	27.7591	99.5027	100
2:13:30:20	5	5	22	27.7591	99.5027	100
2:13:31:35	5	5	22	27.7591	99.5027	100
2:13:32:45	5	5	22	27.7591	99.5027	100
2:13:34:0	5	5	22	27.7591	99.5027	100
2:13:35:10	5	5	22	27.7591	99.5027	100
2:13:36:25	5	5	22	27.7591	99.5027	100
2:13:37:40	5	5	22	27.7591	99.5027	100
2:13:38:50	5	5	22	27.7591	99.5027	100
2:13:40:5	5	5	22	27.7591	99.5027	100
2:13:41:15	5	5	22	27.7591	99.5027	100
2:13:42:30	5	5	22	27.7591	99.5027	100
2:13:43:40	5	5	22	27.7591	99.5027	100
2:13:44:55	5	5	22	27.7591	99.5027	100
2:13:46:10	5	5	22	27.7591	99.5027	100
2:13:47:20	5	5	22	27.7591	99.5027	100
2:13:48:35	5	5	22	27.7591	99.5027	100
2:13:49:45	5	5	22	27.7591	99.5027	100
2:13:51:0	5	5	22	27.7591	99.5027	100
2:13:52:15	5	5	22	27.7591	99.5027	100
2:13:53:25	5	5	22	27.7591	99.5027	100
2:13:54:40	5	5	22	27.7591	99.5027	100
2:13:55:50	5	5	22	27.7591	99.5027	100
2:13:57:5	5	5	22	27.7591	99.5027	100
2:13:58:15	5	5	22	27.7591	99.5027	100
2:13:59:30	5	5	22	27.7591	99.5027	100
2:14:0:45	5	5	22	27.7591	99.5027	100
2:14:1:55	5	5	22	27.7591	99.5027	100
2:14:3:10	5	5	22	27.7591	99.5027	100
2:14:4:20	5	5	22	27.7591	99.5027	100
2:14:5:35	5	5	22	27.7591	99.5027	100
2:14:6:45	5	5	22	27.7591	99.5027	100
2:14:8:0	5	5	22	27.7591	99.5027	100
2:14:9:10	5	5	22	27.7591	99.5027	100
2:14:10:25	5	5	22	27.7591	99.5027	100
2:14:11:40	5	5	22	27.7591	99.5027	100
2:14:12:50	5	5	22	27.7591	99.5027	100
2:14:14:5	5	5	22	27.7591	99.5027	100
2:14:15:15	5	5	22	27.7591	99.5027	100
2:14:16:30	5	5	22	27.7591	99.5027	100
2:14:17:40	5	5	22	27.7591	99.5027	100
2:14:18:55	5	5	22	27.7591	99.5027	100
2:14:20:5	5	5	22	27.7591	99.5027	100
2:14:21:20	5	5	22	27.7591	99.5027	100
2:14:22:35	5	5	22	27.7591	99.5027	100
2:14:23:45	5	5	22	27.7591	99.5027	100
2:14:25:0	5	5	22	27.7591	99.5027	100
2:14:26:10	5	5	22	27.7591	99.5027	100
2:14:27:25	5	5	22	27.7591	99.5027	100
2:14:28:35	5	5	22	27.7591	99.5027	100
2:14:29:50	5	5	22	27.7591	99.5027	100
2:14:31:5	5	5	22	27.7591	99.5027	100
2:14:32:15	5	5	22	27.7591	99.5027	100
2:14:33:30	5	5	22	27.7591	99.5027	100
2:14:34:40	5	5	22	27.7591	99.5027	100
2:14:35:55	5	5	22	27.7591	99.5027	100
2:14:37:5	5	5	22	27.7591	99.5027	100
2:14:38:20	5	5	22	27.7591	99.5027	100
2:14:39:30	5	5	22	27.7591	99.5027	100
2:14:40:45	5	5	22	27.7591	99.5027	100
2:14:42:0	5	5	22	27.7591	99.5027	100
2:14:43:10	5	5	22	27.7591	99.5027	100
2:14:44:25	5	5	22	27.7591	99.5027	100
2:14:45:35	5	5	22	27.7591	99.5027	100
2:14:46:50	5	5	22	27.7591	99.5027	100
2:14:48:0	5	5	22	27.7591	99.5027	100
2:14:49:15	5	5	22	27.7591	99.5027	100
2:14:50:25	5	5	22	27.7591	99.5027	100
2:14:51:40	5	5	22	27.7591	99.5027	100
2:14:52:50	5	5	22	27.7591	99.5027	100
2:14:54:5	5	5	22	27.7591	99.5027	100
2:14:55:20	5	5	22	27.7591	99.5027	100
2:14:56:30	5	5	22	27.7591	99.5027	100
2:14:57:45	5	5	22	27.7591	99.5027	100
2:14:58:55	5	5	22	27.7591	99.5027	100
2:15:0:10	5	5	22	27.7591	99.5027	100
2:15:1:20	5	5	22	27.7591	99.5027	100
2:15:2:35	5	5	22	27.7591	99.5027	100
2:15:3:50	5	5	22	27.7591	99.5027	100
2:15:5:0	5	5	22	27.7591	99.5027	100
2:15:6:15	5	5	22	27.7591	99.5027	100
2:15:7:25	5	5	22	27.7591	99.5027	100
2:15:8:40	5	5	22	27.7591	99.5027	100
2:15:9:50	5	5	22	27.7591	99.5027	100
2:15:11:5	5	5	22	27.7591	99.5027	100
2:15:12:20	5	5	22	27.7591	99.5027	100
2:15:13:30	5	5	22	27.7591	99.5027	100
2:15:14:45	5	5	22	27.7591	99.5027	100
2:15:15:55	5	5	22	27.7591	99.5027	100
2:15:17:10	5	5	22	27.7591	99.5027	100
2:15:18:25	5	5	22	27.7591	99.5027	100
2:15:19:35	5	5	22	27.7591	99.5027	100
2:15:20:50	5	5	22	27.7591	99.5027	100
2:15:22:0	5	5	22	27.7591	99.5027	100
2:15:23:15	5	5	22	27.7591	99.5027	100
2:15:24:25	5	5	22	27.7591	99.5027	100
2:15:25:40	5	5	22	27.7591	99.5027	100
2:15:26:55	5	5	22	27.7591	99.5027	100
2:15:28:5	5	5	22	27.7591	99.5027	100
2:15:29:20	5	5	22	27.7591	99.5027	100
2:15:30:30	5	5	22	27.7591	99.5027	100
2:15:31:45	5	5	22	27.7591	99.5027	100
2:15:32:55	5	5	22	27.7591	99.5027	100
2:15:34:10	5	5	22	27.7591	99.5027	100
2:15:35:25	5	5	22	27.7591	99.5027	100
2:15:36:35	5	5	22	27.7591	99.5027	100
2:15:37:50	5	5	22	27.7591	99.5027	100
2:15:39:0	5	5	22	27.7591	99.5027	100
2:15:40:15	5	5	22	27.7591	99.5027	100
2:15:41:25	5	5	22	27.7591	99.5027	100
2:15:42:40	5	5	22	27.7591	99.5027	100
2:15:43:50	5	5	22	27.7591	99.5027	100
2:15:45:5	5	5	22	27.7591	99.5027	100
2:15:46:20	5	5	22	27.7591	99.5027	100
2:15:47:30	5	5	22	27.7591	99.5027	100
2:15:48:45	5	5	22	27.7591	99.5027	100
2:15:49:55	5	5	22	27.7591	99.5027	100
2:15:51:10	5	5	22	27.7591	99.5027	100
2:15:52:20	5	5	22	27.7591	99.5027	100
2:15:53:35	5	5	22	27.7591	99.5027	100
2:15:54:45	5	5	22	27.7591	99.5027	100
2:15:56:0	5	5	22	27.7591	99.5027	100
2:15:57:15	5	5	22	27.7591	99.5027	100
2:15:58:25	5	5	22	27.7591	99.5027	100
2:15:59:40	5	5	22	27.7591	99.5027	100
2:16:0:50	5	5	22	27.7591	99.5027	100
2:16:2:5	5	5	22	27.7591	99.5027	100
2:16:3:15	5	5	22	27.7591	99.5027	100
2:16:4:30	5	5	22	27.7591	99.5027	100
2:16:5:45	5	5	22	27.7591	99.5027	100
2:16:6:55	5	5	22	27.7591	99.5027	100
2:16:8:10	5	5	22	27.7591	99.5027	100
2:16:9:20	5	5	22	27.7591	99.5027	100
2:16:10:35	5	5	22	27.7591	99.5027	100
2:16:11:45	5	5	22	27.7591	99.5027	100
2:16:13:0	5	5	22	27.7591	99.5027	100
2:16:14:15	5	5	22	27.7591	99.5027	100
2:16:15:25	5	5	22	27.7591	99.5027	100
2:16:16:40	5	5	22	27.7591	99.5027	100
2:16:17:50	5	5	22	27.7591	99.5027	100
2:16:19:5	5	5	22	27.7591	99.5027	100
2:16:20:20	5	5	22	27.7591	99.5027	100
2:16:21:30	5	5	22	27.7591	99.5027	100
2:16:22:45	5	5	22	27.7591	99.5027	100
2:16:23:55	5	5	22	27.7591	99.5027	100
2:16:25:10	5	5	22	27.7591	99.5027	100
2:16:26:25	5	5	22	27.7591	99.5027	100
2:16:27:35	5	5	22	27.7591	99.5027	100
2:16:28:50	5	5	22	27.7591	99.5027	100
2:16:30:0	5	5	22	27.7591	99.5027	100
2:16:31:15	5	5	22	27.7591	99.5027	100
2:16:32:25	5	5	22	27.7591	99.5027	100
2:16:33:40	5	5	22	27.7591	99.5027	100
2:16:34:50	5	5	22	27.7591	99.5027	100
2:16:36:5	5	5	22	27.7591	99.5027	100
2:16:37:15	5	5	22	27.7591	99.5027	100
2:16:38:30	5	5	22	27.7591	99.5027	100
2:16:39:45	5	5	22	27.7591	99.5027	100
2:16:40:55	5	5	22	27.7591	99.5027	100
2:16:42:10	5	5	22	27.7591	99.5027	100
2:16:43:20	5	5	22	27.7591	99.5027	100
2:16:44:35	5	5	22	27.7591	99.5027	100
2:16:45:45	5	5	22	27.7591	99.5027	100
2:16:47:0	5	5	22	27.7591	99.5027	100
2:16:48:10	5	5	22	27.7591	99.5027	100
2:16:49:25	5	5	22	27.7591	99.5027	100
2:16:50:35	5	5	22	27.7591	99.5027	100
2:16:51:50	5	5	22	27.7591	99.5027	100
2:16:53:5	5	5	22	27.7591	99.5027	100
2:16:54:15	5	5	22	27.7591	99.5027	100
2:16:55:30	5	5	22	27.7591	99.5027	100
2:16:56:40	5	5	22	27.7591	99.5027	100
2:16:57:55	5	5	22	27.7591	99.5027	100
2:16:59:5	5	5	22	27.7591	99.5027	100
2:17:0:20	5	5	22	27.7591	99.5027	100
2:17:1:30	5	5	22	27.7591	99.5027	100
2:17:2:45	5	5	22	27.7591	99.5027	100
2:17:4:0	5	5	22	27.7591	99.5027	100
2:17:5:10	5	5	22	27.7591	99.5027	100
2:17:6:25	5	5	22	27.7591	99.5027	100
2:17:7:35	5	5	22	27.7591	99.5027	100
2:17:8:50	5	5	22	27.7591	99.5027	100
2:17:10:0	5	5	22	27.7591	99.5027	100
2:17:11:15	5	5	22	27.7591	99.5027	100
2:17:12:30	5	5	22	27.7591	99.5027	100
2:17:13:40	5	5	22	27.7591	99.5027	100
2:17:14:55	5	5	22	27.7591	99.5027	100
2:17:16:5	5	5	22	27.7591	99.5027	100
2:17:17:20	5	5	22	27.7591	99.5027	100
2:17:18:30	5	5	22	27.7591	99.5027	100
2:17:19:45	5	5	22	27.7591	99.5027	100
2:17:21:0	5	5	22	27.7591	99.5027	100
2:17:22:10	5	5	22	27.7591	99.5027	100
2:17:23:25	5	5	22	27.7591	99.5027	100
2:17:24:35	5	5	22	27.7591	99.5027	100
2:17:25:50	5	5	22	27.7591	99.5027	100
2:17:27:0	5	5	22	27.7591	99.5027	100
2:17:28:15	5	5	22	27.7591	99.5027	100
2:17:29:25	5	5	22	27.7591	99.5027	100
2:17:30:40	5	5	22	27.7591	99.5027	100
2:17:31:55	5	5	22	27.7591	99.5027	100
2:17:33:5	5	5	22	27.7591	99.5027	100
2:17:34:20	5	5	22	27.7591	99.5027	100
2:17:35:30	5	5	22	27.7591	99.5027	100
2:17:36:45	5	5	22	27.7591	99.5027	100
2:17:37:55	5	5	22	27.7591	99.5027	100
2:17:39:10	5	5	22	27.7591	99.5027	100
2:17:40:25	5	5	22	27.7591	99.5027	100
2:17:41:35	5	5	22	27.7591	99.5027	100
2:17:42:50	5	5	22	27.7591	99.5027	100
2:17:44:0	5	5	22	27.7591	99.5027	100
2:17:45:15	5	5	22	27.7591	99.5027	100
2:17:46:25	5	5	22	27.7591	99.5027	100
2:17:47:40	5	5	22	27.7591	99.5027	100
2:17:48:50	5	5	22	27.7591	99.5027	100
2:17:50:5	5	5	22	27.7591	99.5027	100
2:17:51:20	5	5	22	27.7591	99.5027	100
2:17:52:30	5	5	22	27.7591	99.5027	100
2:17:53:45	5	5	22	27.7591	99.5027	100
2:17:54:55	5	5	22	27.7591	99.5027	100
2:17:56:10	5	5	22	27.7591	99.5027	100
2:17:57:20	5	5	22	27.7591	99.5027	100
2:17:58:35	5	5	22	27.7591	99.5027	100
2:17:59:50	5	5	22	27.7591	99.5027	100
2:18:1:0	5	5	22	27.7591	99.5027	100
2:18:2:15	5	5	22	27.7591	99.5027	100
2:18:3:25	5	5	22	27.7591	99.5027	100
2:18:4:40	5	5	22	27.7591	99.5027	100
2:18:5:50	5	5	22	27.7591	99.5027	100
2:18:7:5	5	5	22	27.7591	99.5027	100
2:18:8:20	5	5	22	27.7591	99.5027	100
2:18:9:30	5	5	22	27.7591	99.5027	100
2:18:10:45	5	5	22	27.7591	99.5027	100
2:18:11:55	5	5	22	27.7591	99.5027	100
2:18:13:10	5	5	22	27.7591	99.5027	100
2:18:14:20	5	5	22	27.7591	99.5027	100
2:18:15:35	5	5	22	27.7591	99.5027	100
2:18:16:45	5	5	22	27.7591	99.5027	100
2:18:18:0	5	5	22	27.7591	99.5027	100
2:18:19:15	5	5	22	27.7591	99.5027	100
2:18:20:25	5	5	22	27.7591	99.5027	100
2:18:21:40	5	5	22	27.7591	99.5027	100
2:18:22:50	5	5	22	27.7591	99.5027	100
2:18:24:5	5	5	22	27.7591	99.5027	100
2:18:25:15	5	5	22	27.7591	99.5027	100
2:18:26:30	5	5	22	27.7591	99.5027	100
2:18:27:40	5	5	22	27.7591	99.5027	100
2:18:28:55	5	5	22	27.7591	99.5027	100
2:18:30:10	5	5	22	27.7591	99.5027	100
2:18:31:20	5	5	22	27.7591	99.5027	100
2:18:32:35	5	5	22	27.7591	99.5027	100
2:18:33:45	5	5	22	27.7591	99.5027	100
2:18:35:0	5	5	22	27.7591	99.5027	100
2:18:36:10	5	5	22	27.7591	99.5027	100
2:18:37:25	5	5	22	27.7591	99.5027	100
2:18:38:40	5	5	22	27.7591	99.5027	100
2:18:39:50	5	5	22	27.7591	99.5027	100
2:18:41:5	5	5	22	27.7591	99.5027	100
2:18:42:15	5	5	22	27.7591	99.5027	100
2:18:43:30	5	5	22	27.7591	99.5027	100
2:18:44:45	5	5	22	27.7591	99.5027	100
2:18:45:55	5	5	22	27.7591	99.5027	100
2:18:47:10	5	5	22	27.7591	99.5027	100
2:18:48:20	5	5	22	27.7591	99.5027	100
2:18:49:35	5	5	22	27.7591	99.5027	100
2:18:50:45	5	5	22	27.7591	99.5027	100
2:18:52:0	5	5	22	27.7591	99.5027	100
2:18:53:15	5	5	22	27.7591	99.5027	100
2:18:54:25	5	5	22	27.7591	99.5027	100
2:18:55:40	5	5	22	27.7591	99.5027	100
2:18:56:50	5	5	22	27.7591	99.5027	100
2:18:58:5	5	5	22	27.7591	99.5027	100
2:18:59:20	5	5	22	27.7591	99.5027	100
2:19:0:30	5	5	22	27.7591	99.5027	100
2:19:1:45	5	5	22	27.7591	99.5027	100
2:19:2:55	5	5	22	27.7591	99.5027	100
2:19:4:10	5	5	22	27.7591	99.5027	100
2:19:5:20	5	5	22	27.7591	99.5027	100
2:19:6:35	5	5	22	27.7591	99.5027	100
2:19:7:50	5	5	22	27.7591	99.5027	100
2:19:9:0	5	5	22	27.7591	99.5027	100
2:19:10:15	5	5	22	27.7591	99.5027	100
2:19:11:25	5	5	22	27.7591	99.5027	100
2:19:12:40	5	5	22	27.7591	99.5027	100
2:19:13:50	5	5	22	27.7591	99.5027	100
2:19:15:5	5	5	22	27.7591	99.5027	100
2:19:16:20	5	5	22	27.7591	99.5027	100
2:19:17:30	5	5	22	27.7591	99.5027	100
2:19:18:45	5	5	22	27.7591	99.5027	100
2:19:19:55	5	5	22	27.7591	99.5027	100
2:19:21:10	5	5	22	27.7591	99.5027	100
2:19:22:20	5	5	22	27.7591	99.5027	100
2:19:23:35	5	5	22	27.7591	99.5027	100
2:19:24:45	5	5	22	27.7591	99.5027	100
2:19:26:0	5	5	22	27.7591	99.5027	100
2:19:27:10	5	5	22	27.7591	99.5027	100
2:19:28:25	5	5	22	27.7591	99.5027	100
2:19:29:40	5	5	22	27.7591	99.5027	100
2:19:30:50	5	5	22	27.7591	99.5027	100
2:19:32:5	5	5	22	27.7591	99.5027	100
2:19:33:15	5	5	22	27.7591	99.5027	100
2:19:34:30	5	5	22	27.7591	99.5027	100
2:19:35:40	5	5	22	27.7591	99.5027	100
2:19:36:55	5	5	22	27.7591	99.5027	100
2:19:38:10	5	5	22	27.7591	99.5027	100
2:19:39:20	5	5	22	27.7591	99.5027	100
2:19:40:35	5	5	22	27.7591	99.5027	100
2:19:41:45	5	5	22	27.7591	99.5027	100
2:19:43:0	5	5	22	27.7591	99.5027	100
2:19:44:10	5	5	22	27.7591	99.5027	100
2:19:45:25	5	5	22	27.7591	99.5027	100
2:19:46:40	5	5	22	27.7591	99.5027	100
2:19:47:50	5	5	22	27.7591	99.5027	100
2:19:49:5	5	5	22	27.7591	99.5027	100
2:19:50:15	5	5	22	27.7591	99.5027	100
2:19:51:30	5	5	22	27.7591	99.5027	100
2:19:52:40	5	5	22	27.7591	99.5027	100
2:19:53:55	5	5	22	27.7591	99.5027	100
2:19:55:5	5	5	22	27.7591	99.5027	100
2:19:56:20	5	5	22	27.7591	99.5027	100
2:19:57:35	5	5	22	27.7591	99.5027	100
2:19:58:45	5	5	22	27.7591	99.5027	100
2:20:0:0	5	5	22	27.7591	99.5027	100
2:20:1:10	5	5	22	27.7591	99.5027	100
2:20:2:25	5	5	22	27.7591	99.5027	100
2:20:3:35	5	5	22	27.7591	99.5027	100
2:20:4:50	5	5	22	27.7591	99.5027	100
2:20:6:5	5	5	22	27.7591	99.5027	100
2:20:7:15	5	5	22	27.7591	99.5027	100
2:20:8:30	5	5	22	27.7591	99.5027	100
2:20:9:40	5	5	22	27.7591	99.5027	100
2:20:10:55	5	5	22	27.7591	99.5027	100
2:20:12:5	5	5	22	27.7591	99.5027	100
2:20:13:20	5	5	22	27.7591	99.5027	100
2:20:14:35	5	5	22	27.7591	99.5027	100
2:20:15:45	5	5	22	27.7591	99.5027	100
2:20:17:0	5	5	22	27.7591	99.5027	100
2:20:18:10	5	5	22	27.7591	99.5027	100
2:20:19:25	5	5	22	27.7591	99.5027	100
2:20:20:35	5	5	22	27.7591	99.5027	100
2:20:21:50	5	5	22	27.7591	99.5027	100
2:20:23:0	5	5	22	27.7591	99.5027	100
2:20:24:15	5	5	22	27.7591	99.5027	100
2:20:25:25	5	5	22	27.7591	99.5027	100
2:20:26:40	5	5	22	27.7591	99.5027	100
2:20:27:55	5	5	22	27.7591	99.5027	100
2:20:29:5	5	5	22	27.7591	99.5027	100
2:20:30:20	5	5	22	27.7591	99.5027	100
2:20:31:30	5	5	22	27.7591	99.5027	100
2:20:32:45	5	5	22	27.7591	99.5027	100
2:20:34:0	5	5	22	27.7591	99.5027	100
2:20:35:10	5	5	22	27.7591	99.5027	100
2:20:36:25	5	5	22	27.7591	99.5027	100
2:20:37:35	5	5	22	27.7591	99.5027	100
2:20:38:50	5	5	22	27.7591	99.5027	100
2:20:40:0	5	5	22	27.7591	99.5027	100
2:20:41:15	5	5	22	27.7591	99.5027	100
2:20:42:25	5	5	22	27.7591	99.5027	100
2:20:43:40	5	5	22	27.7591	99.5027	100
2:20:44:55	5	5	22	27.7591	99.5027	100
2:20:46:5	5	5	22	27.7591	99.5027	100
2:20:47:20	5	5	22	27.7591	99.5027	100
2:20:48:30	5	5	22	27.7591	99.5027	100
2:20:49:45	5	5	22	27.7591	99.5027	100
2:20:50:55	5	5	22	27.7591	99.5027	100
2:20:52:10	5	5	22	27.7591	99.5027	100
2:20:53:20	5	5	22	27.7591	99.5027	100
2:20:54:35	5	5	22	27.7591	99.5027	100
2:20:55:50	5	5	22	27.7591	99.5027	100
2:20:57:0	5	5	22	27.7591	99.5027	100
2:20:58:15	5	5	22	27.7591	99.5027	100
2:20:59:25	5	5	22	27.7591	99.5027	100
2:21:0:40	5	5	22	27.7591	99.5027	100
2:21:1:50	5	5	22	27.7591	99.5027	100
2:21:3:5	5	5	22	27.7591	99.5027	100
2:21:4:15	5	5	22	27.7591	99.5027	100
2:21:5:30	5	5	22	27.7591	99.5027	100
2:21:6:40	5	5	22	27.7591	99.5027	100
2:21:7:55	5	5	22	27.7591	99.5027	100
2:21:9:10	5	5	22	27.7591	99.5027	100
2:21:10:20	5	5	22	27.7591	99.5027	100
2:21:11:35	5	5	22	27.7591	99.5027	100
2:21:12:45	5	5	22	27.7591	99.5027	100
2:21:14:0	5	5	22	27.7591	99.5027	100
2:21:15:10	5	5	22	27.7591	99.5027	100
2:21:16:25	5	5	22	27.7591	99.5027	100
2:21:17:40	5	5	22	27.7591	99.5027	100
2:21:18:50	5	5	22	27.7591	99.5027	100
2:21:20:5	5	5	22	27.7591	99.5027	100
2:21:21:15	5	5	22	27.7591	99.5027	100
2:21:22:30	5	5	22	27.7591	99.5027	100
2:21:23:40	5	5	22	27.7591	99.5027	100
2:21:24:55	5	5	22	27.7591	99.5027	100
2:21:26:10	5	5	22	27.7591	99.5027	100
2:21:27:20	5	5	22	27.7591	99.5027	100
2:21:28:35	5	5	22	27.7591	99.5027	100
2:21:29:45	5	5	22	27.7591	99.5027	100
2:21:31:0	5	5	22	27.7591	99.5027	100
2:21:32:10	5	5	22	27.7591	99.5027	100
2:21:33:25	5	5	22	27.7591	99.5027	100
2:21:34:40	5	5	22	27.7591	99.5027	100
2:21:35:50	5	5	22	27.7591	99.5027	100
2:21:37:5	5	5	22	27.7591	99.5027	100
2:21:38:15	5	5	22	27.7591	99.5027	100
2:21:39:30	5	5	22	27.7591	99.5027	100
2:21:40:45	5	5	22	27.7591	99.5027	100
2:21:41:55	5	5	22	27.7591	99.5027	100
2:21:43:10	5	5	22	27.7591	99.5027	100
2:21:44:20	5	5	22	27.7591	99.5027	100
2:21:45:35	5	5	22	27.7591	99.5027	100
2:21:46:45	5	5	22	27.7591	99.5027	100
2:21:48:0	5	5	22	27.7591	99.5027	100
2:21:49:10	5	5	22	27.7591	99.5027	100
2:21:50:25	5	5	22	27.7591	99.5027	100
2:21:51:40	5	5	22	27.7591	99.5027	100
2:21:52:50	5	5	22	27.7591	99.5027	100
2:21:54:5	5	5	22	27.7591	99.5027	100
2:21:55:15	5	5	22	27.7591	99.5027	100
2:21:56:30	5	5	22	27.7591	99.5027	100
2:21:57:40	5	5	22	27.7591	99.5027	100
2:21:58:55	5	5	22	27.7591	99.5027	100
2:22:0:5	5	5	22	27.7591	99.5027	100
2:22:1:20	5	5	22	27.7591	99.5027	100
2:22:2:30	5	5	22	27.7591	99.5027	100
2:22:3:45	5	5	22	27.7591	99.5027	100
2:22:4:55	5	5	22	27.7591	99.5027	100
2:22:6:10	5	5	22	27.7591	99.5027	100
2:22:7:25	5	5	22	27.7591	99.5027	100
2:22:8:35	5	5	22	27.7591	99.5027	100
2:22:9:50	5	5	22	27.7591	99.5027	100
2:22:11:0	5	5	22	27.7591	99.5027	100
2:22:12:15	5	5	22	27.7591	99.5027	100
2:22:13:30	5	5	22	27.7591	99.5027	100
2:22:14:40	5	5	22	27.7591	99.5027	100
2:22:15:55	5	5	22	27.7591	99.5027	100
2:22:17:5	5	5	22	27.7591	99.5027	100
2:22:18:20	5	5	22	27.7591	99.5027	100
2:22:19:30	5	5	22	27.7591	99.5027	100
2:22:20:45	5	5	22	27.7591	99.5027	100
2:22:21:55	5	5	22	27.7591	99.5027	100
2:22:23:10	5	5	22	27.7591	99.5027	100
2:22:24:25	5	5	22	27.7591	99.5027	100
2:22:25:35	5	5	22	27.7591	99.5027	100
2:22:26:50	5	5	22	27.7591	99.5027	100
2:22:28:0	5	5	22	27.7591	99.5027	100
2:22:29:15	5	5	22	27.7591	99.5027	100
2:22:30:25	5	5	22	27.7591	99.5027	100
2:22:31:40	5	5	22	27.7591	99.5027	100
2:22:32:55	5	5	22	27.7591	99.5027	100
2:22:34:5	5	5	22	27.7591	99.5027	100
2:22:35:20	5	5	22	27.7591	99.5027	100
2:22:36:30	5	5	22	27.7591	99.5027	100
2:22:37:45	5	5	22	27.7591	99.5027	100
2:22:38:55	5	5	22	27.7591	99.5027	100
2:22:40:10	5	5	22	27.7591	99.5027	100
2:22:41:20	5	5	22	27.7591	99.5027	100
2:22:42:35	5	5	22	27.7591	99.5027	100
2:22:43:50	5	5	22	27.7591	99.5027	100
2:22:45:0	5	5	22	27.7591	99.5027	100
2:22:46:15	5	5	22	27.7591	99.5027	100
2:22:47:25	5	5	22	27.7591	99.5027	100
2:22:48:40	5	5	22	27.7591	99.5027	100
2:22:49:50	5	5	22	27.7591	99.5027	100
2:22:51:5	5	5	22	27.7591	99.5027	100
2:22:52:20	5	5	22	27.7591	99.5027	100
2:22:53:30	5	5	22	27.7591	99.5027	100
2:22:54:45	5	5	22	27.7591	99.5027	100
2:22:55:55	5	5	22	27.7591	99.5027	100
2:22:57:10	5	5	22	27.7591	99.5027	100
2:22:58:25	5	5	22	27.7591	99.5027	100
2:22:59:35	5	5	22	27.7591	99.5027	100
2:23:0:50	5	5	22	27.7591	99.5027	100
2:23:2:0	5	5	22	27.7591	99.5027	100
2:23:3:15	5	5	22	27.7591	99.5027	100
2:23:4:25	5	5	22	27.7591	99.5027	100
2:23:5:40	5	5	22	27.7591	99.5027	100
2:23:6:55	5	5	22	27.7591	99.5027	100
2:23:8:5	5	5	22	27.7591	99.5027	100
2:23:9:20	5	5	22	27.7591	99.5027	100
2:23:10:30	5	5	22	27.7591	99.5027	100
2:23:11:45	5	5	22	27.7591	99.5027	100
2:23:12:55	5	5	22	27.7591	99.5027	100
2:23:14:10	5	5	22	27.7591	99.5027	100
2:23:15:25	5	5	22	27.7591	99.5027	100
2:23:16:35	5	5	22	27.7591	99.5027	100
2:23:17:50	5	5	22	27.7591	99.5027	100
2:23:19:0	5	5	22	27.7591	99.5027	100
2:23:20:15	5	5	22	27.7591	99.5027	100
2:23:21:25	5	5	22	27.7591	99.5027	100
2:23:22:40	5	5	22	27.7591	99.5027	100
2:23:23:50	5	5	22	27.7591	99.5027	100
2:23:25:5	5	5	22	27.7591	99.5027	100
2:23:26:20	5	5	22	27.7591	99.5027	100
2:23:27:30	5	5	22	27.7591	99.5027	100
2:23:28:45	5	5	22	27.7591	99.5027	100
2:23:29:55	5	5	22	27.7591	99.5027	100
2:23:31:10	5	5	22	27.7591	99.5027	100
2:23:32:20	5	5	22	27.7591	99.5027	100
2:23:33:35	5	5	22	27.7591	99.5027	100
2:23:34:45	5	5	22	27.7591	99.5027	100
2:23:36:0	5	5	22	27.7591	99.5027	100
2:23:37:15	5	5	22	27.7591	99.5027	100
2:23:38:25	5	5	22	27.7591	99.5027	100
2:23:39:40	5	5	22	27.7591	99.5027	100
2:23:40:50	5	5	22	27.7591	99.5027	100
2:23:42:5	5	5	22	27.7591	99.5027	100
2:23:43:15	5	5	22	27.7591	99.5027	100
2:23:44:30	5	5	22	27.7591	99.5027	100
2:23:45:40	5	5	22	27.7591	99.5027	100
2:23:46:55	5	5	22	27.7591	99.5027	100
2:23:48:10	5	5	22	27.7591	99.5027	100
2:23:49:20	5	5	22	27.7591	99.5027	100
2:23:50:35	5	5	22	27.7591	99.5027	100
2:23:51:45	5	5	22	27.7591	99.5027	100
2:23:53:0	5	5	22	27.7591	99.5027	100
2:23:54:10	5	5	22	27.7591	99.5027	100
2:23:55:25	5	5	22	27.7591	99.5027	100
2:23:56:35	5	5	22	27.7591	99.5027	100
2:23:57:50	5	5	22	27.7591	99.5027	100
2:23:59:5	5	5	22	27.7591	99.5027	100
3:0:0:15	5	5	22	27.7591	99.5027	100
3:0:1:30	5	5	22	27.7591	99.5027	100
3:0:2:40	5	5	22	27.7591	99.5027	100
3:0:3:55	5	5	22	27.7591	99.5027	100
3:0:5:5	5	5	22	27.7591	99.5027	100
3:0:6:20	5	5	22	27.7591	99.5027	100
3:0:7:35	5	5	22	27.7591	99.5027	100
3:0:8:45	5	5	22	27.7591	99.5027	100
3:0:10:0	5	5	22	27.7591	99.5027	100
3:0:11:10	5	5	22	27.7591	99.5027	100
3:0:12:25	5	5	22	27.7591	99.5027	100
3:0:13:40	5	5	22	27.7591	99.5027	100
3:0:14:50	5	5	22	27.7591	99.5027	100
3:0:16:5	5	5	22	27.7591	99.5027	100
3:0:17:15	5	5	22	27.7591	99.5027	100
3:0:18:30	5	5	22	27.7591	99.5027	100
3:0:19:40	5	5	22	27.7591	99.5027	100
3:0:20:55	5	5	22	27.7591	99.5027	100
3:0:22:10	5	5	22	27.7591	99.5027	100
3:0:23:20	5	5	22	27.7591	99.5027	100
3:0:24:35	5	5	22	27.7591	99.5027	100
3:0:25:45	5	5	22	27.7591	99.5027	100
3:0:27:0	5	5	22	27.7591	99.5027	100
3:0:28:10	5	5	22	27.7591	99.5027	100
3:0:29:25	5	5	22	27.7591	99.5027	100
3:0:30:35	5	5	22	27.7591	99.5027	100
3:0:31:50	5	5	22	27.7591	99.5027	100
3:0:33:5	5	5	22	27.7591	99.5027	100
3:0:34:15	5	5	22	27.7591	99.5027	100
3:0:35:30	5	5	22	27.7591	99.5027	100
3:0:36:40	5	5	22	27.7591	99.5027	100
3:0:37:55	5	5	22	27.7591	99.5027	100
3:0:39:5	5	5	22	27.7591	99.5027	100
3:0:40:20	5	5	22	27.7591	99.5027	100
3:0:41:30	5	5	22	27.7591	99.5027	100
3:0:42:45	5	5	22	27.7591	99.5027	100
3:0:44:0	5	5	22	27.7591	99.5027	100
3:0:45:10	5	5	22	27.7591	99.5027	100
3:0:46:25	5	5	22	27.7591	99.5027	100
3:0:47:35	5	5	22	27.7591	99.5027	100
3:0:48:50	5	5	22	27.7591	99.5027	100
3:0:50:0	5	5	22	27.7591	99.5027	100
3:0:51:15	5	5	22	27.7591	99.5027	100
3:0:52:30	5	5	22	27.7591	99.5027	100
3:0:53:40	5	5	22	27.7591	99.5027	100
3:0:54:55	5	5	22	27.7591	99.5027	100
3:0:56:5	5	5	22	27.7591	99.5027	100
3:0:57:20	5	5	22	27.7591	99.5027	100
3:0:58:30	5	5	22	27.7591	99.5027	100
3:0:59:45	5	5	22	27.7591	99.5027	100
3:1:0:55	5	5	22	27.7591	99.5027	100
3:1:2:10	5	5	22	27.7591	99.5027	100
3:1:3:20	5	5	22	27.7591	99.5027	100
3:1:4:35	5	5	22	27.7591	99.5027	100
3:1:5:50	5	5	22	27.7591	99.5027	100
3:1:7:0	5	5	22	27.7591	99.5027	100
3:1:8:15	5	5	22	27.7591	99.5027	100
3:1:9:25	5	5	22	27.7591	99.5027	100
3:1:10:40	5	5	22	27.7591	99.5027	100
3:1:11:50	5	5	22	27.7591	99.5027	100
3:1:13:5	5	5	22	27.7591	99.5027	100
3:1:14:15	5	5	22	27.7591	99.5027	100
3:1:15:30	5	5	22	27.7591	99.5027	100
3:1:16:45	5	5	22	27.7591	99.5027	100
3:1:17:55	5	5	22	27.7591	99.5027	100
3:1:19:10	5	5	22	27.7591	99.5027	100
3:1:20:20	5	5	22	27.7591	99.5027	100
3:1:21:35	5	5	22	27.7591	99.5027	100
3:1:22:45	5	5	22	27.7591	99.5027	100
3:1:24:0	5	5	22	27.7591	99.5027	100
3:1:25:15	5	5	22	27.7591	99.5027	100
3:1:26:25	5	5	22	27.7591	99.5027	100
3:1:27:40	5	5	22	27.7591	99.5027	100
3:1:28:50	5	5	22	27.7591	99.5027	100
3:1:30:5	5	5	22	27.7591	99.5027	100
3:1:31:20	5	5	22	27.7591	99.5027	100
3:1:32:30	5	5	22	27.7591	99.5027	100
3:1:33:45	5	5	22	27.7591	99.5027	100
3:1:34:55	5	5	22	27.7591	99.5027	100
3:1:36:10	5	5	22	27.7591	99.5027	100
3:1:37:20	5	5	22	27.7591	99.5027	100
3:1:38:35	5	5	22	27.7591	99.5027	100
3:1:39:50	5	5	22	27.7591	99.5027	100
3:1:41:0	5	5	22	27.7591	99.5027	100
3:1:42:15	5	5	22	27.7591	99.5027	100
3:1:43:25	5	5	22	27.7591	99.5027	100
3:1:44:40	5	5	22	27.7591	99.5027	100
3:1:45:50	5	5	22	27.7591	99.5027	100
3:1:47:5	5	5	22	27.7591	99.5027	100
3:1:48:20	5	5	22	27.7591	99.5027	100
3:1:49:30	5	5	22	27.7591	99.5027	100
3:1:50:45	5	5	22	27.7591	99.5027	100
3:1:51:55	5	5	22	27.7591	99.5027	100
3:1:53:10	5	5	22	27.7591	99.5027	100
3:1:54:20	5	5	22	27.7591	99.5027	100
3:1:55:35	5	5	22	27.7591	99.5027	100
3:1:56:50	5	5	22	27.7591	99.5027	100
3:1:58:0	5	5	22	27.7591	99.5027	100
3:1:59:15	5	5	22	27.7591	99.5027	100
3:2:0:25	5	5	22	27.7591	99.5027	100
3:2:1:40	5	5	22	27.7591	99.5027	100
3:2:2:50	5	5	22	27.7591	99.5027	100
3:2:4:5	5	5	22	27.7591	99.5027	100
3:2:5:20	5	5	22	27.7591	99.5027	100
3:2:6:30	5	5	22	27.7591	99.5027	100
3:2:7:45	5	5	22	27.7591	99.5027	100
3:2:8:55	5	5	22	27.7591	99.5027	100
3:2:10:10	5	5	22	27.7591	99.5027	100
3:2:11:20	5	5	22	27.7591	99.5027	100
3:2:12:35	5	5	22	27.7591	99.5027	100
3:2:13:45	5	5	22	27.7591	99.5027	100
3:2:15:0	5	5	22	27.7591	99.5027	100
3:2:16:15	5	5	22	27.7591	99.5027	100
3:2:17:25	5	5	22	27.7591	99.5027	100
3:2:18:40	5	5	22	27.7591	99.5027	100
3:2:19:50	5	5	22	27.7591	99.5027	100
3:2:21:5	5	5	22	27.7591	99.5027	100
3:2:22:15	5	5	22	27.7591	99.5027	100
3:2:23:30	5	5	22	27.7591	99.5027	100
3:2:24:45	5	5	22	27.7591	99.5027	100
3:2:25:55	5	5	22	27.7591	99.5027	100
3:2:27:10	5	5	22	27.7591	99.5027	100
3:2:28:20	5	5	22	27.7591	99.5027	100
3:2:29:35	5	5	22	27.7591	99.5027	100
3:2:30:50	5	5	22	27.7591	99.5027	100
3:2:32:0	5	5	22	27.7591	99.5027	100
3:2:33:15	5	5	22	27.7591	99.5027	100
3:2:34:25	5	5	22	27.7591	99.5027	100
3:2:35:40	5	5	22	27.7591	99.5027	100
3:2:36:50	5	5	22	27.7591	99.5027	100
3:2:38:5	5	5	22	27.7591	99.5027	100
3:2:39:15	5	5	22	27.7591	99.5027	100
3:2:40:30	5	5	22	27.7591	99.5027	100
3:2:41:45	5	5	22	27.7591	99.5027	100
3:2:42:55	5	5	22	27.7591	99.5027	100
3:2:44:10	5	5	22	27.7591	99.5027	100
3:2:45:20	5	5	22	27.7591	99.5027	100
3:2:46:35	5	5	22	27.7591	99.5027	100
3:2:47:50	5	5	22	27.7591	99.5027	100
3:2:49:0	5	5	22	27.7591	99.5027	100
3:2:50:15	5	5	22	27.7591	99.5027	100
3:2:51:25	5	5	22	27.7591	99.5027	100
3:2:52:40	5	5	22	27.7591	99.5027	100
3:2:53:50	5	5	22	27.7591	99.5027	100
3:2:55:5	5	5	22	27.7591	99.5027	100
3:2:56:15	5	5	22	27.7591	99.5027	100
3:2:57:30	5	5	22	27.7591	99.5027	100
3:2:58:45	5	5	22	27.7591	99.5027	100
3:2:59:55	5	5	22	27.7591	99.5027	100
3:3:1:10	5	5	22	27.7591	99.5027	100
3:3:2:20	5	5	22	27.7591	99.5027	100
3:3:3:35	5	5	22	27.7591	99.5027	100
3:3:4:45	5	5	22	27.7591	99.5027	100
3:3:6:0	5	5	22	27.7591	99.5027	100
3:3:7:10	5	5	22	27.7591	99.5027	100
3:3:8:25	5	5	22	27.7591	99.5027	100
3:3:9:40	5	5	22	27.7591	99.5027	100
3:3:10:50	5	5	22	27.7591	99.5027	100
3:3:12:5	5	5	22	27.7591	99.5027	100
3:3:13:15	5	5	22	27.7591	99.5027	100
3:3:14:30	5	5	22	27.7591	99.5027	100
3:3:15:40	5	5	22	27.7591	99.5027	100
3:3:16:55	5	5	22	27.7591	99.5027	100
3:3:18:10	5	5	22	27.7591	99.5027	100
3:3:19:20	5	5	22	27.7591	99.5027	100
3:3:20:35	5	5	22	27.7591	99.5027	100
3:3:21:45	5	5	22	27.7591	99.5027	100
3:3:23:0	5	5	22	27.7591	99.5027	100
3:3:24:10	5	5	22	27.7591	99.5027	100
3:3:25:25	5	5	22	27.7591	99.5027	100
3:3:26:40	5	5	22	27.7591	99.5027	100
3:3:27:50	5	5	22	27.7591	99.5027	100
3:3:29:5	5	5	22	27.7591	99.5027	100
3:3:30:15	5	5	22	27.7591	99.5027	100
3:3:31:30	5	5	22	27.7591	99.5027	100
3:3:32:40	5	5	22	27.7591	99.5027	100
3:3:33:55	5	5	22	27.7591	99.5027	100
3:3:35:5	5	5	22	27.7591	99.5027	100
3:3:36:20	5	5	22	27.7591	99.5027	100
3:3:37:30	5	5	22	27.7591	99.5027	100
3:3:38:45	5	5	22	27.7591	99.5027	100
3:3:39:55	5	5	22	27.7591	99.5027	100
3:3:41:10	5	5	22	27.7591	99.5027	100
3:3:42:25	5	5	22	27.7591	99.5027	100
3:3:43:35	5	5	22	27.7591	99.5027	100
3:3:44:50	5	5	22	27.7591	99.5027	100
3:3:46:0	5	5	22	27.7591	99.5027	100
3:3:47:15	5	5	22	27.7591	99.5027	100
3:3:48:25	5	5	22	27.7591	99.5027	100
3:3:49:40	5	5	22	27.7591	99.5027	100
3:3:50:55	5	5	22	27.7591	99.5027	100
3:3:52:5	5	5	22	27.7591	99.5027	100
3:3:53:20	5	5	22	27.7591	99.5027	100
3:3:54:30	5	5	22	27.7591	99.5027	100
3:3:55:45	5	5	22	27.7591	99.5027	100
3:3:56:55	5	5	22	27.7591	99.5027	100
3:3:58:10	5	5	22	27.7591	99.5027	100
3:3:59:25	5	5	22	27.7591	99.5027	100
3:4:0:35	5	5	22	27.7591	99.5027	100
3:4:1:50	5	5	22	27.7591	99.5027	100
3:4:3:0	5	5	22	27.7591	99.5027	100
3:4:4:15	5	5	22	27.7591	99.5027	100
3:4:5:25	5	5	22	27.7591	99.5027	100
3:4:6:40	5	5	22	27.7591	99.5027	100
3:4:7:50	5	5	22	27.7591	99.5027	100
3:4:9:5	5	5	22	27.7591	99.5027	100
3:4:10:20	5	5	22	27.7591	99.5027	100
3:4:11:30	5	5	22	27.7591	99.5027	100
3:4:12:45	5	5	22	27.7591	99.5027	100
3:4:13:55	5	5	22	27.7591	99.5027	100
3:4:15:10	5	5	22	27.7591	99.5027	100
3:4:16:20	5	5	22	27.7591	99.5027	100
3:4:17:35	5	5	22	27.7591	99.5027	100
3:4:18:50	5	5	22	27.7591	99.5027	100
3:4:20:0	5	5	22	27.7591	99.5027	100
3:4:21:15	5	5	22	27.7591	99.5027	100
3:4:22:25	5	5	22	27.7591	99.5027	100
3:4:23:40	5	5	22	27.7591	99.5027	100
3:4:24:50	5	5	22	27.7591	99.5027	100
3:4:26:5	5	5	22	27.7591	99.5027	100
3:4:27:15	5	5	22	27.7591	99.5027	100
3:4:28:30	5	5	22	27.7591	99.5027	100
3:4:29:45	5	5	22	27.7591	99.5027	100
3:4:30:55	5	5	22	27.7591	99.5027	100
3:4:32:10	5	5	22	27.7591	99.5027	100
3:4:33:20	5	5	22	27.7591	99.5027	100
3:4:34:35	5	5	22	27.7591	99.5027	100
3:4:35:45	5	5	22	27.7591	99.5027	100
3:4:37:0	5	5	22	27.7591	99.5027	100
3:4:38:10	5	5	22	27.7591	99.5027	100
3:4:39:25	5	5	22	27.7591	99.5027	100
3:4:40:40	5	5	22	27.7591	99.5027	100
3:4:41:50	5	5	22	27.7591	99.5027	100
3:4:43:5	5	5	22	27.7591	99.5027	100
3:4:44:15	5	5	22	27.7591	99.5027	100
3:4:45:30	5	5	22	27.7591	99.5027	100
3:4:46:40	5	5	22	27.7591	99.5027	100
3:4:47:55	5	5	22	27.7591	99.5027	100
3:4:49:10	5	5	22	27.7591	99.5027	100
3:4:50:20	5	5	22	27.7591	99.5027	100
3:4:51:35	5	5	22	27.7591	99.5027	100
3:4:52:45	5	5	22	27.7591	99.5027	100
3:4:54:0	5	5	22	27.7591	99.5027	100
3:4:55:10	5	5	22	27.7591	99.5027	100
3:4:56:25	5	5	22	27.7591	99.5027	100
3:4:57:40	5	5	22	27.7591	99.5027	100
3:4:58:50	5	5	22	27.7591	99.5027	100
3:5:0:5	5	5	22	27.7591	99.5027	100
3:5:1:15	5	5	22	27.7591	99.5027	100
3:5:2:30	5	5	22	27.7591	99.5027	100
3:5:3:40	5	5	22	27.7591	99.5027	100
3:5:4:55	5	5	22	27.7591	99.5027	100
3:5:6:10	5	5	22	27.7591	99.5027	100
3:5:7:20	5	5	22	27.7591	99.5027	100
3:5:8:35	5	5	22	27.7591	99.5027	100
3:5:9:45	5	5	22	27.7591	99.5027	100
3:5:11:0	5	5	22	27.7591	99.5027	100
3:5:12:10	5	5	22	27.7591	99.5027	100
3:5:13:25	5	5	22	27.7591	99.5027	100
3:5:14:40	5	5	22	27.7591	99.5027	100
3:5:15:50	5	5	22	27.7591	99.5027	100
3:5:17:5	5	5	22	27.7591	99.5027	100
3:5:18:15	5	5	22	27.7591	99.5027	100
3:5:19:30	5	5	22	27.7591	99.5027	100
3:5:20:40	5	5	22	27.7591	99.5027	100
3:5:21:55	5	5	22	27.7591	99.5027	100
3:5:23:10	5	5	22	27.7591	99.5027	100
3:5:24:20	5	5	22	27.7591	99.5027	100
3:5:25:35	5	5	22	27.7591	99.5027	100
3:5:26:45	5	5	22	27.7591	99.5027	100
3:5:28:0	5	5	22	27.7591	99.5027	100
3:5:29:10	5	5	22	27.7591	99.5027	100
3:5:30:25	5	5	22	27.7591	99.5027	100
3:5:31:35	5	5	22	27.7591	99.5027	100
3:5:32:50	5	5	22	27.7591	99.5027	100
3:5:34:5	5	5	22	27.7591	99.5027	100
3:5:35:15	5	5	22	27.7591	99.5027	100
3:5:36:30	5	5	22	27.7591	99.5027	100
3:5:37:40	5	5	22	27.7591	99.5027	100
3:5:38:55	5	5	22	27.7591	99.5027	100
3:5:40:5	5	5	22	27.7591	99.5027	100
3:5:41:20	5	5	22	27.7591	99.5027	100
3:5:42:30	5	5	22	27.7591	99.5027	100
3:5:43:45	5	5	22	27.7591	99.5027	100
3:5:45:0	5	5	22	27.7591	99.5027	100
3:5:46:10	5	5	22	27.7591	99.5027	100
3:5:47:25	5	5	22	27.7591	99.5027	100
3:5:48:35	5	5	22	27.7591	99.5027	100
3:5:49:50	5	5	22	27.7591	99.5027	100
3:5:51:0	5	5	22	27.7591	99.5027	100
3:5:52:15	5	5	22	27.7591	99.5027	100
3:5:53:25	5	5	22	27.7591	99.5027	100
3:5:54:40	5	5	22	27.7591	99.5027	100
3:5:55:55	5	5	22	27.7591	99.5027	100
3:5:57:5	5	5	22	27.7591	99.5027	100
3:5:58:20	5	5	22	27.7591	99.5027	100
3:5:59:30	5	5	22	27.7591	99.5027	100
3:6:0:45	5	5	22	27.7591	99.5027	100
3:6:1:55	5	5	22	27.7591	99.5027	100
3:6:3:10	5	5	22	27.7591	99.5027	100
3:6:4:20	5	5	22	27.7591	99.5027	100
3:6:5:35	5	5	22	27.7591	99.5027	100
3:6:6:50	5	5	22	27.7591	99.5027	100
3:6:8:0	5	5	22	27.7591	99.5027	100
3:6:9:15	5	5	22	27.7591	99.5027	100
3:6:10:25	5	5	22	27.7591	99.5027	100
3:6:11:40	5	5	22	27.7591	99.5027	100
3:6:12:50	5	5	22	27.7591	99.5027	100
3:6:14:5	5	5	22	27.7591	99.5027	100
3:6:15:20	5	5	22	27.7591	99.5027	100
3:6:16:30	5	5	22	27.7591	99.5027	100
3:6:17:45	5	5	22	27.7591	99.5027	100
3:6:18:55	5	5	22	27.7591	99.5027	100
3:6:20:10	5	5	22	27.7591	99.5027	100
3:6:21:20	5	5	22	27.7591	99.5027	100
3:6:22:35	5	5	22	27.7591	99.5027	100
3:6:23:45	5	5	22	27.7591	99.5027	100
3:6:25:0	5	5	22	27.7591	99.5027	100
3:6:26:15	5	5	22	27.7591	99.5027	100
3:6:27:25	5	5	22	27.7591	99.5027	100
3:6:28:40	5	5	22	27.7591	99.5027	100
3:6:29:50	5	5	22	27.7591	99.5027	100
3:6:31:5	5	5	22	27.7591	99.5027	100
3:6:32:15	5	5	22	27.7591	99.5027	100
3:6:33:30	5	5	22	27.7591	99.5027	100
3:6:34:45	5	5	22	27.7591	99.5027	100
3:6:35:55	5	5	22	27.7591	99.5027	100
3:6:37:10	5	5	22	27.7591	99.5027	100
3:6:38:20	5	5	22	27.7591	99.5027	100
3:6:39:35	5	5	22	27.7591	99.5027	100
3:6:40:45	5	5	22	27.7591	99.5027	100
3:6:42:0	5	5	22	27.7591	99.5027	100
3:6:43:15	5	5	22	27.7591	99.5027	100
3:6:44:25	5	5	22	27.7591	99.5027	100
3:6:45:40	5	5	22	27.7591	99.5027	100
3:6:46:50	5	5	22	27.7591	99.5027	100
3:6:48:5	5	5	22	27.7591	99.5027	100
3:6:49:15	5	5	22	27.7591	99.5027	100
3:6:50:30	5	5	22	27.7591	99.5027	100
3:6:51:45	5	5	22	27.7591	99.5027	100
3:6:52:55	5	5	22	27.7591	99.5027	100
3:6:54:10	5	5	22	27.7591	99.5027	100
3:6:55:20	5	5	22	27.7591	99.5027	100
3:6:56:35	5	5	22	27.7591	99.5027	100
3:6:57:45	5	5	22	27.7591	99.5027	100
3:6:59:0	5	5	22	27.7591	99.5027	100
3:7:0:10	5	5	22	27.7591	99.5027	100
3:7:1:25	5	5	22	27.7591	99.5027	100
3:7:2:40	5	5	22	27.7591	99.5027	100
3:7:3:50	5	5	22	27.7591	99.5027	100
3:7:5:5	5	5	22	27.7591	99.5027	100
3:7:6:15	5	5	22	27.7591	99.5027	100
3:7:7:30	5	5	22	27.7591	99.5027	100
3:7:8:40	5	5	22	27.7591	99.5027	100
3:7:9:55	5	5	22	27.7591	99.5027	100
3:7:11:5	5	5	22	27.7591	99.5027	100
3:7:12:20	5	5	22	27.7591	99.5027	100
3:7:13:35	5	5	22	27.7591	99.5027	100
3:7:14:45	5	5	22	27.7591	99.5027	100
3:7:16:0	5	5	22	27.7591	99.5027	100
3:7:17:10	5	5	22	27.7591	99.5027	100
3:7:18:25	5	5	22	27.7591	99.5027	100
3:7:19:35	5	5	22	27.7591	99.5027	100
3:7:20:50	5	5	22	27.7591	99.5027	100
3:7:22:5	5	5	22	27.7591	99.5027	100
3:7:23:15	5	5	22	27.7591	99.5027	100
3:7:24:30	5	5	22	27.7591	99.5027	100
3:7:25:40	5	5	22	27.7591	99.5027	100
3:7:26:55	5	5	22	27.7591	99.5027	100
3:7:28:5	5	5	22	27.7591	99.5027	100
3:7:29:20	5	5	22	27.7591	99.5027	100
3:7:30:35	5	5	22	27.7591	99.5027	100
3:7:31:45	5	5	22	27.7591	99.5027	100
3:7:33:0	5	5	22	27.7591	99.5027	100
3:7:34:10	5	5	22	27.7591	99.5027	100
3:7:35:25	5	5	22	27.7591	99.5027	100
3:7:36:40	5	5	22	27.7591	99.5027	100
3:7:37:50	5	5	22	27.7591	99.5027	100
3:7:39:5	5	5	22	27.7591	99.5027	100
3:7:40:15	5	5	22	27.7591	99.5027	100
3:7:41:30	5	5	22	27.7591	99.5027	100
3:7:42:40	5	5	22	27.7591	99.5027	100
3:7:43:55	5	5	22	27.7591	99.5027	100
3:7:45:10	5	5	22	27.7591	99.5027	100
3:7:46:20	5	5	22	27.7591	99.5027	100
3:7:47:35	5	5	22	27.7591	99.5027	100
3:7:48:45	5	5	22	27.7591	99.5027	100
3:7:50:0	5	5	22	27.7591	99.5027	100
3:7:51:10	5	5	22	27.7591	99.5027	100
3:7:52:25	5	5	22	27.7591	99.5027	100
3:7:53:35	5	5	22	27.7591	99.5027	100
3:7:54:50	5	5	22	27.7591	99.5027	100
3:7:56:5	5	5	22	27.7591	99.5027	100
3:7:57:15	5	5	22	27.7591	99.5027	100
3:7:58:30	5	5	22	27.7591	99.5027	100
3:7:59:40	5	5	22	27.7591	99.5027	100
3:8:0:55	5	5	22	27.7591	99.5027	100
3:8:2:5	5	5	22	27.7591	99.5027	100
3:8:3:20	5	5	22	27.7591	99.5027	100
3:8:4:30	5	5	22	27.7591	99.5027	100
3:8:5:45	5	5	22	27.7591	99.5027	100
3:8:6:55	5	5	22	27.7591	99.5027	100
3:8:8:10	5	5	22	27.7591	99.5027	100
3:8:9:20	5	5	22	27.7591	99.5027	100
3:8:10:35	5	5	22	27.7591	99.5027	100
3:8:11:50	5	5	22	27.7591	99.5027	100
3:8:13:0	5	5	22	27.7591	99.5027	100
3:8:14:15	5	5	22	27.7591	99.5027	100
3:8:15:25	5	5	22	27.7591	99.5027	100
3:8:16:40	5	5	22	27.7591	99.5027	100
3:8:17:50	5	5	22	27.7591	99.5027	100
3:8:19:5	5	5	22	27.7591	99.5027	100
3:8:20:15	5	5	22	27.7591	99.5027	100
3:8:21:30	5	5	22	27.7591	99.5027	100
3:8:22:45	5	5	22	27.7591	99.5027	100
3:8:23:55	5	5	22	27.7591	99.5027	100
3:8:25:10	5	5	22	27.7591	99.5027	100
3:8:26:20	5	5	22	27.7591	99.5027	100
3:8:27:35	5	5	22	27.7591	99.5027	100
3:8:28:45	5	5	22	27.7591	99.5027	100
3:8:30:0	5	5	22	27.7591	99.5027	100
3:8:31:15	5	5	22	27.7591	99.5027	100
3:8:32:25	5	5	22	27.7591	99.5027	100
3:8:33:40	5	5	22	27.7591	99.5027	100
3:8:34:50	5	5	22	27.7591	99.5027	100
3:8:36:5	5	5	22	27.7591	99.5027	100
3:8:37:15	5	5	22	27.7591	99.5027	100
3:8:38:30	5	5	22	27.7591	99.5027	100
3:8:39:40	5	5	22	27.7591	99.5027	100
3:8:40:55	5	5	22	27.7591	99.5027	100
3:8:42:10	5	5	22	27.7591	99.5027	100
3:8:43:20	5	5	22	27.7591	99.5027	100
3:8:44:35	5	5	22	27.7591	99.5027	100
3:8:45:45	5	5	22	27.7591	99.5027	100
3:8:47:0	5	5	22	27.7591	99.5027	100
3:8:48:10	5	5	22	27.7591	99.5027	100
3:8:49:25	5	5	22	27.7591	99.5027	100
3:8:50:40	5	5	22	27.7591	99.5027	100
3:8:51:50	5	5	22	27.7591	99.5027	100
3:8:53:5	5	5	22	27.7591	99.5027	100
3:8:54:15	5	5	22	27.7591	99.5027	100
3:8:55:30	5	5	22	27.7591	99.5027	100
3:8:56:40	5	5	22	27.7591	99.5027	100
3:8:57:55	5	5	22	27.7591	99.5027	100
3:8:59:10	5	5	22	27.7591	99.5027	100
3:9:0:20	5	5	22	27.7591	99.5027	100
3:9:1:35	5	5	22	27.7591	99.5027	100
3:9:2:45	5	5	22	27.7591	99.5027	100
3:9:4:0	5	5	22	27.7591	99.5027	100
3:9:5:10	5	5	22	27.7591	99.5027	100
3:9:6:25	5	5	22	27.7591	99.5027	100
3:9:7:40	5	5	22	27.7591	99.5027	100
3:9:8:50	5	5	22	27.7591	99.5027	100
3:9:10:5	5	5	22	27.7591	99.5027	100
3:9:11:15	5	5	22	27.7591	99.5027	100
3:9:12:30	5	5	22	27.7591	99.5027	100
3:9:13:45	5	5	22	27.7591	99.5027	100
3:9:14:55	5	5	22	27.7591	99.5027	100
3:9:16:10	5	5	22	27.7591	99.5027	100
3:9:17:20	5	5	22	27.7591	99.5027	100
3:9:18:35	5	5	22	27.7591	99.5027	100
3:9:19:45	5	5	22	27.7591	99.5027	100
3:9:21:0	5	5	22	27.7591	99.5027	100
3:9:22:10	5	5	22	27.7591	99.5027	100
3:9:23:25	5	5	22	27.7591	99.5027	100
3:9:24:40	5	5	22	27.7591	99.5027	100
3:9:25:50	5	5	22	27.7591	99.5027	100
3:9:27:5	5	5	22	27.7591	99.5027	100
3:9:28:15	5	5	22	27.7591	99.5027	100
3:9:29:30	5	5	22	27.7591	99.5027	100
3:9:30:40	5	5	22	27.7591	99.5027	100
3:9:31:55	5	5	22	27.7591	99.5027	100
3:9:33:5	5	5	22	27.7591	99.5027	100
3:9:34:20	5	5	22	27.7591	99.5027	100
3:9:35:30	5	5	22	27.7591	99.5027	100
3:9:36:45	5	5	22	27.7591	99.5027	100
3:9:38:0	5	5	22	27.7591	99.5027	100
3:9:39:10	5	5	22	27.7591	99.5027	100
3:9:40:25	5	5	22	27.7591	99.5027	100
3:9:41:35	5	5	22	27.7591	99.5027	100
3:9:42:50	5	5	22	27.7591	99.5027	100
3:9:44:0	5	5	22	27.7591	99.5027	100
3:9:45:15	5	5	22	27.7591	99.5027	100
3:9:46:30	5	5	22	27.7591	99.5027	100
3:9:47:40	5	5	22	27.7591	99.5027	100
3:9:48:55	5	5	22	27.7591	99.5027	100
3:9:50:5	5	5	22	27.7591	99.5027	100
3:9:51:20	5	5	22	27.7591	99.5027	100
3:9:52:30	5	5	22	27.7591	99.5027	100
3:9:53:45	5	5	22	27.7591	99.5027	100
3:9:55:0	5	5	22	27.7591	99.5027	100
3:9:56:10	5	5	22	27.7591	99.5027	100
3:9:57:25	5	5	22	27.7591	99.5027	100
3:9:58:35	5	5	22	27.7591	99.5027	100
3:9:59:50	5	5	22	27.7591	99.5027	100
3:10:1:0	5	5	22	27.7591	99.5027	100
3:10:2:15	5	5	22	27.7591	99.5027	100
3:10:3:30	5	5	22	27.7591	99.5027	100
3:10:4:40	5	5	22	27.7591	99.5027	100
3:10:5:55	5	5	22	27.7591	99.5027	100
3:10:7:5	5	5	22	27.7591	99.5027	100
3:10:8:20	5	5	22	27.7591	99.5027	100
3:10:9:35	5	5	22	27.7591	99.5027	100
3:10:10:45	5	5	22	27.7591	99.5027	100
3:10:12:0	5	5	22	27.7591	99.5027	100
3:10:13:10	5	5	22	27.7591	99.5027	100
3:10:14:25	5	5	22	27.7591	99.5027	100
3:10:15:35	5	5	22	27.7591	99.5027	100
3:10:16:50	5	5	22	27.7591	99.5027	100
3:10:18:5	5	5	22	27.7591	99.5027	100
3:10:19:15	5	5	22	27.7591	99.5027	100
3:10:20:30	5	5	22	27.7591	99.5027	100
3:10:21:40	5	5	22	27.7591	99.5027	100
3:10:22:55	5	5	22	27.7591	99.5027	100
3:10:24:5	5	5	22	27.7591	99.5027	100
3:10:25:20	5	5	22	27.7591	99.5027	100
3:10:26:30	5	5	22	27.7591	99.5027	100
3:10:27:45	5	5	22	27.7591	99.5027	100
3:10:29:0	5	5	22	27.7591	99.5027	100
3:10:30:10	5	5	22	27.7591	99.5027	100
3:10:31:25	5	5	22	27.7591	99.5027	100
3:10:32:35	5	5	22	27.7591	99.5027	100
3:10:33:50	5	5	22	27.7591	99.5027	100
3:10:35:0	5	5	22	27.7591	99.5027	100
3:10:36:15	5	5	22	27.7591	99.5027	100
3:10:37:25	5	5	22	27.7591	99.5027	100
3:10:38:40	5	5	22	27.7591	99.5027	100
3:10:39:55	5	5	22	27.7591	99.5027	100
3:10:41:5	5	5	22	27.7591	99.5027	100
3:10:42:20	5	5	22	27.7591	99.5027	100
3:10:43:30	5	5	22	27.7591	99.5027	100
3:10:44:45	5	5	22	27.7591	99.5027	100
3:10:45:10	5	5	22	27.7591	99.5027	100
3:10:45:10	5	5	22	27.7591	99.5027	100
3:10:45:10	5	5	22	27.7591	99.5027	100
3:10:45:10	5	5	22	27.7591	99.5027	100
3:10:45:10	5	5	22	27.7591	99.5027	100
3:10:45:10	5	5	22	27.7591	99.5027	100
3:10:45:10	5	5	22	27.7591	99.5027	100
3:10:45:10	5	5	22	27.7591	99.5027	100
3:10:45:10	5	5	22	27.7591	99.5027	100
3:10:45:10	5	5	22	27.7591	99.5027	100
3:10:45:10	5	5	22	27.7591	99.5027	100
3:10:45:10	5	5	22	27.7591	99.5027	100
3:10:45:10	5	5	22	27.7591	99.5027	100
3:10:45:10	5	5	22	27.7591	99.5027	100
3:10:45:10	5	5	22	27.7591	99.5027	100
3:10:45:10	5	5	22	27.7591	99.5027	100
3:10:45:10	5	5	22	27.7591	99.5027	100
3:10:45:10	5	5	22	27.7591	99.5027	100
3:10:45:10	5	5	22	27.7591	99.5027	100
3:10:45:10	5	5	22	27.7591	99.5027	100
3:10:45:10	5	5	22	27.7591	99.5027	100
3:10:45:10	5	5	22	27.7591	99.5027	100
3:10:45:10	5	5	22	27.7591	99.5027	100
3:10:45:10	5	5	22	27.7591	99.5027	100
3:10:45:10	5	5	22	27.7591	99.5027	100
3:10:45:10	5	5	22	27.7591	99.5027	100
3:10:45:10	5	5	22	27.7591	99.5027	100
3:10:45:10	5	5	22	27.7591	99.5027	100
3:10:45:10	5	5	22	27.7591	99.5027	100
3:10:45:10	5	5	22	27.7591	99.5027	100
3:10:45:10	5	5	22	27.7591	99.5027	100
3:10:45:10	5	5	22	27.7591	99.5027	100
3:10:45:10	5	5	22	27.7591	99.5027	100
3:10:45:10	5	5	22	27.7591	99.5027	100
3:10:45:10	5	5	22	27.7591	99.5027	100
3:10:45:10	5	5	22	27.7591	99.5027	100
3:10:45:10	5	5	22	27.7591	99.5027	100
3:10:45:10	5	5	22	27.7591	99.5027	100
3:10:45:10	5	5	22	27.7591	99.5027	100
3:10:45:10	5	5	22	27.7591	99.5027	100
3:10:45:10	5	5	22	27.7591	99.5027	100
3:10:45:10	5	5	22	27.7591	99.5027	100
3:10:45:10	5	5	22	27.7591	99.5027	100
3:10:45:10	5	5	22	27.7591	99.5027	100
3:10:45:10	5	5	22	27.7591	99.5027	100
3:10:45:10	5	5	22	27.7591	99.5027	100
3:10:45:10	5	5	22	27.7591	99.5027	100
3:10:45:10	5	5	22	27.7591	99.5027	100
3:10:45:10	5	5	22	27.7591	99.5027	100
3:10:45:10	5	5	22	27.7591	99.5027	100
3:10:45:10	5	5	22	27.7591	99.5027	100
3:10:45:10	5	5	22	27.7591	99.5027	100
3:10:45:10	5	5	22	27.7591	99.5027	100
3:10:45:10	5	5	22	27.7591	99.5027	100
3:10:45:10	5	5	22	27.7591	99.5027	100
3:10:45:10	5	5	22	27.7591	99.5027	100
3:10:45:10	5	5	22	27.7591	99.5027	100
3:10:45:10	5	5	22	27.7591	99.5027	100
3:10:45:10	5	5	22	27.7591	99.5027	100
3:10:45:10	5	5	22	27.7591	99.5027	100
3:10:45:10	5	5	22	27.7591	99.5027	100
3:10:45:10	5	5	22	27.7591	99.5027	100
3:10:45:10	5	5	22	27.7591	99.5027	100
3:10:45:10	5	5	22	27.7591	99.5027	100
3:10:45:10	5	5	22	27.7591	99.5027	100
3:10:45:10	5	5	22	27.7591	99.5027	100
3:10:45:10	5	5	22	27.7591	99.5027	100
3:10:45:10	5	5	22	27.7591	99.5027	100
3:10:45:10	5	5	22	27.7591	99.5027	100
3:10:45:10	5	5	22	27.7591	99.5027	100
3:10:45:10	5	5	22	27.7591	99.5027	100
3:10:45:10	5	5	22	27.7591	99.5027	100
3:10:45:10	5	5	22	27.7591	99.5027	100
3:8:1:15	5	5	22	29.7443	99.3262	100
3:8:2:25	5	5	22	28.306	99.5172	100
3:8:3:40	5	5	22	27.9809	28.8936	28.114500000000135
3:8:4:50	5	5	22	27.7952	43.608	44.07899999999995
3:8:6:5	5	5	22	25.0466	62.2214	62.610000000000156
3:8:7:15	5	5	22	25.0466	0.0	0
3:8:8:25	5	5	22	24.9837	28.5277	28.976000000000006
3:8:9:40	5	5	22	24.6227	39.5295	39.80599999999983
3:8:10:50	5	5	22	24.1453	30.2423	29.76899999999979
3:8:12:5	5	5	22	24.2065	11.7451	11.269499999999827
3:8:13:15	5	5	22	24.4311	28.3526	28.66699999999978
3:8:14:30	5	5	22	23.9573	54.7237	55.11549999999994
3:8:15:45	5	5	22	23.4274	33.4836	32.981999999999886
3:8:16:55	5	5	22	23.3988	8.5804	8.044499999999793
3:8:18:5	5	5	22	23.4621	15.397	15.828999999999983
3:8:19:15	5	5	22	23.3554	27.0846	27.396999999999846
3:8:20:30	5	5	22	23.4587	27.0846	26.92199999999985
3:8:21:40	5	5	22	23.3146	41.0327	41.46349999999991
3:8:22:55	5	5	22	23.0629	38.6327	38.153499999999795
3:8:24:10	5	5	22	22.8634	28.3965	27.827999999999825
3:8:25:20	5	5	22	22.8634	20.9299	20.435999999999787
3:8:26:35	5	5	22	22.7286	25.3575	25.750499999999782
3:8:27:45	5	5	22	23.0964	21.0894	20.631499999999882
3:8:29:0	5	5	22	22.3231	50.2301	50.694499999999806
3:8:30:15	5	5	22	22.4867	0.0	0.20649999999987756
3:8:31:25	5	5	22	22.5862	16.8183	17.140499999999793
3:8:32:40	5	5	22	22.4948	25.3816	25.720999999999975
3:8:33:50	5	5	22	22.8737	22.2875	21.75649999999996
3:8:35:5	5	5	22	22.032	50.7618	51.210499999999826
3:8:36:15	5	5	22	22.1941	0.0	0
3:8:37:30	5	5	22	22.3254	15.2181	15.715499999999913
3:8:38:40	5	5	22	22.5748	24.6614	25.06649999999988
3:8:39:55	5	5	22	22.9001	43.1124	43.494999999999976
3:8:41:10	5	5	22	21.0496	67.5519	67.89299999999987
3:8:42:20	5	5	22	21.189	0.0	0
3:8:43:35	5	5	22	21.3408	13.8337	14.25849999999988
3:8:44:45	5	5	22	21.8708	19.7926	20.132499999999993
3:8:46:0	5	5	22	22.2875	52.8605	53.177499999999824
3:8:47:10	5	5	22	20.4722	78.6734	79.0505
3:8:48:25	5	5	22	20.6071	0.0	0
3:8:49:40	5	5	22	20.8058	10.4036	10.880499999999884
3:8:50:50	5	5	22	21.231	16.7672	17.15050000000005
3:8:52:5	5	5	22	21.6131	39.6497	39.95000000000006
3:8:53:15	5	5	22	20.7416	60.2634	60.7259999999999
3:8:54:25	5	5	22	20.8728	0.0	0
3:8:55:35	5	5	22	21.0906	6.8174	7.2495000000002285
3:8:56:50	5	5	22	21.5386	15.8305	16.203500000000002
3:8:58:0	5	5	22	21.9323	41.5528	41.92750000000004
3:8:59:15	5	5	22	20.6065	64.634	64.93950000000021
3:9:0:25	5	5	22	20.6065	0.0	0
3:9:1:40	5	5	22	21.0989	0.0	0
3:9:2:55	5	5	22	21.1557	27.0899	27.5005
3:9:4:5	5	5	22	21.3538	24.9675	24.508999999999936
3:9:5:20	5	5	22	21.2534	33.531	33.87049999999995
3:9:6:25	5	5	22	21.2534	23.1922	22.620999999999913
3:9:7:40	5	5	22	21.1648	19.8605	19.38999999999991
3:9:8:50	5	5	22	21.4504	9.9401	9.454999999999938
3:9:10:5	5	5	22	21.3904	25.4406	25.713999999999846
3:9:11:15	5	5	22	21.479	17.8374	17.337999999999933
3:9:12:30	5	5	22	21.5402	20.4773	20.791999999999895
3:9:13:45	5	5	22	22.0706	21.6472	22.027999999999857
3:9:14:55	5	5	22	22.5624	56.2062	56.55099999999987
3:9:16:10	5	5	22	19.6124	88.3778	88.67799999999994
3:9:17:20	5	5	22	19.56	1.1282	0
3:9:18:35	5	5	22	19.9736	0.0	0
3:9:19:50	5	5	22	20.0765	16.6963	17.014000000000173
3:9:21:0	5	5	22	20.2516	12.4732	12.017000000000042
3:9:22:15	5	5	22	20.5544	13.7177	14.142000000000081
3:9:23:25	5	5	22	20.656	25.408	25.72050000000017
3:9:24:40	5	5	22	20.7775	24.5827	24.090500000000006
3:9:25:50	5	5	22	21.1348	24.8902	25.367500000000085
3:9:27:5	5	5	22	20.9788	43.2783	43.65849999999998
3:9:28:20	5	5	22	20.9788	27.0798	26.626000000000065
3:9:29:30	5	5	22	21.0371	22.7598	22.300000000000058
3:9:30:45	5	5	22	21.1689	21.7988	21.274999999999995
3:9:31:55	5	5	22	21.5026	24.9471	25.395000000000127
3:9:33:10	5	5	22	20.7809	43.5513	43.939500000000145
3:9:34:20	5	5	22	20.9407	0.0	0
3:9:35:35	5	5	22	21.4405	8.3737	8.699000000000048
3:9:36:45	5	5	22	21.8769	37.135	37.58950000000007
3:9:38:0	5	5	22	22.417	62.4762	62.841
3:9:39:15	5	5	22	19.2918	97.4971	97.85050000000018
3:9:40:25	5	5	22	18.9728	1.214	0
3:9:41:40	5	5	22	19.4831	0.0	0
3:9:42:50	5	5	22	19.5591	21.9054	22.180000000000053
3:9:44:5	5	5	22	19.7339	12.8333	12.364000000000086
3:9:45:10	5	5	22	19.9174	12.5813	12.015499999999921
3:9:46:25	5	5	22	20.237	12.5813	12.65600000000008
3:9:47:40	5	5	22	20.6136	23.199	23.69749999999991
3:9:48:50	5	5	22	20.1923	39.349	39.646500000000145
3:9:50:5	5	5	22	20.4317	1.8946	1.3404999999999845
3:9:51:15	5	5	22	20.6577	10.8014	11.166499999999981
3:9:52:30	5	5	22	21.1871	17.5259	17.947999999999915
3:9:53:45	5	5	22	20.7524	46.6992	47.16450000000009
3:9:54:55	5	5	22	20.9589	10.6661	10.024000000000122
3:9:56:10	5	5	22	21.0829	20.0163	20.41450000000001
3:9:57:20	5	5	22	21.1375	22.5634	22.856499999999933
3:9:58:35	5	5	22	21.4884	21.9813	21.472999999999978
3:9:59:45	5	5	22	21.2837	41.0432	41.45049999999992
3:10:1:0	5	5	22	21.397	23.2776	22.808999999999987
3:10:2:10	5	5	22	21.4057	27.7777	28.1819999999999
3:10:3:25	5	5	22	21.3798	25.6671	25.20949999999997
3:10:4:40	5	5	22	21.7097	20.8594	20.38149999999996
3:10:5:50	5	5	22	21.5571	40.0915	40.5030000000001
3:10:7:5	5	5	22	21.6146	27.1915	26.719999999999875
3:10:8:15	5	5	22	21.5822	28.9604	29.293499999999952
3:10:9:30	5	5	22	21.5822	25.3785	24.811000000000007
3:10:10:45	5	5	22	21.8819	23.3895	22.884000000000004
3:10:11:55	5	5	22	21.5911	41.4054	41.7740000000001
3:10:13:10	5	5	22	21.6543	19.7757	19.329000000000043
3:10:14:20	5	5	22	21.6543	22.7662	23.162499999999937
3:10:15:35	5	5	22	22.0444	21.6726	21.11799999999994
3:10:16:45	5	5	22	21.7238	46.3473	46.69649999999996
3:10:18:0	5	5	22	21.8374	22.9845	22.52600000000003
3:10:19:10	5	5	22	21.8374	30.2227	30.6999999999999
3:10:20:25	5	5	22	21.7304	29.7781	29.318999999999903
3:10:21:40	5	5	22	21.6567	21.471	21.015999999999945
3:10:22:50	5	5	22	21.7712	15.5626	15.044000000000025
3:10:24:5	5	5	22	22.1215	21.3797	21.710999999999995
3:10:25:15	5	5	22	22.543	44.2164	44.515500000000046
3:10:26:30	5	5	22	20.9192	72.4362	72.87649999999992
3:10:27:40	5	5	22	21.1966	0.0	0
3:10:28:55	5	5	22	21.3005	21.8596	22.133000000000003
3:10:30:5	5	5	22	21.6904	23.6582	24.001999999999963
3:10:31:20	5	5	22	22.1095	46.9666	47.27800000000002
3:10:32:30	5	5	22	20.5164	72.7414	73.11750000000004
3:10:33:45	5	5	22	20.7955	0.0	0
3:10:35:0	5	5	22	20.9658	19.6573	20.08449999999998
3:10:36:10	5	5	22	21.3642	24.1797	24.587500000000055
3:10:37:25	5	5	22	21.8514	46.176	46.452999999999975
3:10:38:35	5	5	22	20.0958	74.9317	75.38600000000008
3:10:39:50	5	5	22	20.3771	1.0018	0
3:10:41:5	5	5	22	20.5615	18.5971	18.947999999999876
3:10:42:15	5	5	22	20.6479	21.8723	22.334999999999887
3:10:43:30	5	5	22	21.0897	20.745	20.26849999999996
3:10:44:40	5	5	22	21.6355	43.6998	44.001999999999995
3:10:45:55	5	5	22	21.0581	75.1605	75.44749999999999
3:10:47:10	5	5	22	21.0581	31.077	30.477999999999938
3:10:48:20	5	5	22	21.1595	29.1612	28.65549999999994
3:10:49:35	5	5	22	20.9386	30.7533	31.044000000000057
3:10:50:45	5	5	22	21.1344	11.3556	10.871500000000033
3:10:52:0	5	5	22	21.2252	20.0275	20.37499999999993
3:10:53:10	5	5	22	21.5998	21.0999	21.424000000000042
3:10:54:25	5	5	22	22.0081	43.0424	43.317999999999856
3:10:55:40	5	5	22	20.668	67.6787	68.02499999999989
3:10:56:50	5	5	22	20.9483	0.0	0
3:10:58:5	5	5	22	21.1149	19.2494	19.661500000000025
3:10:59:15	5	5	22	21.1149	24.1902	24.66349999999995
3:11:0:30	5	5	22	21.6371	19.865	19.404999999999948
3:11:1:45	5	5	22	21.2398	51.248	51.533500000000046
3:11:2:55	5	5	22	21.4145	19.8946	19.296999999999947
3:11:4:10	5	5	22	21.4145	29.3085	29.711500000000047
3:11:5:20	5	5	22	21.3941	26.3647	25.91050000000004
3:11:6:35	5	5	22	21.7199	22.0795	21.55500000000014
3:11:7:45	5	5	22	21.168	41.0301	41.43349999999996
3:11:9:0	5	5	22	21.4323	0.0	0
3:11:10:15	5	5	22	21.7439	16.7798	17.10050000000015
3:11:11:25	5	5	22	22.1189	34.4006	34.75250000000004
3:11:12:40	5	5	22	21.4703	57.8489	58.164000000000044
3:11:13:50	5	5	22	21.6704	12.2147	11.481500000000167
3:11:15:5	5	5	22	21.7107	25.6776	26.0830000000001
3:11:16:15	5	5	22	21.6583	25.9265	26.2555
3:11:17:30	5	5	22	21.5716	21.4729	20.9395000000001
3:11:18:40	5	5	22	21.7598	13.9981	13.424000000000063
3:11:19:55	5	5	22	22.1254	24.4065	24.889499999999952
3:11:21:10	5	5	22	21.3451	48.0201	48.339499999999994
3:11:22:20	5	5	22	21.4716	0.0	0
3:11:23:35	5	5	22	21.9528	9.1023	9.482
3:11:24:45	5	5	22	21.4716	39.3968	39.89150000000008
3:11:26:0	5	5	22	21.7233	4.1996	3.565499999999986
3:11:27:10	5	5	22	21.8396	20.6369	20.948499999999957
3:11:28:25	5	5	22	22.231	26.1549	26.447500000000126
3:11:29:35	5	5	22	21.9911	52.0819	52.462000000000174
3:11:30:50	5	5	22	21.9911	35.389	34.86700000000002
3:11:32:5	5	5	22	21.7933	35.6084	36.02200000000003
3:11:33:15	5	5	22	21.8157	22.6728	22.131499999999964
3:11:34:30	5	5	22	22.0058	23.2616	23.655000000000037
3:11:35:40	5	5	22	21.8803	35.5829	35.9285000000001
3:11:36:55	5	5	22	21.8803	26.688	26.22199999999993
3:11:38:5	5	5	22	21.9241	26.688	26.250999999999934
3:11:39:20	5	5	22	21.9241	28.4042	28.71849999999999
3:11:40:30	5	5	22	21.9123	28.4042	28.119999999999983
3:11:41:45	5	5	22	21.9123	27.3755	26.914499999999915
3:11:43:0	5	5	22	21.9123	27.0338	26.53499999999991
3:11:44:10	5	5	22	21.8476	26.5645	26.096499999999903
3:11:45:25	5	5	22	22.2409	21.6847	21.129000000000005
3:11:46:35	5	5	22	21.9176	47.8337	48.22149999999999
3:11:47:50	5	5	22	21.9176	25.2815	24.828500000000012
3:11:49:0	5	5	22	21.9176	25.5796	26.033000000000012
3:11:50:15	5	5	22	21.9176	25.5796	25.621000000000013
3:11:51:25	5	5	22	22.2113	25.5796	25.209000000000014
3:11:52:40	5	5	22	21.9266	44.9398	45.356000000000094
3:11:53:55	5	5	22	21.9266	25.4995	25.015000000000036
3:11:55:5	5	5	22	22.0769	25.7467	26.071500000000043
3:11:56:20	5	5	22	22.0769	35.7766	36.2254999999999
3:11:57:30	5	5	22	21.775	35.7766	35.8584999999999
3:11:58:45	5	5	22	21.6451	35.7766	15.109999999999904
3:11:59:55	5	5	22	21.9002	6.8974	6.401499999999949
3:12:1:10	5	5	22	22.0082	22.8436	23.133500000000105
3:12:2:25	5	5	22	22.4238	28.6008	28.91899999999989
3:12:3:35	5	5	22	21.4557	57.0653	57.511999999999986
3:12:4:50	5	5	22	21.7569	0.0	0
3:12:6:0	5	5	22	21.8669	22.9022	23.203000000000102
3:12:7:15	5	5	22	21.8669	27.7264	28.181500000000064
3:12:8:25	5	5	22	22.2395	27.4354	26.966000000000072
3:12:9:40	5	5	22	21.5845	52.0371	52.38249999999997
3:12:10:50	5	5	22	21.8474	6.5983	5.866999999999898
3:12:12:5	5	5	22	22.1264	6.3885	25.46750000000003
3:12:13:20	5	5	22	21.9356	42.5443	42.920000000000016
3:12:14:30	5	5	22	21.0785	29.2774	28.80100000000006
3:12:15:45	5	5	22	21.3974	0.0	0
3:12:16:55	5	5	22	21.5077	21.5054	22.001000000000204
3:12:18:10	5	5	22	21.6998	24.6762	25.114500000000106
3:12:19:20	5	5	22	22.162	35.0722	35.548500000000104
3:12:20:35	5	5	22	21.3348	64.9571	65.44100000000006
3:12:21:50	5	5	22	21.6111	6.731	6.0360000000002145
3:12:23:0	5	5	22	21.6111	25.7822	26.187000000000147
3:12:24:15	5	5	22	21.7159	23.3431	22.861000000000153
3:12:25:25	5	5	22	22.1539	27.8475	28.252500000000218
3:12:26:40	5	5	22	21.359	56.516	56.96800000000014
3:12:27:50	5	5	22	21.657	0.0	0
3:12:29:5	5	5	22	21.8348	21.1472	21.62949999999988
3:12:30:15	5	5	22	22.2888	30.474	30.87049999999998
3:12:31:30	5	5	22	21.1068	60.4492	60.93549999999978
3:12:32:45	5	5	22	21.4158	0.0	0
3:12:33:55	5	5	22	21.5223	22.7765	23.074000000000066
3:12:35:10	5	5	22	21.9768	25.6856	26.0630000000001
3:12:36:20	5	5	22	22.0561	54.5011	54.957000000000065
3:12:37:35	5	5	22	21.5475	57.6794	58.119500000000066
3:12:38:45	5	5	22	21.7039	23.0304	22.401499999999977
3:12:40:0	5	5	22	21.7039	33.1662	33.63000000000008
3:12:41:15	5	5	22	21.5426	31.8703	31.367500000000078
3:12:42:25	5	5	22	21.4461	19.0655	18.596000000000036
3:12:43:40	5	5	22	21.7878	10.8753	10.360500000000116
3:12:44:50	5	5	22	22.1202	31.5263	31.992500000000078
3:12:46:5	5	5	22	21.3124	52.0324	52.49100000000007
3:12:47:15	5	5	22	21.5028	0.0	0
3:12:48:30	5	5	22	21.9618	13.5206	13.929000000000027
3:12:49:45	5	5	22	21.4333	42.1695	42.621
3:12:50:55	5	5	22	21.7042	3.8042	3.1399999999999366
3:12:52:10	5	5	22	21.8317	21.5553	21.91200000000001
3:12:53:20	5	5	22	22.2661	27.6491	28.003500000000095
3:12:54:35	5	5	22	22.3097	56.4763	56.932500000000104
3:12:55:45	5	5	22	21.8862	58.661	59.14299999999996
3:12:57:0	5	5	22	21.8862	31.3874	30.82849999999992
3:12:58:10	5	5	22	21.8862	31.9772	32.37699999999992
3:12:59:25	5	5	22	21.7437	31.9772	31.80799999999991
3:13:0:40	5	5	22	21.6149	21.7547	21.264000000000024
3:13:1:50	5	5	22	21.8927	12.158	11.678999999999892
3:13:3:5	5	5	22	22.3413	29.5019	29.843500000000084
3:13:4:15	5	5	22	22.8949	58.8501	59.32000000000001
3:13:5:30	5	5	22	20.178	97.1215	97.53549999999997
3:13:6:40	5	5	22	20.5011	1.2105	0
3:13:7:55	5	5	22	20.611	26.7223	27.09150000000001
3:13:9:5	5	5	22	20.611	26.1716	25.67449999999999
3:13:10:20	5	5	22	20.8038	18.6766	18.179999999999996
3:13:11:35	5	5	22	20.9676	24.4148	24.73099999999988
3:13:12:45	5	5	22	21.0964	28.8568	29.25200000000002
3:13:14:0	5	5	22	20.8886	31.8824	32.28699999999989
3:13:15:10	5	5	22	21.0463	13.0577	12.578999999999976
3:13:16:25	5	5	22	21.4469	18.785	19.09999999999986
3:13:17:35	5	5	22	21.7677	41.2945	41.58499999999991
3:13:18:50	5	5	22	21.3302	58.9204	59.272500000000036
3:13:20:0	5	5	22	21.3302	26.4899	25.882000000000033
3:13:21:15	5	5	22	21.4906	25.2815	24.72050000000004
3:13:22:30	5	5	22	21.3255	32.1536	32.59949999999999
3:13:23:40	5	5	22	21.4641	18.1793	17.693500000000075
3:13:24:55	5	5	22	21.4641	24.4727	24.84849999999985
3:13:26:5	5	5	22	21.9097	21.9634	21.475999999999857
3:13:27:20	5	5	22	21.5484	49.5645	49.988500000000016
3:13:28:30	5	5	22	21.3005	22.5742	22.01800000000001
3:13:29:45	5	5	22	21.5931	4.6827	4.213499999999922
3:13:31:0	5	5	22	21.6924	22.0934	22.43749999999994
3:13:32:10	5	5	22	21.6924	25.4171	25.890999999999902
3:13:33:25	5	5	22	22.1367	24.3946	23.8564999999999
3:13:34:35	5	5	22	21.4748	52.9682	53.41950000000003
3:13:35:45	5	5	22	21.7547	6.166	5.548499999999834
3:13:37:0	5	5	22	21.8692	25.413	25.824999999999935
3:13:38:10	5	5	22	21.7148	30.9224	31.2139999999999
3:13:39:25	5	5	22	21.7298	19.6891	19.17949999999997
3:13:40:35	5	5	22	21.8316	19.6891	19.575500000000005
3:13:41:50	5	5	22	22.207	24.9989	25.27550000000006
3:13:43:0	5	5	22	22.5275	49.8506	50.2025
3:13:44:15	5	5	22	21.9122	71.3019	71.79549999999995
3:13:45:30	5	5	22	21.0026	30.3374	29.75949999999986
3:13:46:40	5	5	22	21.4108	0.0	0
3:13:47:55	5	5	22	21.4108	27.7082	28.1349999999998
3:13:49:5	5	5	22	21.5321	23.6	23.147999999999804
3:13:50:20	5	5	22	21.4808	28.2631	28.692999999999902
3:13:51:30	5	5	22	21.4258	22.6632	22.155999999999807
3:13:52:45	5	5	22	21.5765	16.4926	15.966499999999826
3:13:54:0	5	5	22	22.0031	23.464	23.919499999999854
3:13:55:10	5	5	22	21.473	50.5013	50.910499999999885
3:13:56:25	5	5	22	21.5954	12.2455	11.685999999999822
3:13:57:35	5	5	22	21.6945	19.9911	20.269499999999997
3:13:58:50	5	5	22	21.7091	24.211	24.57149999999999
3:14:0:0	5	5	22	21.7091	24.0453	23.570499999999853
3:14:1:15	5	5	22	22.1848	22.5734	22.04299999999986
3:14:2:30	5	5	22	22.2032	53.6073	53.88749999999985
3:14:3:40	5	5	22	21.9761	53.6073	53.720999999999826
3:14:4:55	5	5	22	21.8188	39.2391	38.74799999999982
3:14:6:5	5	5	22	21.8188	29.2396	28.75299999999986
3:14:7:20	5	5	22	21.8188	29.0906	28.633499999999856
3:14:8:30	5	5	22	21.7797	28.1714	27.727499999999853
3:14:9:45	5	5	22	21.7797	24.573	24.084499999999764
3:14:10:55	5	5	22	21.7797	23.6852	23.17849999999976
3:14:12:10	5	5	22	22.1561	22.5461	22.076999999999753
3:14:13:20	5	5	22	22.6238	46.9825	47.32349999999977
3:14:14:35	5	5	22	21.6789	78.6698	78.96099999999981
3:14:15:50	5	5	22	21.8991	14.3349	13.598499999999774
3:14:17:0	5	5	22	21.9946	31.7859	32.1314999999999
3:14:18:15	5	5	22	21.7976	36.7362	37.210999999999736
3:14:19:25	5	5	22	21.6491	23.3939	22.916499999999797
3:14:20:35	5	5	22	21.8513	12.9886	12.494499999999892
3:14:21:45	5	5	22	21.8513	25.2919	25.636499999999728
3:14:23:0	5	5	22	21.7763	24.3916	23.88199999999973
3:14:24:15	5	5	22	21.8214	18.3455	17.888499999999773
3:14:25:25	5	5	22	22.5823	20.0072	20.301999999999868
3:14:26:40	5	5	22	21.221	72.0544	72.44649999999983
3:14:27:50	5	5	22	21.4802	0.0	0
3:14:29:5	5	5	22	21.6843	20.5937	21.05549999999999
3:14:30:15	5	5	22	22.091	30.9725	31.44750000000002
3:14:31:30	5	5	22	22.091	30.9725	57.31750000000007
3:14:32:40	5	5	22	21.4467	55.3983	55.73900000000007
3:14:33:55	5	5	22	21.6437	11.8068	11.09299999999999
3:14:35:10	5	5	22	21.7502	24.9494	25.337999999999937
3:14:36:20	5	5	22	21.6084	29.5988	30.02649999999997
3:14:37:35	5	5	22	21.7118	18.7631	18.31899999999997
3:14:38:45	5	5	22	21.7118	23.817	24.30800000000001
3:14:40:0	5	5	22	22.1339	22.8704	22.35000000000001
3:14:41:10	5	5	22	21.8929	50.0416	50.45600000000003
3:14:42:25	5	5	22	21.6134	32.6759	32.14500000000005
3:14:43:35	5	5	22	21.8428	13.7997	13.249499999999895
3:14:44:50	5	5	22	21.8428	28.3081	28.772000000000027
3:14:46:5	5	5	22	21.7601	27.2972	26.83900000000002
3:14:47:15	5	5	22	21.7601	20.7361	20.264000000000085
3:14:48:30	5	5	22	21.8627	19.959	19.478000000000087
3:14:49:40	5	5	22	21.8627	24.9753	25.460500000000017
3:14:50:55	5	5	22	21.8627	24.7737	24.261000000000024
3:14:52:10	5	5	22	22.2424	24.0956	23.574500000000025
3:14:53:20	5	5	22	22.4668	49.1092	49.467000000000006
3:14:54:35	5	5	22	22.0946	64.0079	64.48849999999996
3:14:55:45	5	5	22	21.9845	40.1728	39.6465
3:14:57:0	5	5	22	21.9845	34.7732	34.273500000000055
3:14:58:10	5	5	22	21.822	34.7732	34.746500000000054
3:14:59:25	5	5	22	21.7348	23.7988	23.293999999999958
3:15:0:40	5	5	22	21.8758	17.5743	17.11250000000001
3:15:1:50	5	5	22	21.8758	25.7798	26.092500000000133
3:15:3:5	5	5	22	21.7683	25.2545	24.766500000000132
3:15:4:15	5	5	22	21.7683	17.0731	16.62050000000002
3:15:5:30	5	5	22	22.056	16.4456	15.99950000000003
3:15:6:40	5	5	22	21.7606	34.6081	34.980000000000096
3:15:7:55	5	5	22	22.123	13.6425	13.143500000000042
3:15:9:10	5	5	22	21.9446	38.441	38.79150000000011
3:15:10:20	5	5	22	21.6883	25.5776	25.10650000000012
3:15:11:35	5	5	22	21.8417	8.245	7.78050000000016
3:15:12:45	5	5	22	21.9346	17.8261	18.24150000000001
3:15:14:0	5	5	22	21.9346	22.72	23.186000000000032
3:15:15:10	5	5	22	22.2447	22.72	22.39450000000003
3:15:16:25	5	5	22	22.4117	43.3127	43.774500000000174
3:15:17:40	5	5	22	22.1223	54.8338	55.13750000000003
3:15:18:50	5	5	22	21.9764	36.5763	36.103
3:15:20:5	5	5	22	22.0013	28.4614	27.948500000000177
3:15:21:15	5	5	22	21.8985	30.0226	30.30300000000009
3:15:22:30	5	5	22	21.8985	23.4611	22.988999999999958
3:15:23:40	5	5	22	21.8985	23.4611	22.99549999999996
3:15:24:55	5	5	22	22.2696	22.9654	22.487999999999953
3:15:26:10	5	5	22	22.7667	47.611	47.95750000000008
3:15:27:20	5	5	22	21.7175	81.9071	82.24700000000004
3:15:28:35	5	5	22	21.9456	10.9325	10.15100000000011
3:15:29:45	5	5	22	21.9456	29.5623	29.951499999999953
3:15:31:0	5	5	22	21.9456	29.0297	28.53899999999996
3:15:32:10	5	5	22	21.9456	28.7372	28.266999999999953
3:15:33:25	5	5	22	21.7439	28.4577	27.994999999999948
3:15:34:40	5	5	22	21.8903	14.095	13.60400000000002
3:15:35:50	5	5	22	21.8903	23.2001	23.580000000000005
3:15:37:5	5	5	22	22.2681	22.7578	22.299500000000005
3:15:38:15	5	5	22	22.2681	47.8391	48.197000000000045
3:15:39:30	5	5	22	21.6807	47.8391	47.64850000000004
3:15:40:40	5	5	22	21.8879	8.544	7.871000000000123
3:15:41:55	5	5	22	21.9803	23.2452	23.715499999999896
3:15:43:5	5	5	22	21.8585	28.1235	28.587
3:15:44:20	5	5	22	21.8221	19.9529	19.500499999999967
3:15:45:35	5	5	22	21.9049	17.3485	16.853999999999935
3:15:46:45	5	5	22	21.9049	21.5802	21.942500000000102
3:15:48:0	5	5	22	22.2758	21.5802	21.053000000000097
3:15:49:10	5	5	22	22.3336	46.1932	46.54050000000002
3:15:50:25	5	5	22	21.6578	49.6144	50.11100000000005
3:15:51:35	5	5	22	21.8721	4.9084	4.184000000000125
3:15:52:50	5	5	22	21.9339	20.5735	20.852999999999984
3:15:54:0	5	5	22	21.9339	23.1646	23.468000000000107
3:15:55:15	5	5	22	22.3214	23.1646	22.828500000000105
3:15:56:25	5	5	22	22.2005	49.239	49.62300000000006
3:15:57:40	5	5	22	22.1437	41.278	40.829500000000145
3:15:58:55	5	5	22	21.9357	38.9354	38.46049999999997
3:16:0:5	5	5	22	21.9357	25.3832	24.903000000000088
3:16:1:20	5	5	22	21.8767	25.3832	25.621500000000083
3:16:2:30	5	5	22	21.8767	21.6648	21.170000000000012
3:16:3:45	5	5	22	21.8767	21.3384	20.848500000000016
3:16:4:55	5	5	22	22.195	20.6843	20.232000000000014
3:16:6:10	5	5	22	22.6128	41.4291	41.89650000000006
3:16:7:25	5	5	22	21.7732	70.0746	70.52600000000004
3:16:8:35	5	5	22	21.9504	13.5654	12.728999999999985
3:16:9:50	5	5	22	21.9504	27.7536	28.196999999999925
3:16:11:0	5	5	22	22.0007	27.5635	27.06299999999992
3:16:12:15	5	5	22	21.8102	30.045	30.335999999999913
3:16:13:25	5	5	22	21.7051	17.291	16.752999999999897
3:16:14:40	5	5	22	21.8617	9.8918	9.399500000000124
3:16:15:50	5	5	22	21.9198	19.0301	19.412499999999934
3:16:17:5	5	5	22	22.2295	21.6865	22.004999999999914
3:16:18:20	5	5	22	22.2257	42.5217	42.99250000000012
3:16:19:30	5	5	22	21.8393	42.5217	42.32549999999999
3:16:20:45	5	5	22	21.9201	16.8988	16.425000000000118
3:16:21:55	5	5	22	21.9201	22.8684	23.209500000000116
3:16:23:10	5	5	22	22.2736	22.8684	22.406000000000123
3:16:24:25	5	5	22	22.2818	46.4333	46.75149999999991
3:16:25:35	5	5	22	22.135	46.4333	46.92600000000007
3:16:26:50	5	5	22	21.8957	38.4666	38.01800000000014
3:16:28:0	5	5	22	21.903	23.1793	22.67600000000014
3:16:29:15	5	5	22	21.8496	23.4166	23.861999999999952
3:16:30:25	5	5	22	21.8004	20.0775	19.602499999999967
3:16:31:40	5	5	22	21.8004	16.1778	15.673500000000029
3:16:32:50	5	5	22	21.9397	15.3912	14.921500000000023
3:16:34:5	5	5	22	22.2429	23.3781	23.674499999999927
3:16:35:20	5	5	22	22.1847	43.4577	43.90049999999995
3:16:36:30	5	5	22	21.8422	40.0774	39.52499999999999
3:16:37:45	5	5	22	21.8422	17.2802	16.764499999999906
3:16:38:55	5	5	22	21.934	17.2802	17.687999999999903
3:16:40:10	5	5	22	22.0718	23.0038	23.325000000000088
3:16:41:20	5	5	22	22.4813	31.8234	32.18199999999998
3:16:42:35	5	5	22	21.8953	60.0759	60.51700000000008
3:16:43:45	5	5	22	21.9173	20.5314	19.855999999999938
3:16:45:0	5	5	22	21.9173	23.4079	23.802500000000084
3:16:46:10	5	5	22	22.0041	23.4079	23.279000000000078
3:16:47:25	5	5	22	22.336	28.452	28.941500000000097
3:16:48:40	5	5	22	22.0039	51.4575	51.760999999999925
3:16:49:50	5	5	22	21.9071	29.0472	28.534500000000143
3:16:51:5	5	5	22	21.8917	23.9279	23.438500000000012
3:16:52:15	5	5	22	21.8917	22.8489	22.380000000000045
3:16:53:30	5	5	22	22.1371	22.3825	21.915500000000044
3:16:54:40	5	5	22	21.952	38.2645	38.55200000000005
3:16:55:55	5	5	22	21.952	25.59	25.053500000000156
3:16:57:10	5	5	22	21.952	25.59	25.739000000000157
3:16:58:20	5	5	22	22.3177	25.59	25.499000000000166
3:16:59:35	5	5	22	21.7209	50.5027	50.85799999999995
3:17:0:45	5	5	22	21.8645	9.5309	8.842000000000084
3:17:2:0	5	5	22	21.9815	20.0007	20.482500000000027
3:17:3:10	5	5	22	21.9815	26.8423	27.27700000000009
3:17:4:25	5	5	22	22.5971	26.8423	26.599500000000088
3:17:5:35	5	5	22	21.1155	69.1104	69.59900000000013
3:17:6:50	5	5	22	21.2771	0.0	0
3:17:8:5	5	5	22	21.4185	13.8707	14.297500000000003
3:17:9:15	5	5	22	21.5048	19.4716	19.773000000000067
3:17:10:30	5	5	22	21.8258	21.7013	22.19949999999992
3:17:11:40	5	5	22	21.6521	41.3357	41.76200000000003
3:17:12:55	5	5	22	21.6521	27.6817	27.127000000000013
3:17:14:5	5	5	22	21.6521	26.755	26.256000000000018
3:17:15:20	5	5	22	21.429	25.0788	24.516500000000022
3:17:16:30	5	5	22	21.5484	7.6902	7.159999999999865
3:17:17:45	5	5	22	21.7755	13.4527	13.778500000000037
3:17:19:0	5	5	22	22.0659	26.44	26.820500000000035
3:17:20:10	5	5	22	21.8109	44.5216	44.89049999999992
3:17:21:25	5	5	22	21.4267	26.3901	25.917999999999992
3:17:22:35	5	5	22	21.596	0.0	0
3:17:23:50	5	5	22	21.6894	10.4269	10.905499999999986
3:17:25:0	5	5	22	21.7475	14.2747	14.57699999999992
3:17:26:15	5	5	22	21.9346	16.2257	16.623999999999892
3:17:27:30	5	5	22	21.9281	27.8585	28.167999999999953
3:17:28:40	5	5	22	21.7974	26.9598	26.450500000000012
3:17:29:55	5	5	22	21.8443	17.4508	16.974499999999946
3:17:31:5	5	5	22	21.8443	19.4738	19.898000000000007
3:17:32:20	5	5	22	22.2276	19.392	18.885000000000005
3:17:33:30	5	5	22	21.7409	44.5754	44.9374999999999
3:17:34:45	5	5	22	21.8531	10.7115	10.089999999999975
3:17:36:0	5	5	22	21.9208	18.7795	19.08200000000007
3:17:37:10	5	5	22	21.9208	22.0613	22.525499999999965
3:17:38:25	5	5	22	22.1209	22.0613	21.790999999999972
3:17:39:35	5	5	22	22.4756	35.0229	35.4019999999999
3:17:40:50	5	5	22	21.6056	59.4931	59.83499999999998
3:17:42:5	5	5	22	21.6056	0.0	0
3:17:43:15	5	5	22	21.8138	1.9721	2.378
3:17:44:30	5	5	22	22.145	14.6174	14.9800000000001
3:17:45:40	5	5	22	22.4998	35.7116	36.19200000000003
3:17:46:55	5	5	22	21.3737	59.766	60.097000000000094
3:17:48:5	5	5	22	21.3737	0.0	0
3:17:49:20	5	5	22	21.6118	2.0612	2.4990000000000023
3:17:50:35	5	5	22	21.8206	15.6239	16.03449999999995
3:17:51:45	5	5	22	22.0868	27.2118	27.518999999999956
3:17:53:0	5	5	22	22.0868	43.8948	44.212000000000046
3:17:54:10	5	5	22	21.7152	43.7587	43.31500000000004
3:17:55:25	5	5	22	22.1207	18.2789	17.736999999999984
3:17:56:35	5	5	22	22.6429	46.1238	46.55599999999998
3:17:57:50	5	5	22	20.9199	81.3292	81.68600000000009
3:17:59:5	5	5	22	20.9199	0.0	0
3:18:0:15	5	5	22	21.1154	2.8507	3.2145000000000046
3:18:1:30	5	5	22	21.3026	11.1772	11.499000000000184
3:18:2:40	5	5	22	21.5255	18.924	19.202500000000224
3:18:3:55	5	5	22	21.8226	30.0971	30.382500000000174
3:18:5:5	5	5	22	21.4166	47.3541	47.69250000000021
3:18:6:20	5	5	22	21.1921	17.4836	16.90000000000005
3:18:7:30	5	5	22	21.2945	0.0	0.2980000000001226
3:18:8:45	5	5	22	21.399	4.1928	4.549000000000074
3:18:10:0	5	5	22	21.5113	7.3819	7.824500000000185
3:18:11:10	5	5	22	21.6466	11.771	12.158000000000015
3:18:12:25	5	5	22	21.9836	18.2304	18.62400000000008
3:18:13:35	5	5	22	21.6059	39.2914	39.770500000000055
3:18:14:50	5	5	22	21.6059	12.0493	11.564499999999995
3:18:16:0	5	5	22	21.8065	11.9737	11.482499999999991
3:18:17:15	5	5	22	21.9932	23.2625	23.554000000000084
3:18:18:30	5	5	22	21.9869	34.3705	34.6525000000002
3:18:19:35	5	5	22	21.7499	33.7619	33.243999999999986
3:18:20:50	5	5	22	21.7499	17.0778	16.62000000000011
3:18:22:0	5	5	22	21.7499	17.0778	16.554500000000104
3:18:23:15	5	5	22	22.0499	15.7949	15.304000000000105
3:18:24:25	5	5	22	22.4012	34.6558	35.053500000000156
3:18:25:40	5	5	22	21.1077	58.0795	58.39400000000005
3:18:26:55	5	5	22	21.1077	0.0	0
3:18:28:5	5	5	22	21.3041	1.6981	2.0059999999999967
