1:19:16:45	5	13	22.0	12.4992	29.5255
1:19:17:55	5	13	22.0	12.4992	29.5255
1:19:19:0	5	13	22.0	12.4992	29.5255
1:19:20:5	5	13	22.0	12.4992	29.5255
1:19:21:15	5	13	22.0	12.4992	29.5255
1:19:22:20	5	13	22.0	12.4992	29.5255
1:19:23:25	5	13	22.0	12.4992	29.5255
1:19:24:35	5	13	22.0	12.3932	29.5255
1:19:25:40	5	13	22.0	12.3932	29.5255
1:19:26:50	5	13	22.0	12.3932	29.5255
1:19:27:55	5	13	22.0	12.3932	29.5255
1:19:29:0	5	13	22.0	12.3932	29.5255
1:19:30:10	5	13	22.0	12.3932	29.5255
1:19:31:15	5	13	22.0	12.3932	29.5255
1:19:32:20	5	13	22.0	12.3932	29.5255
1:19:33:30	5	13	22.0	12.3932	29.5255
1:19:34:35	5	13	22.0	12.3932	29.5255
1:19:35:40	5	13	22.0	12.3932	29.5255
1:19:36:50	5	13	22.0	12.2877	29.5255
1:19:37:55	5	13	22.0	12.2877	29.5255
1:19:39:0	5	13	22.0	12.2877	29.5255
1:19:40:10	5	13	22.0	12.2877	29.5255
1:19:41:15	5	13	22.0	12.2877	29.5255
1:19:42:25	5	13	22.0	12.2877	29.5255
1:19:43:30	5	13	22.0	12.2877	29.5255
1:19:44:35	5	13	22.0	12.1949	29.5255
1:19:45:45	5	13	22.0	12.1949	29.5255
1:19:46:50	5	13	22.0	12.1949	29.5255
1:19:47:55	5	13	22.0	12.1949	29.5255
1:19:49:5	5	13	22.0	12.1949	29.5255
1:19:50:10	5	13	22.0	12.1949	29.5255
1:19:51:15	5	13	22.0	12.1949	29.5255
1:19:52:25	5	13	22.0	12.1949	29.5255
1:19:53:30	5	13	22.0	12.1949	29.5255
1:19:54:40	5	13	22.0	12.0932	29.5255
1:19:55:45	5	13	22.0	12.0932	29.5255
1:19:56:50	5	13	22.0	12.0932	29.5255
1:19:58:0	5	13	22.0	12.0932	29.5255
1:19:59:5	5	13	22.0	12.0932	29.5255
1:20:0:10	5	13	22.0	12.0932	29.5255
1:20:1:20	5	13	22.0	12.0932	29.5255
1:20:2:25	5	13	22.0	12.0932	29.5255
1:20:3:30	5	13	22.0	12.0932	29.5255
1:20:4:40	5	13	22.0	12.0932	29.5255
1:20:5:45	5	13	22.0	11.9929	29.5255
1:20:6:55	5	13	22.0	11.9929	29.5255
1:20:8:0	5	13	22.0	11.9929	29.5255
1:20:9:5	5	13	22.0	11.9929	29.5255
1:20:10:15	5	13	22.0	11.9929	29.5255
1:20:11:20	5	13	22.0	11.9929	29.5255
1:20:12:25	5	13	22.0	11.9929	29.5255
1:20:13:35	5	13	22.0	11.9929	29.5255
1:20:14:40	5	13	22.0	11.9929	29.5255
1:20:15:45	5	13	22.0	11.9929	29.5255
1:20:16:55	5	13	22.0	11.8921	29.5255
1:20:18:0	5	13	22.0	11.8921	29.5255
1:20:19:5	5	13	22.0	11.8921	29.5255
1:20:20:15	5	13	22.0	11.8921	29.5255
1:20:21:20	5	13	22.0	11.8921	29.5255
1:20:22:30	5	13	22.0	11.8921	29.5255
1:20:23:35	5	13	22.0	11.8921	29.5255
1:20:24:40	5	13	22.0	11.8921	29.5255
1:20:25:50	5	13	22.0	11.8921	29.5255
1:20:26:55	5	13	22.0	11.8921	29.5255
1:20:28:0	5	13	22.0	11.8921	29.5255
1:20:29:10	5	13	22.0	11.7965	29.5255
1:20:30:15	5	13	22.0	11.7965	29.5255
1:20:31:20	5	13	22.0	11.7965	29.5255
1:20:32:30	5	13	22.0	11.7965	29.5255
1:20:33:35	5	13	22.0	11.7965	29.5255
1:20:34:45	5	13	22.0	11.7965	29.5255
1:20:35:50	5	13	22.0	11.7965	29.5255
1:20:36:55	5	13	22.0	11.7965	29.5255
1:20:38:5	5	13	22.0	11.7965	29.5255
1:20:39:10	5	13	22.0	11.6936	29.5255
1:20:40:15	5	13	22.0	11.6936	29.5255
1:20:41:25	5	13	22.0	11.6936	29.5255
1:20:42:30	5	13	22.0	11.6936	29.5255
1:20:43:35	5	13	22.0	11.6936	29.5255
1:20:44:45	5	13	22.0	11.6936	29.5255
1:20:45:50	5	13	22.0	11.6936	29.5255
1:20:47:0	5	13	22.0	11.6936	29.5255
1:20:48:5	5	13	22.0	11.6936	29.5255
1:20:49:10	5	13	22.0	11.5949	29.5255
1:20:50:20	5	13	22.0	11.5949	29.5255
1:20:51:25	5	13	22.0	11.5949	29.5255
1:20:52:30	5	13	22.0	11.5949	29.5255
1:20:53:40	5	13	22.0	11.5949	29.5255
1:20:54:45	5	13	22.0	11.5949	29.5255
1:20:55:55	5	13	22.0	11.5949	29.5255
1:20:57:0	5	13	22.0	11.5949	29.5255
1:20:58:5	5	13	22.0	11.5949	29.5255
1:20:59:15	5	13	22.0	11.5949	29.5255
1:21:0:20	5	13	22.0	11.4994	29.5255
1:21:1:25	5	13	22.0	11.4994	29.5255
1:21:2:35	5	13	22.0	11.4994	29.5255
1:21:3:40	5	13	22.0	11.4994	29.5255
1:21:4:45	5	13	22.0	11.4994	29.5255
1:21:5:55	5	13	22.0	11.4994	29.5255
1:21:7:0	5	13	22.0	11.4994	29.5255
1:21:8:5	5	13	22.0	11.4994	29.5255
1:21:9:15	5	13	22.0	11.4994	29.5255
1:21:10:20	5	13	22.0	11.4994	29.5255
1:21:11:30	5	13	22.0	11.4994	29.5255
1:21:12:35	5	13	22.0	11.4994	29.5255
1:21:13:40	5	13	22.0	11.3981	29.5255
1:21:14:50	5	13	22.0	11.3981	29.5255
1:21:15:55	5	13	22.0	11.3981	29.5255
1:21:17:0	5	13	22.0	11.3981	29.5255
1:21:18:10	5	13	22.0	11.3981	29.5255
1:21:19:15	5	13	22.0	11.3981	29.5255
1:21:20:25	5	13	22.0	11.3981	29.5255
1:21:21:30	5	13	22.0	11.3981	29.5255
1:21:22:35	5	13	22.0	11.3981	29.5255
1:21:23:45	5	13	22.0	11.3981	29.5255
1:21:24:50	5	13	22.0	11.3981	29.5255
1:21:25:55	5	13	22.0	11.3981	29.5255
1:21:27:5	5	13	22.0	11.2977	29.5255
1:21:28:10	5	13	22.0	11.2977	29.5255
1:21:29:15	5	13	22.0	11.2977	29.5255
1:21:30:25	5	13	22.0	11.2977	29.5255
1:21:31:30	5	13	22.0	11.2977	29.5255
1:21:32:40	5	13	22.0	11.2977	29.5255
1:21:33:45	5	13	22.0	11.2977	29.5255
1:21:34:50	5	13	22.0	11.2977	29.5255
1:21:36:0	5	13	22.0	11.2977	29.5255
1:21:37:5	5	13	22.0	11.2977	29.5255
1:21:38:10	5	13	22.0	11.197	29.5255
1:21:39:20	5	13	22.0	11.197	29.5255
1:21:40:25	5	13	22.0	11.197	29.5255
1:21:41:30	5	13	22.0	11.197	29.5255
1:21:42:40	5	13	22.0	11.197	29.5255
1:21:43:45	5	13	22.0	11.197	29.5255
1:21:44:50	5	13	22.0	11.197	29.5255
1:21:46:0	5	13	22.0	11.197	29.5255
1:21:47:5	5	13	22.0	11.197	29.5255
1:21:48:15	5	13	22.0	11.197	29.5255
1:21:49:20	5	13	22.0	11.0996	29.5255
1:21:50:25	5	13	22.0	11.0996	29.5255
1:21:51:35	5	13	22.0	11.0996	29.5255
1:21:52:40	5	13	22.0	11.0996	29.5255
1:21:53:45	5	13	22.0	11.0996	29.5255
1:21:54:55	5	13	22.0	11.0996	29.5255
1:21:56:0	5	13	22.0	11.0996	29.5255
1:21:57:10	5	13	22.0	11.0996	29.5255
1:21:58:15	5	13	22.0	11.0996	29.5255
1:21:59:20	5	13	22.0	11.0996	29.5255
1:22:0:30	5	13	22.0	11.0996	29.5255
1:22:1:35	5	13	22.0	11.0996	29.5255
1:22:2:40	5	13	22.0	11.0996	29.5255
1:22:3:50	5	13	22.0	10.9944	29.5255
1:22:4:55	5	13	22.0	10.9944	29.5255
1:22:6:0	5	13	22.0	10.9944	29.5255
1:22:7:10	5	13	22.0	10.9944	29.5255
1:22:8:15	5	13	22.0	10.9944	29.5255
1:22:9:20	5	13	22.0	10.9944	29.5255
1:22:10:30	5	13	22.0	10.9944	29.5255
1:22:11:35	5	13	22.0	10.9944	29.5255
1:22:12:40	5	13	22.0	10.9944	29.5255
1:22:13:50	5	13	22.0	10.9944	29.5255
1:22:14:55	5	13	22.0	10.9944	29.5255
1:22:16:5	5	13	22.0	10.9944	29.5255
1:22:17:15	5	13	22.0	10.9944	24.0757
1:22:18:25	5	13	22.0	10.9944	10.4808
1:22:19:30	5	13	22.0	11.0419	10.4808
1:22:20:35	5	13	22.0	11.179	10.4808
1:22:21:45	5	13	22.0	11.3132	10.4808
1:22:22:50	5	13	22.0	11.573	10.4808
1:22:23:55	5	13	22.0	11.6988	10.4808
1:22:25:5	5	13	22.0	11.8219	10.4808
1:22:26:10	5	13	22.0	11.9431	10.4808
1:22:27:20	5	13	22.0	12.0627	10.4808
1:22:28:25	5	13	22.0	12.1797	10.4808
1:22:29:30	5	13	22.0	12.2949	10.4808
1:22:30:40	5	13	22.0	12.4085	10.4808
1:22:31:45	5	13	22.0	12.5196	10.4808
1:22:32:50	5	13	22.0	12.7373	10.4808
1:22:34:0	5	13	22.0	12.8429	10.4808
1:22:35:5	5	13	22.0	12.9471	10.4808
1:22:36:10	5	13	22.0	13.0498	10.4808
1:22:37:20	5	13	22.0	13.1502	10.4808
1:22:38:25	5	13	22.0	13.2493	10.4808
1:22:39:30	5	13	22.0	13.3462	10.4808
1:22:40:40	5	13	22.0	13.4418	10.4808
1:22:41:45	5	13	22.0	13.5352	10.4808
1:22:42:55	5	13	22.0	13.7176	10.4808
1:22:44:0	5	13	22.0	13.8066	10.4808
1:22:45:5	5	13	22.0	13.8066	10.4808
1:22:46:15	5	13	22.0	13.9796	10.4808
1:22:47:20	5	13	22.0	14.0635	10.4808
1:22:48:25	5	13	22.0	14.1465	10.4808
1:22:49:35	5	13	22.0	14.2276	10.4808
1:22:50:40	5	13	22.0	14.3068	10.4808
1:22:51:50	5	13	22.0	14.4616	10.4808
1:22:52:55	5	13	22.0	14.5372	10.4808
1:22:54:0	5	13	22.0	14.611	10.4808
1:22:55:10	5	13	22.0	14.611	10.4808
1:22:56:15	5	13	22.0	14.7539	10.4808
1:22:57:20	5	13	22.0	14.8237	10.4808
1:22:58:30	5	13	22.0	14.8237	10.4808
1:22:59:35	5	13	22.0	14.9594	10.4808
1:23:0:40	5	13	22.0	15.0253	10.4808
1:23:1:50	5	13	22.0	15.1526	10.4808
1:23:2:55	5	13	22.0	15.2149	10.4808
1:23:4:0	5	13	22.0	15.2149	10.4808
1:23:5:10	5	13	22.0	15.3351	10.4808
1:23:6:15	5	13	22.0	15.3351	10.4808
1:23:7:25	5	13	22.0	15.451	10.4808
1:23:8:30	5	13	22.0	15.5073	10.4808
1:23:9:35	5	13	22.0	15.5073	10.4808
1:23:10:45	5	13	22.0	15.6163	10.4808
1:23:11:50	5	13	22.0	15.7215	10.4808
1:23:12:55	5	13	22.0	15.7215	10.4808
1:23:14:5	5	13	22.0	15.8217	10.4808
1:23:15:10	5	13	22.0	15.8217	10.4808
1:23:16:15	5	13	22.0	15.9183	10.4808
1:23:17:25	5	13	22.0	15.9183	10.4808
1:23:18:30	5	13	22.0	16.0112	10.4808
1:23:19:40	5	13	22.0	16.0112	10.4808
1:23:20:45	5	13	22.0	16.0112	10.4808
1:23:21:50	5	13	22.0	16.1432	10.4808
1:23:23:0	5	13	22.0	16.227	10.4808
1:23:24:5	5	13	22.0	16.227	10.4808
1:23:25:10	5	13	22.0	16.3065	10.4808
1:23:26:20	5	13	22.0	16.3065	10.4808
1:23:27:25	5	13	22.0	16.3065	10.4808
1:23:28:35	5	13	22.0	16.4195	10.4808
1:23:29:40	5	13	22.0	16.4195	10.4808
1:23:30:45	5	13	22.0	16.4195	10.4808
1:23:31:55	5	13	22.0	16.5258	10.4808
1:23:33:0	5	13	22.0	16.5258	10.4808
1:23:34:5	5	13	22.0	16.6243	10.4808
1:23:35:15	5	13	22.0	16.6243	10.4808
1:23:36:20	5	13	22.0	16.6243	10.4808
1:23:37:25	5	13	22.0	16.7153	10.4808
1:23:38:35	5	13	22.0	16.7153	10.4808
1:23:39:40	5	13	22.0	16.7153	10.4808
1:23:40:50	5	13	22.0	16.8003	10.4808
1:23:41:55	5	13	22.0	16.8003	10.4808
1:23:43:0	5	13	22.0	16.8003	10.4808
1:23:44:10	5	13	22.0	16.9055	10.4808
1:23:45:15	5	13	22.0	16.9055	10.4808
1:23:46:20	5	13	22.0	16.9055	10.4808
1:23:47:30	5	13	22.0	16.9055	10.4808
1:23:48:35	5	13	22.0	16.9055	10.4808
1:23:49:40	5	13	22.0	17.0217	10.4808
1:23:50:50	5	13	22.0	17.0217	10.4808
1:23:51:55	5	13	22.0	17.0217	10.4808
1:23:53:0	5	13	22.0	17.1035	10.4808
1:23:54:10	5	13	22.0	17.1035	10.4808
1:23:55:15	5	13	22.0	17.1035	10.4808
1:23:56:25	5	13	22.0	17.1035	10.4808
1:23:57:30	5	13	22.0	17.1035	10.4808
1:23:58:35	5	13	22.0	17.1035	10.4808
1:23:59:45	5	13	22.0	17.2093	10.4808
2:0:0:50	5	13	22.0	17.2093	10.4808
2:0:1:55	5	13	22.0	17.2093	10.4808
2:0:3:5	5	13	22.0	17.2093	10.4808
2:0:4:10	5	13	22.0	17.2093	10.4808
2:0:5:15	5	13	22.0	17.2093	10.4808
2:0:6:25	5	13	22.0	17.3108	10.4808
2:0:7:30	5	13	22.0	17.3108	10.4808
2:0:8:40	5	13	22.0	17.3108	10.4808
2:0:9:45	5	13	22.0	17.3108	10.4808
2:0:10:50	5	13	22.0	17.3108	10.4808
2:0:12:0	5	13	22.0	17.3108	10.4808
2:0:13:5	5	13	22.0	17.3108	10.4808
2:0:14:10	5	13	22.0	17.4024	10.4808
2:0:15:20	5	13	22.0	17.4024	10.4808
2:0:16:25	5	13	22.0	17.4024	10.4808
2:0:17:30	5	13	22.0	17.4024	10.4808
2:0:18:40	5	13	22.0	17.4024	10.4808
2:0:19:45	5	13	22.0	17.4024	10.4808
2:0:20:55	5	13	22.0	17.4024	10.4808
2:0:22:0	5	13	22.0	17.4024	10.4808
2:0:23:5	5	13	22.0	17.4024	10.4808
2:0:24:15	5	13	22.0	17.4024	10.4808
2:0:25:20	5	13	22.0	17.4024	10.4808
2:0:26:25	5	13	22.0	17.4024	10.4808
2:0:27:35	5	13	22.0	17.5062	10.4808
2:0:28:40	5	13	22.0	17.5062	10.4808
2:0:29:50	5	13	22.0	17.5062	10.4808
2:0:30:55	5	13	22.0	17.5062	10.4808
2:0:32:0	5	13	22.0	17.5062	10.4808
2:0:33:10	5	13	22.0	17.5062	10.4808
2:0:34:15	5	13	22.0	17.5062	10.4808
2:0:35:20	5	13	22.0	17.5062	10.4808
2:0:36:30	5	13	22.0	17.5062	10.4808
2:0:37:35	5	13	22.0	17.5062	10.4808
2:0:38:45	5	13	22.0	17.5062	10.4808
2:0:39:50	5	13	22.0	17.5062	10.4808
2:0:40:55	5	13	22.0	17.5062	10.4808
2:0:42:5	5	13	22.0	17.5062	10.4808
2:0:43:10	5	13	22.0	17.5062	10.4808
2:0:44:15	5	13	22.0	17.5062	10.4808
2:0:45:25	5	13	22.0	17.5062	10.4808
2:0:46:30	5	13	22.0	17.5062	10.4808
2:0:47:40	5	13	22.0	17.5062	10.4808
2:0:48:45	5	13	22.0	17.5062	10.4808
2:0:49:50	5	13	22.0	17.5062	10.4808
2:0:51:0	5	13	22.0	17.5062	10.4808
2:0:52:5	5	13	22.0	17.5062	10.4808
2:0:53:10	5	13	22.0	17.5062	10.4808
2:0:54:20	5	13	22.0	17.5062	10.4808
2:0:55:25	5	13	22.0	17.5062	10.4808
2:0:56:30	5	13	22.0	17.5062	10.4808
2:0:57:40	5	13	22.0	17.5062	10.4808
2:0:58:45	5	13	22.0	17.5062	10.4808
2:0:59:55	5	13	22.0	17.5062	10.4808
2:1:1:0	5	13	22.0	17.5062	10.4808
2:1:2:5	5	13	22.0	17.5062	10.4808
2:1:3:15	5	13	22.0	17.5062	10.4808
2:1:4:20	5	13	22.0	17.5062	10.4808
2:1:5:25	5	13	22.0	17.5062	10.4808
2:1:6:35	5	13	22.0	17.5062	10.4808
2:1:7:40	5	13	22.0	17.5062	10.4808
2:1:8:50	5	13	22.0	17.5062	10.4808
2:1:9:55	5	13	22.0	17.5062	10.4808
2:1:11:0	5	13	22.0	17.5062	10.4808
2:1:12:10	5	13	22.0	17.5062	10.4808
2:1:13:15	5	13	22.0	17.5062	10.4808
2:1:14:20	5	13	22.0	17.5062	10.4808
2:1:15:30	5	13	22.0	17.5062	10.4808
2:1:16:35	5	13	22.0	17.5062	10.4808
