1:1:13:30	5	15	22.0	12.8966	65.4077
1:1:14:40	5	15	22.0	12.7815	79.5586
1:1:15:45	5	15	22.0	12.7815	79.5586
1:1:16:50	5	15	22.0	12.813	79.5586
1:1:18:0	5	15	22.0	12.813	79.5586
1:1:19:5	5	15	22.0	12.813	79.5586
1:1:20:15	5	15	22.0	12.813	79.5586
1:1:21:20	5	15	22.0	12.813	79.5586
1:1:22:25	5	15	22.0	12.813	79.5586
1:1:23:35	5	15	22.0	12.813	79.5586
1:1:24:40	5	15	22.0	12.813	79.5586
1:1:25:45	5	15	22.0	12.813	79.5586
1:1:26:55	5	15	22.0	12.813	79.5586
1:1:28:0	5	15	22.0	12.813	79.5586
1:1:29:10	5	15	22.0	12.9019	79.5586
1:1:30:15	5	15	22.0	12.9019	79.5586
1:1:31:20	5	15	22.0	12.9019	79.5586
1:1:32:30	5	15	22.0	12.9019	79.5586
1:1:33:35	5	15	22.0	12.9019	79.5586
1:1:34:40	5	15	22.0	12.9019	79.5586
1:1:35:50	5	15	22.0	12.9019	79.5586
1:1:36:55	5	15	22.0	12.9019	79.5586
1:1:38:5	5	15	22.0	12.9019	79.5586
1:1:39:10	5	15	22.0	12.9019	79.5586
1:1:40:15	5	15	22.0	12.9019	79.5586
1:1:41:25	5	15	22.0	12.8999	79.5586
1:1:42:30	5	15	22.0	12.8999	79.5586
1:1:43:40	5	15	22.0	12.8999	79.5586
1:1:44:45	5	15	22.0	12.8999	79.5586
1:1:45:50	5	15	22.0	12.8999	79.5586
1:1:47:0	5	15	22.0	12.8999	79.5586
1:1:48:5	5	15	22.0	12.8999	79.5586
1:1:49:10	5	15	22.0	12.8999	79.5586
1:1:50:20	5	15	22.0	12.8999	79.5586
1:1:51:25	5	15	22.0	12.8999	79.5586
1:1:52:35	5	15	22.0	12.8999	79.5586
1:1:53:40	5	15	22.0	12.8999	79.5586
1:1:54:45	5	15	22.0	12.8999	79.5586
1:1:55:55	5	15	22.0	12.8999	79.5586
1:1:57:0	5	15	22.0	12.8999	79.5586
1:1:58:5	5	15	22.0	12.8999	79.5586
1:1:59:15	5	15	22.0	12.8999	79.5586
1:2:0:20	5	15	22.0	12.8999	79.5586
1:2:1:25	5	15	22.0	12.8999	79.5586
1:2:2:35	5	15	22.0	12.8999	79.5586
1:2:3:40	5	15	22.0	12.8999	79.5586
1:2:4:50	5	15	22.0	12.8999	79.5586
1:2:5:55	5	15	22.0	12.8999	79.5586
1:2:7:0	5	15	22.0	12.8999	79.5586
1:2:8:10	5	15	22.0	12.8999	79.5586
1:2:9:15	5	15	22.0	12.7958	79.5586
1:2:10:20	5	15	22.0	12.7958	79.5586
1:2:11:30	5	15	22.0	12.7958	79.5586
1:2:12:35	5	15	22.0	12.7958	79.5586
1:2:13:45	5	15	22.0	12.7958	79.5586
1:2:14:50	5	15	22.0	12.7958	79.5586
1:2:15:55	5	15	22.0	12.7958	79.5586
1:2:17:5	5	15	22.0	12.7958	79.5586
1:2:18:10	5	15	22.0	12.7958	79.5586
1:2:19:15	5	15	22.0	12.7958	79.5586
1:2:20:25	5	15	22.0	12.7958	79.5586
1:2:21:30	5	15	22.0	12.7958	79.5586
1:2:22:40	5	15	22.0	12.6987	79.5586
1:2:23:45	5	15	22.0	12.6987	79.5586
1:2:24:50	5	15	22.0	12.6987	79.5586
1:2:26:0	5	15	22.0	12.6987	79.5586
1:2:27:5	5	15	22.0	12.6987	79.5586
1:2:28:10	5	15	22.0	12.6987	79.5586
1:2:29:20	5	15	22.0	12.6987	79.5586
1:2:30:25	5	15	22.0	12.6987	79.5586
1:2:31:30	5	15	22.0	12.6987	79.5586
1:2:32:40	5	15	22.0	12.6987	79.5586
1:2:33:45	5	15	22.0	12.6987	79.5586
1:2:34:55	5	15	22.0	12.5965	79.5586
1:2:36:0	5	15	22.0	12.5965	79.5586
1:2:37:5	5	15	22.0	12.5965	79.5586
1:2:38:15	5	15	22.0	12.5965	79.5586
1:2:39:20	5	15	22.0	12.5965	79.5586
1:2:40:25	5	15	22.0	12.5965	79.5586
1:2:41:35	5	15	22.0	12.5965	79.5586
1:2:42:40	5	15	22.0	12.5965	79.5586
1:2:43:45	5	15	22.0	12.5965	79.5586
1:2:44:55	5	15	22.0	12.5965	79.5586
1:2:46:0	5	15	22.0	12.5965	79.5586
1:2:47:10	5	15	22.0	12.5965	79.5586
1:2:48:15	5	15	22.0	12.5965	79.5586
1:2:49:20	5	15	22.0	12.5965	79.5586
1:2:50:30	5	15	22.0	12.4963	79.5586
1:2:51:35	5	15	22.0	12.4963	79.5586
1:2:52:40	5	15	22.0	12.4963	79.5586
1:2:53:50	5	15	22.0	12.4963	79.5586
1:2:54:55	5	15	22.0	12.4963	79.5586
1:2:56:5	5	15	22.0	12.4963	79.5586
1:2:57:10	5	15	22.0	12.4963	79.5586
1:2:58:15	5	15	22.0	12.4963	79.5586
1:2:59:25	5	15	22.0	12.4963	79.5586
1:3:0:30	5	15	22.0	12.4963	79.5586
1:3:1:35	5	15	22.0	12.4963	79.5586
1:3:2:45	5	15	22.0	12.4963	79.5586
1:3:3:50	5	15	22.0	12.3965	79.5586
1:3:4:55	5	15	22.0	12.3965	79.5586
1:3:6:5	5	15	22.0	12.3965	79.5586
1:3:7:10	5	15	22.0	12.3965	79.5586
1:3:8:20	5	15	22.0	12.3965	79.5586
1:3:9:25	5	15	22.0	12.3965	79.5586
1:3:10:30	5	15	22.0	12.3965	79.5586
1:3:11:40	5	15	22.0	12.3965	79.5586
1:3:12:45	5	15	22.0	12.3965	79.5586
1:3:13:50	5	15	22.0	12.3965	79.5586
1:3:15:0	5	15	22.0	12.3965	79.5586
1:3:16:5	5	15	22.0	12.3965	79.5586
1:3:17:15	5	15	22.0	12.3965	79.5586
1:3:18:20	5	15	22.0	12.3965	79.5586
1:3:19:25	5	15	22.0	12.3965	79.5586
1:3:20:35	5	15	22.0	12.2971	79.5586
1:3:21:40	5	15	22.0	12.2971	79.5586
1:3:22:45	5	15	22.0	12.2971	79.5586
1:3:23:55	5	15	22.0	12.2971	79.5586
1:3:25:0	5	15	22.0	12.2971	79.5586
1:3:26:10	5	15	22.0	12.2971	79.5586
1:3:27:15	5	15	22.0	12.2971	79.5586
1:3:28:20	5	15	22.0	12.2971	79.5586
1:3:29:30	5	15	22.0	12.2971	79.5586
1:3:30:35	5	15	22.0	12.2971	79.5586
1:3:31:40	5	15	22.0	12.2971	79.5586
1:3:32:50	5	15	22.0	12.2971	79.5586
1:3:33:55	5	15	22.0	12.2971	79.5586
1:3:35:5	5	15	22.0	12.1947	79.5586
1:3:36:10	5	15	22.0	12.1947	79.5586
1:3:37:15	5	15	22.0	12.1947	79.5586
1:3:38:25	5	15	22.0	12.1947	79.5586
1:3:39:30	5	15	22.0	12.1947	79.5586
1:3:40:35	5	15	22.0	12.1947	79.5586
1:3:41:45	5	15	22.0	12.1947	79.5586
1:3:42:50	5	15	22.0	12.1947	79.5586
1:3:43:55	5	15	22.0	12.1947	79.5586
1:3:45:5	5	15	22.0	12.1947	79.5586
1:3:46:10	5	15	22.0	12.1947	79.5586
1:3:47:20	5	15	22.0	12.1947	79.5586
1:3:48:25	5	15	22.0	12.1947	79.5586
1:3:49:30	5	15	22.0	12.1947	79.5586
1:3:50:40	5	15	22.0	12.0995	79.5586
1:3:51:45	5	15	22.0	12.0995	79.5586
1:3:52:50	5	15	22.0	12.0995	79.5586
1:3:54:0	5	15	22.0	12.0995	79.5586
1:3:55:5	5	15	22.0	12.0995	79.5586
1:3:56:15	5	15	22.0	12.0995	79.5586
1:3:57:20	5	15	22.0	12.0995	79.5586
1:3:58:25	5	15	22.0	12.0995	79.5586
1:3:59:35	5	15	22.0	12.0995	79.5586
1:4:0:40	5	15	22.0	12.0995	79.5586
1:4:1:45	5	15	22.0	12.0995	79.5586
1:4:2:55	5	15	22.0	12.0995	79.5586
1:4:4:0	5	15	22.0	12.0995	79.5586
1:4:5:10	5	15	22.0	12.0995	79.5586
1:4:6:15	5	15	22.0	12.0995	79.5586
1:4:7:20	5	15	22.0	12.0995	79.5586
1:4:8:30	5	15	22.0	11.9997	79.5586
1:4:9:35	5	15	22.0	11.9997	79.5586
1:4:10:40	5	15	22.0	11.9997	79.5586
1:4:11:50	5	15	22.0	11.9997	79.5586
1:4:12:55	5	15	22.0	11.9997	79.5586
1:4:14:10	5	15	22.0	11.9997	89.505
1:4:15:15	5	15	22.0	11.9997	99.6256
1:4:16:20	5	15	22.0	11.9997	99.6256
1:4:17:30	5	15	22.0	11.9997	99.6256
1:4:18:35	5	15	22.0	11.9997	99.6256
1:4:19:40	5	15	22.0	11.9997	99.6256
1:4:20:50	5	15	22.0	11.9997	99.6256
1:4:21:55	5	15	22.0	11.8965	99.6256
1:4:23:5	5	15	22.0	11.8965	99.6256
1:4:24:10	5	15	22.0	11.8965	99.6256
1:4:25:15	5	15	22.0	11.8965	99.6256
1:4:26:25	5	15	22.0	11.8965	99.6256
1:4:27:30	5	15	22.0	11.8965	99.6256
1:4:28:35	5	15	22.0	11.8965	99.6256
1:4:29:45	5	15	22.0	11.8965	99.6256
1:4:30:50	5	15	22.0	11.8965	99.6256
1:4:31:55	5	15	22.0	11.8965	99.6256
1:4:33:5	5	15	22.0	11.8965	99.6256
1:4:34:10	5	15	22.0	11.8965	99.6256
1:4:35:20	5	15	22.0	11.8965	99.6256
1:4:36:25	5	15	22.0	11.8965	99.6256
1:4:37:30	5	15	22.0	11.8965	99.6256
1:4:38:40	5	15	22.0	11.8965	99.6256
1:4:39:45	5	15	22.0	11.8965	99.6256
1:4:40:50	5	15	22.0	11.8965	99.6256
1:4:42:0	5	15	22.0	11.8965	99.6256
1:4:43:5	5	15	22.0	11.8965	99.6256
1:4:44:15	5	15	22.0	11.8965	99.6256
1:4:45:20	5	15	22.0	11.8965	99.6256
1:4:46:25	5	15	22.0	11.8965	99.6256
1:4:47:35	5	15	22.0	11.8965	99.6256
1:4:48:40	5	15	22.0	11.8965	99.6256
1:4:49:45	5	15	22.0	11.8965	99.6256
1:4:50:55	5	15	22.0	11.8965	99.6256
1:4:52:0	5	15	22.0	11.8965	99.6256
1:4:53:5	5	15	22.0	11.8965	99.6256
1:4:54:15	5	15	22.0	11.8965	99.6256
1:4:55:20	5	15	22.0	11.8965	99.6256
1:4:56:25	5	15	22.0	11.8965	99.6256
1:4:57:35	5	15	22.0	11.8965	99.6256
1:4:58:40	5	15	22.0	11.8965	99.6256
1:4:59:50	5	15	22.0	11.8965	99.6256
1:5:0:55	5	15	22.0	11.8965	99.6256
1:5:2:0	5	15	22.0	11.8965	99.6256
1:5:3:10	5	15	22.0	11.8965	99.6256
1:5:4:15	5	15	22.0	11.8965	99.6256
1:5:5:20	5	15	22.0	11.8965	99.6256
1:5:6:30	5	15	22.0	11.8965	99.6256
1:5:7:35	5	15	22.0	11.8965	99.6256
1:5:8:40	5	15	22.0	11.8965	99.6256
1:5:9:50	5	15	22.0	11.8965	99.6256
1:5:10:55	5	15	22.0	11.8965	99.6256
1:5:12:5	5	15	22.0	11.8965	99.6256
1:5:13:10	5	15	22.0	11.8965	99.6256
1:5:14:15	5	15	22.0	11.8965	99.6256
1:5:15:25	5	15	22.0	11.8965	99.6256
1:5:16:30	5	15	22.0	11.8965	99.6256
1:5:17:35	5	15	22.0	11.903	99.6256
1:5:18:45	5	15	22.0	11.903	99.6256
1:5:19:50	5	15	22.0	11.903	99.6256
1:5:20:55	5	15	22.0	11.903	99.6256
1:5:22:5	5	15	22.0	11.903	99.6256
1:5:23:10	5	15	22.0	11.903	99.6256
1:5:24:20	5	15	22.0	11.903	99.6256
1:5:25:25	5	15	22.0	11.903	99.6256
1:5:26:30	5	15	22.0	11.903	99.6256
1:5:27:40	5	15	22.0	11.903	99.6256
1:5:28:45	5	15	22.0	11.903	99.6256
1:5:29:50	5	15	22.0	11.903	99.6256
1:5:31:0	5	15	22.0	11.903	99.6256
1:5:32:5	5	15	22.0	11.903	99.6256
1:5:33:15	5	15	22.0	11.903	99.6256
1:5:34:20	5	15	22.0	11.903	99.6256
1:5:35:25	5	15	22.0	11.903	99.6256
1:5:36:35	5	15	22.0	11.903	99.6256
1:5:37:40	5	15	22.0	11.903	99.6256
1:5:38:45	5	15	22.0	11.903	99.6256
1:5:39:55	5	15	22.0	12.003	99.6256
1:5:41:0	5	15	22.0	12.003	99.6256
1:5:42:10	5	15	22.0	12.003	99.6256
1:5:43:15	5	15	22.0	12.003	99.6256
1:5:44:20	5	15	22.0	12.003	99.6256
1:5:45:30	5	15	22.0	12.003	99.6256
1:5:46:35	5	15	22.0	12.003	99.6256
1:5:47:40	5	15	22.0	12.003	99.6256
1:5:48:50	5	15	22.0	12.003	99.6256
1:5:49:55	5	15	22.0	12.003	99.6256
1:5:51:0	5	15	22.0	12.003	99.6256
1:5:52:10	5	15	22.0	12.003	99.6256
1:5:53:15	5	15	22.0	12.003	99.6256
1:5:54:20	5	15	22.0	12.003	99.6256
1:5:55:30	5	15	22.0	12.003	99.6256
1:5:56:35	5	15	22.0	12.003	99.6256
1:5:57:45	5	15	22.0	12.003	99.6256
1:5:58:50	5	15	22.0	12.003	99.6256
1:5:59:55	5	15	22.0	12.1024	99.6256
1:6:1:5	5	15	22.0	12.1024	99.6256
1:6:2:10	5	15	22.0	12.1024	99.6256
1:6:3:15	5	15	22.0	12.1024	99.6256
1:6:4:25	5	15	22.0	12.1024	99.6256
1:6:5:30	5	15	22.0	12.1024	99.6256
1:6:6:40	5	15	22.0	12.1024	99.6256
1:6:7:45	5	15	22.0	12.1024	99.6256
1:6:8:50	5	15	22.0	12.1024	99.6256
1:6:10:0	5	15	22.0	12.2099	99.6256
1:6:11:5	5	15	22.0	12.2099	99.6256
1:6:12:10	5	15	22.0	12.2099	99.6256
1:6:13:20	5	15	22.0	12.2099	99.6256
