1:0:49:30	6	10	22.0	29.5964	10.4585
1:0:50:35	6	10	22.0	29.5964	10.4585
1:0:51:40	6	10	22.0	29.5964	10.4585
1:0:52:45	6	10	22.0	29.5964	10.4585
1:0:53:50	6	10	22.0	29.5964	10.4585
1:0:54:55	6	10	22.0	29.4971	10.4585
1:0:56:0	6	10	22.0	29.4971	10.4585
1:0:57:5	6	10	22.0	29.4971	10.4585
1:0:58:10	6	10	22.0	29.4971	10.4585
1:0:59:15	6	10	22.0	29.4971	10.4585
1:1:0:20	6	10	22.0	29.4971	10.4585
1:1:1:25	6	10	22.0	29.4971	10.4585
1:1:2:30	6	10	22.0	29.4971	10.4585
1:1:3:35	6	10	22.0	29.4971	10.4585
1:1:4:40	6	10	22.0	29.4971	10.4585
1:1:5:45	6	10	22.0	29.4971	10.4585
1:1:6:50	6	10	22.0	29.4971	10.4585
1:1:8:0	6	10	22.0	29.3926	10.4585
1:1:9:5	6	10	22.0	29.3926	10.4585
1:1:10:10	6	10	22.0	29.3926	10.4585
1:1:11:15	6	10	22.0	29.3926	10.4585
1:1:12:20	6	10	22.0	29.3926	10.4585
1:1:13:25	6	10	22.0	29.3926	10.4585
1:1:14:30	6	10	22.0	29.3926	10.4585
1:1:15:35	6	10	22.0	29.3926	10.4585
1:1:16:40	6	10	22.0	29.292	10.4585
1:1:17:45	6	10	22.0	29.292	10.4585
1:1:18:50	6	10	22.0	29.292	10.4585
1:1:19:55	6	10	22.0	29.292	10.4585
1:1:21:5	6	10	22.0	29.292	10.4585
1:1:22:10	6	10	22.0	29.292	10.4585
1:1:23:15	6	10	22.0	29.1996	10.4585
1:1:24:20	6	10	22.0	29.1996	10.4585
1:1:25:25	6	10	22.0	29.1996	10.4585
1:1:26:30	6	10	22.0	29.1996	10.4585
1:1:27:35	6	10	22.0	29.1996	10.4585
1:1:28:40	6	10	22.0	29.1996	10.4585
1:1:29:45	6	10	22.0	29.1996	10.4585
1:1:30:50	6	10	22.0	29.096	10.4585
1:1:31:55	6	10	22.0	29.096	10.4585
1:1:33:0	6	10	22.0	29.096	10.4585
1:1:34:5	6	10	22.0	29.096	10.4585
1:1:35:10	6	10	22.0	29.096	10.4585
1:1:36:15	6	10	22.0	28.9995	10.4585
1:1:37:20	6	10	22.0	28.9995	10.4585
1:1:38:25	6	10	22.0	28.9995	10.4585
1:1:39:30	6	10	22.0	28.9995	10.4585
1:1:40:35	6	10	22.0	28.9995	10.4585
1:1:41:40	6	10	22.0	28.9995	10.4585
1:1:42:45	6	10	22.0	28.8964	10.4585
1:1:43:50	6	10	22.0	28.8964	10.4585
1:1:45:0	6	10	22.0	28.8964	10.4585
1:1:46:5	6	10	22.0	28.8964	10.4585
1:1:47:10	6	10	22.0	28.8964	10.4585
1:1:48:15	6	10	22.0	28.7869	10.4585
1:1:49:20	6	10	22.0	28.7869	10.4585
1:1:50:25	6	10	22.0	28.7869	10.4585
1:1:51:30	6	10	22.0	28.7869	10.4585
1:1:52:35	6	10	22.0	28.7869	10.4585
1:1:53:40	6	10	22.0	28.6922	10.4585
1:1:54:45	6	10	22.0	28.6922	10.4585
1:1:55:50	6	10	22.0	28.6922	10.4585
1:1:56:55	6	10	22.0	28.6922	10.4585
1:1:58:0	6	10	22.0	28.6922	10.4585
1:1:59:5	6	10	22.0	28.594	10.4585
1:2:0:10	6	10	22.0	28.594	10.4585
1:2:1:15	6	10	22.0	28.594	10.4585
1:2:2:20	6	10	22.0	28.594	10.4585
1:2:3:25	6	10	22.0	28.4909	10.4585
1:2:4:30	6	10	22.0	28.4909	10.4585
1:2:5:35	6	10	22.0	28.4909	10.4585
1:2:6:40	6	10	22.0	28.4909	10.4585
1:2:7:50	6	10	22.0	28.4909	10.4585
1:2:8:55	6	10	22.0	28.378	10.4585
1:2:10:0	6	10	22.0	28.378	10.4585
1:2:11:5	6	10	22.0	28.378	10.4585
1:2:12:10	6	10	22.0	28.281	10.4585
1:2:13:15	6	10	22.0	28.281	10.4585
1:2:14:20	6	10	22.0	28.281	10.4585
1:2:15:25	6	10	22.0	28.281	10.4585
1:2:16:30	6	10	22.0	28.1784	10.4585
1:2:17:35	6	10	22.0	28.1784	10.4585
1:2:18:40	6	10	22.0	28.1784	10.4585
1:2:19:45	6	10	22.0	28.0981	10.4585
1:2:20:50	6	10	22.0	28.0981	10.4585
1:2:21:55	6	10	22.0	28.0981	10.4585
1:2:23:0	6	10	22.0	28.0981	10.4585
1:2:24:5	6	10	22.0	27.9868	10.4585
1:2:25:15	6	10	22.0	27.9868	10.4585
1:2:26:20	6	10	22.0	27.9868	10.4585
1:2:27:25	6	10	22.0	27.8714	10.4585
1:2:28:30	6	10	22.0	27.8714	10.4585
1:2:29:35	6	10	22.0	27.8714	10.4585
1:2:30:40	6	10	22.0	27.7823	10.4585
1:2:31:45	6	10	22.0	27.7823	10.4585
1:2:32:50	6	10	22.0	27.7823	10.4585
1:2:33:55	6	10	22.0	27.6912	10.4585
1:2:35:0	6	10	22.0	27.6912	10.4585
1:2:36:5	6	10	22.0	27.6912	10.4585
1:2:37:10	6	10	22.0	27.5982	10.4585
1:2:38:15	6	10	22.0	27.5982	10.4585
1:2:39:20	6	10	22.0	27.5982	10.4585
1:2:40:25	6	10	22.0	27.4713	10.4585
1:2:41:30	6	10	22.0	27.4713	10.4585
1:2:42:35	6	10	22.0	27.4713	10.4585
1:2:43:40	6	10	22.0	27.3741	10.4585
1:2:44:45	6	10	22.0	27.3741	10.4585
1:2:45:50	6	10	22.0	27.3741	10.4585
1:2:46:55	6	10	22.0	27.2751	10.4585
1:2:48:5	6	10	22.0	27.2751	10.4585
1:2:49:10	6	10	22.0	27.1752	10.4585
1:2:50:15	6	10	22.0	27.1752	10.4585
1:2:51:20	6	10	22.0	27.1752	10.4585
1:2:52:25	6	10	22.0	27.0736	10.4585
1:2:53:30	6	10	22.0	27.0736	10.4585
1:2:54:35	6	10	22.0	27.0736	10.4585
1:2:55:40	6	10	22.0	26.9707	10.4585
1:2:56:45	6	10	22.0	26.9707	10.4585
1:2:57:50	6	10	22.0	26.9707	10.4585
1:2:58:55	6	10	22.0	26.8658	10.4585
1:3:0:0	6	10	22.0	26.8658	10.4585
1:3:1:5	6	10	22.0	26.7953	10.4585
1:3:2:10	6	10	22.0	26.7953	10.4585
1:3:3:15	6	10	22.0	26.6894	10.4585
1:3:4:20	6	10	22.0	26.6894	10.4585
1:3:5:25	6	10	22.0	26.6894	10.4585
1:3:6:30	6	10	22.0	26.5832	10.4585
1:3:7:35	6	10	22.0	26.5832	10.4585
1:3:8:40	6	10	22.0	26.5832	10.4585
1:3:9:45	6	10	22.0	26.4766	10.4585
1:3:10:50	6	10	22.0	26.4766	10.4585
1:3:12:0	6	10	22.0	26.4766	10.4585
1:3:13:5	6	10	22.0	26.3702	10.4585
1:3:14:10	6	10	22.0	26.2991	10.4585
1:3:15:15	6	10	22.0	26.2991	10.4585
1:3:16:20	6	10	22.0	26.2991	10.4585
1:3:17:25	6	10	22.0	26.1926	10.4585
1:3:18:30	6	10	22.0	26.1926	10.4585
1:3:19:35	6	10	22.0	26.1926	10.4585
1:3:20:40	6	10	22.0	26.0861	10.4585
1:3:21:45	6	10	22.0	26.0861	10.4585
1:3:22:50	6	10	22.0	26.0861	10.4585
1:3:23:55	6	10	22.0	25.9799	10.4585
1:3:25:0	6	10	22.0	25.9799	10.4585
1:3:26:5	6	10	22.0	25.9799	10.4585
1:3:27:10	6	10	22.0	25.8736	10.4585
1:3:28:15	6	10	22.0	25.8736	10.4585
1:3:29:20	6	10	22.0	25.7676	10.4585
1:3:30:25	6	10	22.0	25.7676	10.4585
1:3:31:30	6	10	22.0	25.697	10.4585
1:3:32:35	6	10	22.0	25.697	10.4585
1:3:33:40	6	10	22.0	25.697	10.4585
1:3:34:45	6	10	22.0	25.5909	10.4585
1:3:35:50	6	10	22.0	25.5909	10.4585
1:3:36:55	6	10	22.0	25.5909	10.4585
1:3:38:0	6	10	22.0	25.4853	10.4585
1:3:39:5	6	10	22.0	25.4853	10.4585
1:3:40:15	6	10	22.0	25.3797	10.4585
1:3:41:20	6	10	22.0	25.3797	10.4585
1:3:42:25	6	10	22.0	25.3797	10.4585
1:3:43:30	6	10	22.0	25.2741	10.4585
1:3:44:35	6	10	22.0	25.2741	10.4585
1:3:45:40	6	10	22.0	25.2741	10.4585
1:3:46:45	6	10	22.0	25.1685	10.4585
1:3:47:50	6	10	22.0	25.1685	10.4585
1:3:48:55	6	10	22.0	25.0983	10.4585
1:3:50:0	6	10	22.0	25.0983	10.4585
1:3:51:5	6	10	22.0	25.0983	10.4585
1:3:52:10	6	10	22.0	24.9931	10.4585
1:3:53:15	6	10	22.0	24.9931	10.4585
1:3:54:20	6	10	22.0	24.8881	10.4585
1:3:55:25	6	10	22.0	24.8881	10.4585
1:3:56:30	6	10	22.0	24.8881	10.4585
1:3:57:35	6	10	22.0	24.783	10.4585
1:3:58:40	6	10	22.0	24.783	10.4585
1:3:59:45	6	10	22.0	24.783	10.4585
1:4:0:55	6	10	22.0	24.6784	10.4585
1:4:2:0	6	10	22.0	24.6784	10.4585
1:4:3:5	6	10	22.0	24.6784	10.4585
1:4:4:10	6	10	22.0	24.5765	10.4585
1:4:5:15	6	10	22.0	24.5765	10.4585
1:4:6:20	6	10	22.0	24.4787	10.4585
1:4:7:25	6	10	22.0	24.4787	10.4585
1:4:8:30	6	10	22.0	24.4787	10.4585
1:4:9:40	6	10	22.0	24.385	10.4585
1:4:10:45	6	10	22.0	24.385	10.4585
1:4:11:50	6	10	22.0	24.385	10.4585
1:4:12:55	6	10	22.0	24.2953	10.4585
1:4:14:0	6	10	22.0	24.2953	10.4585
1:4:15:5	6	10	22.0	24.2953	10.4585
1:4:16:10	6	10	22.0	24.1813	10.4585
1:4:17:15	6	10	22.0	24.1813	10.4585
1:4:18:20	6	10	22.0	24.1813	10.4585
1:4:19:25	6	10	22.0	24.0995	10.4585
1:4:20:30	6	10	22.0	24.0995	10.4585
1:4:21:40	6	10	22.0	24.0995	10.4585
1:4:22:45	6	10	22.0	24.0995	10.4585
1:4:23:50	6	10	22.0	23.995	10.4585
1:4:24:55	6	10	22.0	23.995	10.4585
1:4:26:0	6	10	22.0	23.995	10.4585
1:4:27:5	6	10	22.0	23.995	10.4585
1:4:28:10	6	10	22.0	23.8952	10.4585
1:4:29:15	6	10	22.0	23.8952	10.4585
1:4:30:20	6	10	22.0	23.8952	10.4585
1:4:31:25	6	10	22.0	23.8952	10.4585
1:4:32:30	6	10	22.0	23.7771	10.4585
1:4:33:35	6	10	22.0	23.7771	10.4585
1:4:34:40	6	10	22.0	23.7771	10.4585
1:4:35:45	6	10	22.0	23.7771	10.4585
1:4:36:50	6	10	22.0	23.6875	10.4585
1:4:37:55	6	10	22.0	23.6875	10.4585
1:4:39:0	6	10	22.0	23.6875	10.4585
1:4:40:5	6	10	22.0	23.6875	10.4585
1:4:41:10	6	10	22.0	23.5808	10.4585
1:4:42:15	6	10	22.0	23.5808	10.4585
1:4:43:20	6	10	22.0	23.5808	10.4585
1:4:44:25	6	10	22.0	23.5808	10.4585
1:4:45:30	6	10	22.0	23.4991	10.4585
1:4:46:35	6	10	22.0	23.4991	10.4585
1:4:47:45	6	10	22.0	23.4991	10.4585
1:4:48:50	6	10	22.0	23.4991	10.4585
1:4:49:55	6	10	22.0	23.4991	10.4585
1:4:51:0	6	10	22.0	23.4991	10.4585
1:4:52:5	6	10	22.0	23.3826	10.4585
1:4:53:10	6	10	22.0	23.3826	10.4585
1:4:54:15	6	10	22.0	23.3826	10.4585
1:4:55:20	6	10	22.0	23.3826	10.4585
1:4:56:25	6	10	22.0	23.2909	10.4585
1:4:57:30	6	10	22.0	23.2909	10.4585
1:4:58:35	6	10	22.0	23.2909	10.4585
1:4:59:40	6	10	22.0	23.2909	10.4585
1:5:0:45	6	10	22.0	23.2909	10.4585
1:5:1:50	6	10	22.0	23.2909	10.4585
1:5:2:55	6	10	22.0	23.1878	10.4585
1:5:4:0	6	10	22.0	23.1878	10.4585
1:5:5:5	6	10	22.0	23.1878	10.4585
1:5:6:10	6	10	22.0	23.1878	10.4585
1:5:7:15	6	10	22.0	23.1878	10.4585
1:5:8:20	6	10	22.0	23.1878	10.4585
1:5:9:25	6	10	22.0	23.0899	10.4585
1:5:10:30	6	10	22.0	23.0899	10.4585
1:5:11:40	6	10	22.0	23.0899	10.4585
1:5:12:45	6	10	22.0	23.0899	10.4585
1:5:13:50	6	10	22.0	23.0899	10.4585
1:5:14:55	6	10	22.0	23.0899	10.4585
1:5:16:0	6	10	22.0	23.0899	10.4585
1:5:17:5	6	10	22.0	23.0899	10.4585
1:5:18:10	6	10	22.0	23.0899	10.4585
1:5:19:15	6	10	22.0	22.9933	10.4585
1:5:20:20	6	10	22.0	22.9933	10.4585
1:5:21:25	6	10	22.0	22.9933	10.4585
1:5:22:30	6	10	22.0	22.9933	10.4585
1:5:23:35	6	10	22.0	22.9933	10.4585
1:5:24:40	6	10	22.0	22.9933	10.4585
1:5:25:45	6	10	22.0	22.9933	10.4585
1:5:26:50	6	10	22.0	22.9933	10.4585
1:5:27:55	6	10	22.0	22.9933	10.4585
1:5:29:0	6	10	22.0	22.9933	10.4585
1:5:30:10	6	10	22.0	22.9933	10.4585
1:5:31:15	6	10	22.0	22.9933	10.4585
1:5:32:20	6	10	22.0	22.9933	10.4585
1:5:33:25	6	10	22.0	22.9933	10.4585
1:5:34:30	6	10	22.0	22.9933	10.4585
1:5:35:35	6	10	22.0	22.9933	10.4585
1:5:36:40	6	10	22.0	22.9933	10.4585
1:5:37:45	6	10	22.0	22.9933	10.4585
1:5:38:50	6	10	22.0	22.9933	10.4585
1:5:39:55	6	10	22.0	22.9933	10.4585
1:5:41:0	6	10	22.0	22.9933	10.4585
1:5:42:5	6	10	22.0	22.9933	10.4585
1:5:43:10	6	10	22.0	22.9933	10.4585
1:5:44:15	6	10	22.0	22.9933	10.4585
1:5:45:20	6	10	22.0	22.9933	10.4585
1:5:46:25	6	10	22.0	22.9933	10.4585
1:5:47:35	6	10	22.0	22.9933	10.4585
1:5:48:40	6	10	22.0	22.9933	10.4585
1:5:49:45	6	10	22.0	22.9933	10.4585
1:5:50:50	6	10	22.0	22.9933	10.4585
1:5:51:55	6	10	22.0	22.9933	10.4585
1:5:53:0	6	10	22.0	22.9933	10.4585
1:5:54:5	6	10	22.0	22.9933	10.4585
1:5:55:10	6	10	22.0	22.9933	10.4585
1:5:56:15	6	10	22.0	22.9933	10.4585
1:5:57:20	6	10	22.0	22.9933	10.4585
1:5:58:25	6	10	22.0	22.9933	10.4585
1:5:59:30	6	10	22.0	22.9933	10.4585
1:6:0:35	6	10	22.0	22.9933	10.4585
1:6:1:40	6	10	22.0	22.9933	10.4585
1:6:2:45	6	10	22.0	22.9933	10.4585
1:6:3:50	6	10	22.0	22.9933	10.4585
1:6:4:55	6	10	22.0	22.9933	10.4585
1:6:6:0	6	10	22.0	23.0057	10.4585
1:6:7:5	6	10	22.0	23.0057	10.4585
1:6:8:10	6	10	22.0	23.0057	10.4585
1:6:9:15	6	10	22.0	23.0057	10.4585
1:6:10:20	6	10	22.0	23.0057	10.4585
1:6:11:25	6	10	22.0	23.0057	10.4585
1:6:12:30	6	10	22.0	23.101	10.4585
1:6:13:35	6	10	22.0	23.101	10.4585
1:6:14:45	6	10	22.0	23.101	10.4585
1:6:15:50	6	10	22.0	23.101	10.4585
1:6:16:55	6	10	22.0	23.101	10.4585
1:6:18:0	6	10	22.0	23.101	10.4585
1:6:19:5	6	10	22.0	23.2167	10.4585
1:6:20:10	6	10	22.0	23.2167	10.4585
1:6:21:15	6	10	22.0	23.2167	10.4585
1:6:22:20	6	10	22.0	23.3089	10.4585
1:6:23:25	6	10	22.0	23.3089	10.4585
1:6:24:30	6	10	22.0	23.3089	10.4585
1:6:25:35	6	10	22.0	23.3089	10.4585
1:6:26:40	6	10	22.0	23.4129	10.4585
1:6:27:45	6	10	22.0	23.4129	10.4585
1:6:28:50	6	10	22.0	23.4129	10.4585
1:6:29:55	6	10	22.0	23.4129	10.4585
1:6:31:0	6	10	22.0	23.5268	10.4585
1:6:32:5	6	10	22.0	23.5268	10.4585
1:6:33:10	6	10	22.0	23.6183	10.4585
1:6:34:15	6	10	22.0	23.6183	10.4585
1:6:35:20	6	10	22.0	23.6183	10.4585
1:6:36:25	6	10	22.0	23.7151	10.4585
1:6:37:30	6	10	22.0	23.7151	10.4585
1:6:38:35	6	10	22.0	23.7151	10.4585
1:6:39:40	6	10	22.0	23.8166	10.4585
1:6:40:45	6	10	22.0	23.8166	10.4585
1:6:41:50	6	10	22.0	23.8166	10.4585
1:6:43:0	6	10	22.0	23.9224	10.4585
1:6:44:5	6	10	22.0	23.9224	10.4585
1:6:45:10	6	10	22.0	24.0321	10.4585
1:6:46:15	6	10	22.0	24.0321	10.4585
1:6:47:20	6	10	22.0	24.1075	10.4585
1:6:48:25	6	10	22.0	24.1075	10.4585
1:6:49:30	6	10	22.0	24.1075	10.4585
1:6:50:35	6	10	22.0	24.2239	10.4585
1:6:51:40	6	10	22.0	24.2239	10.4585
1:6:52:45	6	10	22.0	24.3032	10.4585
1:6:53:50	6	10	22.0	24.3032	10.4585
1:6:54:55	6	10	22.0	24.3032	10.4585
1:6:56:0	6	10	22.0	24.4249	10.4585
1:6:57:5	6	10	22.0	24.4249	10.4585
1:6:58:10	6	10	22.0	24.5076	10.4585
1:6:59:15	6	10	22.0	24.5076	10.4585
1:7:0:20	6	10	22.0	24.6344	10.4585
1:7:1:25	6	10	22.0	24.6344	10.4585
1:7:2:35	6	10	22.0	24.7207	10.4585
1:7:3:40	6	10	22.0	24.7207	10.4585
1:7:4:45	6	10	22.0	24.8084	10.4585
1:7:5:50	6	10	22.0	24.8084	10.4585
1:7:6:55	6	10	22.0	24.8084	10.4585
1:7:8:0	6	10	22.0	24.9424	10.4585
1:7:9:5	6	10	22.0	24.9424	10.4585
1:7:10:10	6	10	22.0	25.0334	10.4585
1:7:11:15	6	10	22.0	25.1256	10.4585
1:7:12:20	6	10	22.0	25.1256	10.4585
1:7:13:25	6	10	22.0	25.219	10.4585
1:7:14:30	6	10	22.0	25.219	10.4585
1:7:15:35	6	10	22.0	25.3136	10.4585
1:7:16:40	6	10	22.0	25.3136	10.4585
1:7:17:45	6	10	22.0	25.4095	10.4585
1:7:18:50	6	10	22.0	25.4095	10.4585
1:7:19:55	6	10	22.0	25.5063	10.4585
1:7:21:0	6	10	22.0	25.5063	10.4585
1:7:22:5	6	10	22.0	25.604	10.4585
1:7:23:10	6	10	22.0	25.7027	10.4585
1:7:24:15	6	10	22.0	25.7027	10.4585
1:7:25:20	6	10	22.0	25.8021	10.4585
1:7:26:25	6	10	22.0	25.8021	10.4585
1:7:27:30	6	10	22.0	25.9023	10.4585
1:7:28:35	6	10	22.0	25.9023	10.4585
1:7:29:40	6	10	22.0	26.0033	10.4585
1:7:30:45	6	10	22.0	26.0033	10.4585
1:7:31:55	6	10	22.0	26.105	10.4585
1:7:33:0	6	10	22.0	26.105	10.4585
1:7:34:5	6	10	22.0	26.2073	10.4585
1:7:35:10	6	10	22.0	26.3107	10.4585
1:7:36:15	6	10	22.0	26.3107	10.4585
1:7:37:20	6	10	22.0	26.4145	10.4585
1:7:38:25	6	10	22.0	26.4145	10.4585
1:7:39:30	6	10	22.0	26.5189	10.4585
1:7:40:35	6	10	22.0	26.5189	10.4585
1:7:41:40	6	10	22.0	26.6239	10.4585
1:7:42:45	6	10	22.0	26.6239	10.4585
1:7:43:50	6	10	22.0	26.7292	10.4585
1:7:44:55	6	10	22.0	26.7292	10.4585
1:7:46:0	6	10	22.0	26.835	10.4585
1:7:47:5	6	10	22.0	26.835	10.4585
1:7:48:10	6	10	22.0	26.9412	10.4585
1:7:49:15	6	10	22.0	27.0477	10.4585
1:7:50:20	6	10	22.0	27.1012	10.4585
1:7:51:25	6	10	22.0	27.1012	10.4585
1:7:52:30	6	10	22.0	27.2082	10.4585
1:7:53:35	6	10	22.0	27.2082	10.4585
1:7:54:45	6	10	22.0	27.3155	10.4585
1:7:55:50	6	10	22.0	27.3155	10.4585
1:7:56:55	6	10	22.0	27.4235	10.4585
1:7:58:0	6	10	22.0	27.4235	10.4585
1:7:59:5	6	10	22.0	27.5316	10.4585
1:8:0:10	6	10	22.0	27.64	10.4585
1:8:1:15	6	10	22.0	27.64	10.4585
1:8:2:20	6	10	22.0	27.7485	10.4585
1:8:3:25	6	10	22.0	27.803	10.4585
1:8:4:30	6	10	22.0	27.803	10.4585
1:8:5:35	6	10	22.0	27.9121	10.4585
1:8:6:40	6	10	22.0	27.9121	10.4585
1:8:7:45	6	10	22.0	28.0215	10.4585
1:8:8:50	6	10	22.0	28.0215	10.4585
1:8:9:55	6	10	22.0	28.1309	10.4585
1:8:11:0	6	10	22.0	28.1309	10.4585
1:8:12:5	6	10	22.0	28.2409	10.4585
1:8:13:10	6	10	22.0	28.3512	10.4585
1:8:14:15	6	10	22.0	28.4064	10.4585
1:8:15:20	6	10	22.0	28.4064	10.4585
1:8:16:25	6	10	22.0	28.5168	10.4585
1:8:17:30	6	10	22.0	28.5168	10.4585
1:8:18:35	6	10	22.0	28.6275	10.4585
1:8:19:45	6	10	22.0	28.6275	10.4585
1:8:20:50	6	10	22.0	28.738	10.4585
1:8:21:55	6	10	22.0	28.738	10.4585
1:8:23:0	6	10	22.0	28.8487	10.4585
1:8:24:5	6	10	22.0	28.904	10.4585
1:8:25:10	6	10	22.0	29.0149	10.4585
1:8:26:15	6	10	22.0	29.0149	10.4585
1:8:27:20	6	10	22.0	29.1257	10.4585
1:8:28:25	6	10	22.0	29.1257	10.4585
1:8:29:30	6	10	22.0	29.2368	10.4585
1:8:30:35	6	10	22.0	29.2368	10.4585
1:8:31:40	6	10	22.0	29.3478	10.4585
1:8:32:45	6	10	22.0	29.4034	10.4585
1:8:33:55	6	10	22.0	29.4034	10.4585
1:8:35:0	6	10	22.0	29.5143	10.4585
1:8:36:5	6	10	22.0	29.5143	10.4585
1:8:37:10	6	10	22.0	29.6251	10.4585
1:8:38:15	6	10	22.0	29.7357	10.4585
1:8:39:20	6	10	22.0	29.7357	10.4585
1:8:40:25	6	10	22.0	29.8463	10.4585
1:8:41:30	6	10	22.0	29.9015	10.4585
1:8:42:35	6	10	22.0	29.9015	10.4585
1:8:43:40	6	10	22.0	30.0122	10.4585
1:8:44:45	6	10	22.0	30.0122	10.4585
1:8:45:50	6	10	22.0	30.1226	10.4585
1:8:46:55	6	10	22.0	30.1226	10.4585
1:8:48:0	6	10	22.0	30.2329	10.4585
1:8:49:5	6	10	22.0	30.2329	10.4585
1:8:50:10	6	10	22.0	30.343	10.4585
1:8:51:15	6	10	22.0	30.4527	10.4585
1:8:52:20	6	10	22.0	30.5075	10.4585
1:8:53:25	6	10	22.0	30.5075	10.4585
1:8:54:30	6	10	22.0	30.617	10.4585
1:8:55:35	6	10	22.0	30.617	10.4585
1:8:56:40	6	10	22.0	30.7262	10.4585
1:8:57:50	6	10	22.0	30.7262	10.4585
1:8:58:55	6	10	22.0	30.8349	10.4585
1:9:0:0	6	10	22.0	30.8349	10.4585
1:9:1:5	6	10	22.0	30.9436	10.4585
1:9:2:10	6	10	22.0	31.0518	10.4585
1:9:3:15	6	10	22.0	31.1058	10.4585
1:9:4:20	6	10	22.0	31.1058	10.4585
1:9:5:25	6	10	22.0	31.2138	10.4585
1:9:6:30	6	10	22.0	31.2138	10.4585
1:9:7:35	6	10	22.0	31.3215	10.4585
1:9:8:40	6	10	22.0	31.3215	10.4585
1:9:9:45	6	10	22.0	31.4288	10.4585
1:9:10:50	6	10	22.0	31.4288	10.4585
1:9:11:55	6	10	22.0	31.536	10.4585
1:9:13:0	6	10	22.0	31.536	10.4585
1:9:14:5	6	10	22.0	31.6428	10.4585
1:9:15:10	6	10	22.0	31.7496	10.4585
1:9:16:15	6	10	22.0	31.803	10.4585
1:9:17:20	6	10	22.0	31.803	10.4585
1:9:18:30	6	10	22.0	31.9095	10.4585
1:9:19:35	6	10	22.0	31.9095	10.4585
1:9:20:40	6	10	22.0	32.0154	10.4585
1:9:21:45	6	10	22.0	32.0154	10.4585
1:9:22:50	6	10	22.0	32.121	10.4585
1:9:23:55	6	10	22.0	32.121	10.4585
1:9:25:0	6	10	22.0	32.2263	10.4585
1:9:26:5	6	10	22.0	32.2263	10.4585
1:9:27:10	6	10	22.0	32.331	10.4585
1:9:28:15	6	10	22.0	32.4355	10.4585
1:9:29:20	6	10	22.0	32.4355	10.4585
1:9:30:25	6	10	22.0	32.5396	10.4585
1:9:31:30	6	10	22.0	32.5396	10.4585
1:9:32:35	6	10	22.0	32.6431	10.4585
1:9:33:40	6	10	22.0	32.6431	10.4585
1:9:34:45	6	10	22.0	32.7462	10.4585
1:9:35:50	6	10	22.0	32.7462	10.4585
1:9:36:55	6	10	22.0	32.849	10.4585
1:9:38:0	6	10	22.0	32.9001	10.4585
1:9:39:5	6	10	22.0	32.9001	10.4585
1:9:40:10	6	10	22.0	33.0024	10.4585
1:9:41:15	6	10	22.0	33.1043	10.4585
1:9:42:20	6	10	22.0	33.1043	10.4585
1:9:43:25	6	10	22.0	33.2056	10.4585
1:9:44:35	6	10	22.0	33.2056	10.4585
1:9:45:40	6	10	22.0	33.3064	10.4585
1:9:46:50	6	10	22.0	33.3064	10.4585
1:9:47:55	6	10	22.0	33.4068	10.4585
1:9:49:0	6	10	22.0	33.4068	10.4585
1:9:50:5	6	10	22.0	33.5066	10.4585
1:9:51:10	6	10	22.0	33.6058	10.4585
1:9:52:15	6	10	22.0	33.6058	10.4585
1:9:53:20	6	10	22.0	33.7046	10.4585
1:9:54:25	6	10	22.0	33.7046	10.4585
1:9:55:30	6	10	22.0	33.8032	10.4585
1:9:56:35	6	10	22.0	33.8032	10.4585
1:9:57:40	6	10	22.0	33.9012	10.4585
1:9:58:45	6	10	22.0	33.9012	10.4585
1:9:59:50	6	10	22.0	33.9012	10.4585
1:10:0:55	6	10	22.0	34.0473	10.4585
1:10:2:0	6	10	22.0	34.0473	10.4585
1:10:3:5	6	10	22.0	34.1439	10.4585
1:10:4:10	6	10	22.0	34.2398	10.4585
1:10:5:15	6	10	22.0	34.2398	10.4585
1:10:6:20	6	10	22.0	34.3353	10.4585
1:10:7:25	6	10	22.0	34.3353	10.4585
1:10:8:30	6	10	22.0	34.4303	10.4585
1:10:9:35	6	10	22.0	34.4303	10.4585
1:10:10:40	6	10	22.0	34.5248	10.4585
1:10:11:45	6	10	22.0	34.5248	10.4585
1:10:12:50	6	10	22.0	34.6186	10.4585
1:10:13:55	6	10	22.0	34.6186	10.4585
1:10:15:0	6	10	22.0	34.7118	10.4585
1:10:16:5	6	10	22.0	34.7118	10.4585
1:10:17:10	6	10	22.0	34.8044	10.4585
1:10:18:15	6	10	22.0	34.8044	10.4585
1:10:19:20	6	10	22.0	34.9423	10.4585
1:10:20:25	6	10	22.0	34.9423	10.4585
1:10:21:30	6	10	22.0	35.0338	10.4585
1:10:22:35	6	10	22.0	35.0338	10.4585
1:10:23:40	6	10	22.0	35.1244	10.4585
1:10:24:45	6	10	22.0	35.1244	10.4585
1:10:25:55	6	10	22.0	35.2146	10.4585
1:10:27:0	6	10	22.0	35.2146	10.4585
1:10:28:5	6	10	22.0	35.3041	10.4585
1:10:29:10	6	10	22.0	35.3041	10.4585
1:10:30:15	6	10	22.0	35.4374	10.4585
1:10:31:20	6	10	22.0	35.4374	10.4585
1:10:32:25	6	10	22.0	35.5253	10.4585
1:10:33:30	6	10	22.0	35.5253	10.4585
1:10:34:35	6	10	22.0	35.6125	10.4585
1:10:35:40	6	10	22.0	35.6125	10.4585
1:10:36:45	6	10	22.0	35.6125	10.4585
1:10:37:50	6	10	22.0	35.7421	10.4585
1:10:38:55	6	10	22.0	35.7421	10.4585
1:10:40:0	6	10	22.0	35.8277	10.4585
1:10:41:5	6	10	22.0	35.8277	10.4585
1:10:42:10	6	10	22.0	35.9127	10.4585
1:10:43:15	6	10	22.0	35.9127	10.4585
1:10:44:20	6	10	22.0	36.0391	10.4585
1:10:45:25	6	10	22.0	36.0391	10.4585
1:10:46:30	6	10	22.0	36.1226	10.4585
1:10:47:35	6	10	22.0	36.1226	10.4585
1:10:48:40	6	10	22.0	36.2054	10.4585
1:10:49:45	6	10	22.0	36.2054	10.4585
1:10:50:50	6	10	22.0	36.2054	10.4585
1:10:51:55	6	10	22.0	36.3285	10.4585
1:10:53:0	6	10	22.0	36.3285	10.4585
1:10:54:5	6	10	22.0	36.4093	10.4585
1:10:55:5	6	10	22.0	36.4093	10.4585
1:10:56:10	6	10	22.0	36.5294	10.4585
1:10:57:15	6	10	22.0	36.5294	10.4585
1:10:58:20	6	10	22.0	36.6086	10.4585
1:10:59:25	6	10	22.0	36.6086	10.4585
1:11:0:35	6	10	22.0	36.6086	10.4585
1:11:1:40	6	10	22.0	36.7258	10.4585
1:11:2:45	6	10	22.0	36.7258	10.4585
1:11:3:50	6	10	22.0	36.803	10.4585
1:11:4:55	6	10	22.0	36.803	10.4585
1:11:6:0	6	10	22.0	36.803	10.4585
1:11:7:5	6	10	22.0	36.9175	10.4585
1:11:8:10	6	10	22.0	36.9175	10.4585
1:11:9:15	6	10	22.0	37.0303	10.4585
1:11:10:20	6	10	22.0	37.0303	10.4585
1:11:11:25	6	10	22.0	37.1045	10.4585
1:11:12:30	6	10	22.0	37.1045	10.4585
1:11:13:35	6	10	22.0	37.1045	10.4585
1:11:14:40	6	10	22.0	37.2145	10.4585
1:11:15:45	6	10	22.0	37.2145	10.4585
1:11:16:50	6	10	22.0	37.2145	10.4585
1:11:17:55	6	10	22.0	37.3234	10.4585
1:11:19:0	6	10	22.0	37.3234	10.4585
1:11:20:5	6	10	22.0	37.4302	10.4585
1:11:21:10	6	10	22.0	37.4302	10.4585
1:11:22:15	6	10	22.0	37.5009	10.4585
1:11:23:20	6	10	22.0	37.5009	10.4585
1:11:24:25	6	10	22.0	37.5009	10.4585
1:11:25:30	6	10	22.0	37.6056	10.4585
1:11:26:35	6	10	22.0	37.6056	10.4585
1:11:27:40	6	10	22.0	37.6056	10.4585
1:11:28:45	6	10	22.0	37.7081	10.4585
1:11:29:55	6	10	22.0	37.7081	10.4585
1:11:31:0	6	10	22.0	37.7081	10.4585
1:11:32:5	6	10	22.0	37.8089	10.4585
1:11:33:10	6	10	22.0	37.8089	10.4585
1:11:34:15	6	10	22.0	37.9081	10.4585
1:11:35:20	6	10	22.0	37.9081	10.4585
1:11:36:25	6	10	22.0	37.9081	10.4585
1:11:37:30	6	10	22.0	38.0054	10.4585
1:11:38:35	6	10	22.0	38.0054	10.4585
1:11:39:40	6	10	22.0	38.0054	10.4585
1:11:40:45	6	10	22.0	38.1012	10.4585
1:11:41:50	6	10	22.0	38.1012	10.4585
1:11:42:55	6	10	22.0	38.1012	10.4585
1:11:44:0	6	10	22.0	38.1012	10.4585
1:11:45:5	6	10	22.0	38.2259	10.4585
1:11:46:10	6	10	22.0	38.2259	10.4585
1:11:47:15	6	10	22.0	38.3172	10.4585
1:11:48:20	6	10	22.0	38.3172	10.4585
1:11:49:25	6	10	22.0	38.3172	10.4585
1:11:50:30	6	10	22.0	38.4068	10.4585
1:11:51:35	6	10	22.0	38.4068	10.4585
1:11:52:45	6	10	22.0	38.4068	10.4585
1:11:53:50	6	10	22.0	38.4068	10.4585
1:11:54:55	6	10	22.0	38.523	10.4585
1:11:56:0	6	10	22.0	38.523	10.4585
1:11:57:5	6	10	22.0	38.6081	10.4585
1:11:58:10	6	10	22.0	38.6081	10.4585
1:11:59:15	6	10	22.0	38.6081	10.4585
1:12:0:20	6	10	22.0	38.6081	10.4585
1:12:1:25	6	10	22.0	38.7186	10.4585
1:12:2:30	6	10	22.0	38.7186	10.4585
1:12:3:35	6	10	22.0	38.7186	10.4585
1:12:4:40	6	10	22.0	38.7186	10.4585
1:12:5:45	6	10	22.0	38.8263	10.4585
1:12:6:50	6	10	22.0	38.8263	10.4585
1:12:7:55	6	10	22.0	38.8263	10.4585
1:12:9:0	6	10	22.0	38.9045	10.4585
1:12:10:5	6	10	22.0	38.9045	10.4585
1:12:11:10	6	10	22.0	38.9045	10.4585
1:12:12:15	6	10	22.0	39.0057	10.4585
1:12:13:20	6	10	22.0	39.0057	10.4585
1:12:14:25	6	10	22.0	39.0057	10.4585
1:12:15:30	6	10	22.0	39.0057	10.4585
1:12:16:35	6	10	22.0	39.1035	10.4585
1:12:17:45	6	10	22.0	39.1035	10.4585
1:12:18:50	6	10	22.0	39.1035	10.4585
1:12:19:55	6	10	22.0	39.1035	10.4585
1:12:21:0	6	10	22.0	39.1035	10.4585
1:12:22:5	6	10	22.0	39.2208	10.4585
1:12:23:10	6	10	22.0	39.2208	10.4585
1:12:24:15	6	10	22.0	39.2208	10.4585
1:12:25:20	6	10	22.0	39.3111	10.4585
1:12:26:25	6	10	22.0	39.3111	10.4585
1:12:27:30	6	10	22.0	39.3111	10.4585
1:12:28:35	6	10	22.0	39.3111	10.4585
1:12:29:40	6	10	22.0	39.3111	10.4585
1:12:30:45	6	10	22.0	39.419	10.4585
1:12:31:50	6	10	22.0	39.419	10.4585
1:12:32:55	6	10	22.0	39.419	10.4585
1:12:34:0	6	10	22.0	39.419	10.4585
1:12:35:5	6	10	22.0	39.5013	10.4585
1:12:36:10	6	10	22.0	39.5013	10.4585
1:12:37:15	6	10	22.0	39.5013	10.4585
1:12:38:20	6	10	22.0	39.5013	10.4585
1:12:39:25	6	10	22.0	39.5013	10.4585
1:12:40:30	6	10	22.0	39.6183	10.4585
1:12:41:35	6	10	22.0	39.6183	10.4585
1:12:42:40	6	10	22.0	39.6183	10.4585
1:12:43:45	6	10	22.0	39.6183	10.4585
1:12:44:50	6	10	22.0	39.6183	10.4585
1:12:45:55	6	10	22.0	39.7103	10.4585
1:12:47:0	6	10	22.0	39.7103	10.4585
1:12:48:10	6	10	22.0	39.7103	10.4585
1:12:49:15	6	10	22.0	39.7103	10.4585
1:12:50:20	6	10	22.0	39.7103	10.4585
1:12:51:25	6	10	22.0	39.8134	10.4585
1:12:52:30	6	10	22.0	39.8134	10.4585
1:12:53:35	6	10	22.0	39.8134	10.4585
1:12:54:40	6	10	22.0	39.8134	10.4585
1:12:55:45	6	10	22.0	39.8134	10.4585
1:12:56:50	6	10	22.0	39.8134	10.4585
1:12:57:55	6	10	22.0	39.9084	10.4585
1:12:59:0	6	10	22.0	39.9084	10.4585
1:13:0:5	6	10	22.0	39.9084	10.4585
1:13:1:10	6	10	22.0	39.9084	10.4585
1:13:2:15	6	10	22.0	39.9084	10.4585
1:13:3:20	6	10	22.0	39.9084	10.4585
1:13:4:25	6	10	22.0	40.0098	10.4585
1:13:5:30	6	10	22.0	40.0098	10.4585
1:13:6:35	6	10	22.0	40.0098	10.4585
1:13:7:40	6	10	22.0	40.0098	10.4585
1:13:8:45	6	10	22.0	40.0098	10.4585
1:13:9:50	6	10	22.0	40.0098	10.4585
1:13:10:55	6	10	22.0	40.0098	10.4585
1:13:12:0	6	10	22.0	40.0098	10.4585
1:13:13:5	6	10	22.0	40.1113	10.4585
1:13:14:10	6	10	22.0	40.1113	10.4585
1:13:15:15	6	10	22.0	40.1113	10.4585
1:13:16:20	6	10	22.0	40.1113	10.4585
1:13:17:30	6	10	22.0	40.1113	10.4585
1:13:18:35	6	10	22.0	40.1113	10.4585
1:13:19:40	6	10	22.0	40.1113	10.4585
1:13:20:45	6	10	22.0	40.1113	10.4585
1:13:21:50	6	10	22.0	40.2069	10.4585
1:13:22:55	6	10	22.0	40.2069	10.4585
1:13:24:0	6	10	22.0	40.2069	10.4585
1:13:25:5	6	10	22.0	40.2069	10.4585
1:13:26:10	6	10	22.0	40.2069	10.4585
1:13:27:15	6	10	22.0	40.2069	10.4585
1:13:28:20	6	10	22.0	40.2069	10.4585
1:13:29:25	6	10	22.0	40.2069	10.4585
1:13:30:30	6	10	22.0	40.2069	10.4585
1:13:31:35	6	10	22.0	40.2069	10.4585
1:13:32:40	6	10	22.0	40.2069	10.4585
1:13:33:45	6	10	22.0	40.3071	10.4585
1:13:34:50	6	10	22.0	40.3071	10.4585
1:13:35:55	6	10	22.0	40.3071	10.4585
1:13:37:0	6	10	22.0	40.3071	10.4585
1:13:38:5	6	10	22.0	40.3071	10.4585
1:13:39:10	6	10	22.0	40.3071	10.4585
1:13:40:20	6	10	22.0	40.3071	10.4585
1:13:41:25	6	10	22.0	40.3071	10.4585
1:13:42:30	6	10	22.0	40.3071	10.4585
1:13:43:35	6	10	22.0	40.3071	10.4585
1:13:44:40	6	10	22.0	40.3071	10.4585
1:13:45:45	6	10	22.0	40.3071	10.4585
1:13:46:50	6	10	22.0	40.3071	10.4585
1:13:47:55	6	10	22.0	40.3071	10.4585
1:13:49:0	6	10	22.0	40.3071	10.4585
1:13:50:5	6	10	22.0	40.3071	10.4585
1:13:51:10	6	10	22.0	40.3071	10.4585
1:13:52:15	6	10	22.0	40.4028	10.4585
1:13:53:20	6	10	22.0	40.4028	10.4585
1:13:54:25	6	10	22.0	40.4028	10.4585
1:13:55:30	6	10	22.0	40.4028	10.4585
1:13:56:40	6	10	22.0	40.4028	10.4585
1:13:57:45	6	10	22.0	40.4028	10.4585
1:13:58:50	6	10	22.0	40.4028	10.4585
1:13:59:55	6	10	22.0	40.4028	10.4585
1:14:1:0	6	10	22.0	40.4028	10.4585
1:14:2:5	6	10	22.0	40.4028	10.4585
1:14:3:10	6	10	22.0	40.4028	10.4585
1:14:4:15	6	10	22.0	40.4028	10.4585
1:14:5:20	6	10	22.0	40.4028	10.4585
1:14:6:25	6	10	22.0	40.4028	10.4585
1:14:7:30	6	10	22.0	40.4028	10.4585
1:14:8:35	6	10	22.0	40.4028	10.4585
1:14:9:40	6	10	22.0	40.4028	10.4585
1:14:10:45	6	10	22.0	40.4028	10.4585
1:14:11:55	6	10	22.0	40.4028	10.4585
1:14:13:0	6	10	22.0	40.4028	10.4585
1:14:14:5	6	10	22.0	40.4028	10.4585
1:14:15:10	6	10	22.0	40.4028	10.4585
1:14:16:15	6	10	22.0	40.4028	10.4585
1:14:17:20	6	10	22.0	40.4028	10.4585
1:14:18:25	6	10	22.0	40.4028	10.4585
1:14:19:30	6	10	22.0	40.3996	10.4585
1:14:20:35	6	10	22.0	40.3996	10.4585
1:14:21:40	6	10	22.0	40.3996	10.4585
1:14:22:45	6	10	22.0	40.3996	10.4585
1:14:23:50	6	10	22.0	40.3996	10.4585
1:14:24:55	6	10	22.0	40.3996	10.4585
1:14:26:0	6	10	22.0	40.3996	10.4585
1:14:27:5	6	10	22.0	40.3996	10.4585
1:14:28:10	6	10	22.0	40.3996	10.4585
1:14:29:20	6	10	22.0	40.3996	10.4585
1:14:30:25	6	10	22.0	40.3996	10.4585
1:14:31:30	6	10	22.0	40.3996	10.4585
1:14:32:35	6	10	22.0	40.3996	10.4585
1:14:33:40	6	10	22.0	40.3996	10.4585
1:14:34:45	6	10	22.0	40.3996	10.4585
1:14:35:50	6	10	22.0	40.3996	10.4585
1:14:36:55	6	10	22.0	40.3996	10.4585
1:14:38:0	6	10	22.0	40.3996	10.4585
1:14:39:5	6	10	22.0	40.295	10.4585
1:14:40:10	6	10	22.0	40.295	10.4585
1:14:41:15	6	10	22.0	40.295	10.4585
1:14:42:20	6	10	22.0	40.295	10.4585
1:14:43:25	6	10	22.0	40.295	10.4585
1:14:44:30	6	10	22.0	40.295	10.4585
1:14:45:35	6	10	22.0	40.295	10.4585
1:14:46:40	6	10	22.0	40.295	10.4585
1:14:47:45	6	10	22.0	40.295	10.4585
1:14:48:55	6	10	22.0	40.295	10.4585
1:14:50:0	6	10	22.0	40.1994	10.4585
1:14:51:5	6	10	22.0	40.1994	10.4585
1:14:52:10	6	10	22.0	40.1994	10.4585
1:14:53:15	6	10	22.0	40.1994	10.4585
1:14:54:20	6	10	22.0	40.1994	10.4585
1:14:55:25	6	10	22.0	40.1994	10.4585
1:14:56:30	6	10	22.0	40.1994	10.4585
1:14:57:35	6	10	22.0	40.1994	10.4585
1:14:58:40	6	10	22.0	40.1994	10.4585
1:14:59:45	6	10	22.0	40.0907	10.4585
1:15:0:50	6	10	22.0	40.0907	10.4585
1:15:1:55	6	10	22.0	40.0907	10.4585
1:15:3:0	6	10	22.0	40.0907	10.4585
1:15:4:5	6	10	22.0	40.0907	10.4585
1:15:5:10	6	10	22.0	40.0907	10.4585
1:15:6:15	6	10	22.0	40.0907	10.4585
1:15:7:25	6	10	22.0	39.9859	10.4585
1:15:8:30	6	10	22.0	39.9859	10.4585
1:15:9:35	6	10	22.0	39.9859	10.4585
1:15:10:40	6	10	22.0	39.9859	10.4585
1:15:11:45	6	10	22.0	39.9859	10.4585
1:15:12:50	6	10	22.0	39.9859	10.4585
1:15:13:55	6	10	22.0	39.8934	10.4585
1:15:15:0	6	10	22.0	39.8934	10.4585
1:15:16:5	6	10	22.0	39.8934	10.4585
1:15:17:10	6	10	22.0	39.8934	10.4585
1:15:18:15	6	10	22.0	39.8934	10.4585
1:15:19:20	6	10	22.0	39.79	10.4585
1:15:20:25	6	10	22.0	39.79	10.4585
1:15:21:30	6	10	22.0	39.79	10.4585
1:15:22:35	6	10	22.0	39.79	10.4585
1:15:23:40	6	10	22.0	39.79	10.4585
1:15:24:45	6	10	22.0	39.6964	10.4585
1:15:25:55	6	10	22.0	39.6964	10.4585
1:15:27:0	6	10	22.0	39.6964	10.4585
1:15:28:5	6	10	22.0	39.6964	10.4585
1:15:29:10	6	10	22.0	39.5962	10.4585
1:15:30:15	6	10	22.0	39.5962	10.4585
1:15:31:20	6	10	22.0	39.5962	10.4585
1:15:32:25	6	10	22.0	39.5962	10.4585
1:15:33:30	6	10	22.0	39.5962	10.4585
1:15:34:35	6	10	22.0	39.4895	10.4585
1:15:35:35	6	10	22.0	39.4895	10.4585
1:15:36:40	6	10	22.0	39.4895	10.4585
1:15:37:45	6	10	22.0	39.4895	10.4585
1:15:38:50	6	10	22.0	39.3999	10.4585
1:15:39:55	6	10	22.0	39.3999	10.4585
1:15:41:0	6	10	22.0	39.3999	10.4585
1:15:42:5	6	10	22.0	39.3999	10.4585
1:15:43:15	6	10	22.0	39.2828	10.4585
1:15:44:20	6	10	22.0	39.2828	10.4585
1:15:45:25	6	10	22.0	39.2828	10.4585
1:15:46:30	6	10	22.0	39.2828	10.4585
1:15:47:35	6	10	22.0	39.185	10.4585
1:15:48:40	6	10	22.0	39.185	10.4585
1:15:49:45	6	10	22.0	39.185	10.4585
1:15:50:50	6	10	22.0	39.185	10.4585
1:15:51:55	6	10	22.0	39.0834	10.4585
1:15:53:0	6	10	22.0	39.0834	10.4585
1:15:54:5	6	10	22.0	39.0834	10.4585
1:15:55:10	6	10	22.0	38.9792	10.4585
1:15:56:15	6	10	22.0	38.9792	10.4585
1:15:57:20	6	10	22.0	38.9792	10.4585
1:15:58:25	6	10	22.0	38.8991	10.4585
1:15:59:30	6	10	22.0	38.8991	10.4585
1:16:0:35	6	10	22.0	38.8991	10.4585
1:16:1:40	6	10	22.0	38.8991	10.4585
1:16:2:50	6	10	22.0	38.7891	10.4585
1:16:3:55	6	10	22.0	38.7891	10.4585
1:16:5:0	6	10	22.0	38.7891	10.4585
1:16:6:5	6	10	22.0	38.6733	10.4585
1:16:7:10	6	10	22.0	38.6733	10.4585
1:16:8:15	6	10	22.0	38.6733	10.4585
1:16:9:20	6	10	22.0	38.5825	10.4585
1:16:10:25	6	10	22.0	38.5825	10.4585
1:16:11:30	6	10	22.0	38.5825	10.4585
1:16:12:35	6	10	22.0	38.4885	10.4585
1:16:13:40	6	10	22.0	38.4885	10.4585
1:16:14:45	6	10	22.0	38.4885	10.4585
1:16:15:50	6	10	22.0	38.3918	10.4585
1:16:16:55	6	10	22.0	38.3918	10.4585
1:16:18:0	6	10	22.0	38.2922	10.4585
1:16:19:5	6	10	22.0	38.2922	10.4585
1:16:20:15	6	10	22.0	38.2922	10.4585
1:16:21:20	6	10	22.0	38.1897	10.4585
1:16:22:25	6	10	22.0	38.1897	10.4585
1:16:23:30	6	10	22.0	38.1897	10.4585
1:16:24:35	6	10	22.0	38.0845	10.4585
1:16:25:40	6	10	22.0	38.0845	10.4585
1:16:26:45	6	10	22.0	38.0845	10.4585
1:16:27:50	6	10	22.0	37.9769	10.4585
1:16:28:55	6	10	22.0	37.9769	10.4585
1:16:30:0	6	10	22.0	37.8666	10.4585
1:16:31:5	6	10	22.0	37.8666	10.4585
1:16:32:10	6	10	22.0	37.7917	10.4585
1:16:33:15	6	10	22.0	37.7917	10.4585
1:16:34:20	6	10	22.0	37.7917	10.4585
1:16:35:25	6	10	22.0	37.6773	10.4585
1:16:36:30	6	10	22.0	37.6773	10.4585
1:16:37:40	6	10	22.0	37.5998	10.4585
1:16:38:45	6	10	22.0	37.5998	10.4585
1:16:39:50	6	10	22.0	37.5998	10.4585
1:16:40:55	6	10	22.0	37.482	10.4585
1:16:42:0	6	10	22.0	37.482	10.4585
1:16:43:5	6	10	22.0	37.3624	10.4585
1:16:44:10	6	10	22.0	37.3624	10.4585
1:16:45:15	6	10	22.0	37.2817	10.4585
1:16:46:20	6	10	22.0	37.2817	10.4585
1:16:47:25	6	10	22.0	37.2	10.4585
1:16:48:30	6	10	22.0	37.2	10.4585
1:16:49:35	6	10	22.0	37.2	10.4585
1:16:50:40	6	10	22.0	37.076	10.4585
1:16:51:45	6	10	22.0	37.076	10.4585
1:16:52:50	6	10	22.0	36.9922	10.4585
1:16:53:55	6	10	22.0	36.9922	10.4585
1:16:55:5	6	10	22.0	36.8651	10.4585
1:16:56:10	6	10	22.0	36.8651	10.4585
1:16:57:15	6	10	22.0	36.7794	10.4585
1:16:58:20	6	10	22.0	36.7794	10.4585
1:16:59:25	6	10	22.0	36.693	10.4585
1:17:0:30	6	10	22.0	36.693	10.4585
1:17:1:35	6	10	22.0	36.693	10.4585
1:17:2:40	6	10	22.0	36.5616	10.4585
1:17:3:45	6	10	22.0	36.5616	10.4585
1:17:4:50	6	10	22.0	36.4724	10.4585
1:17:5:55	6	10	22.0	36.4724	10.4585
1:17:7:0	6	10	22.0	36.382	10.4585
1:17:8:5	6	10	22.0	36.2903	10.4585
1:17:9:10	6	10	22.0	36.2903	10.4585
1:17:10:15	6	10	22.0	36.1973	10.4585
1:17:11:20	6	10	22.0	36.1973	10.4585
1:17:12:25	6	10	22.0	36.1973	10.4585
1:17:13:30	6	10	22.0	36.0559	10.4585
1:17:14:35	6	10	22.0	36.0559	10.4585
1:17:15:40	6	10	22.0	35.9603	10.4585
1:17:16:45	6	10	22.0	35.9603	10.4585
1:17:17:50	6	10	22.0	35.8637	10.4585
1:17:18:55	6	10	22.0	35.8637	10.4585
1:17:20:0	6	10	22.0	35.7661	10.4585
1:17:21:5	6	10	22.0	35.6675	10.4585
1:17:22:10	6	10	22.0	35.6675	10.4585
1:17:23:15	6	10	22.0	35.5681	10.4585
1:17:24:20	6	10	22.0	35.5681	10.4585
1:17:25:30	6	10	22.0	35.4677	10.4585
1:17:26:35	6	10	22.0	35.4677	10.4585
1:17:27:40	6	10	22.0	35.3665	10.4585
1:17:28:45	6	10	22.0	35.3665	10.4585
1:17:29:50	6	10	22.0	35.2644	10.4585
1:17:30:55	6	10	22.0	35.2644	10.4585
1:17:32:0	6	10	22.0	35.1615	10.4585
1:17:33:5	6	10	22.0	35.0577	10.4585
1:17:34:10	6	10	22.0	35.0577	10.4585
1:17:35:15	6	10	22.0	34.9533	10.4585
1:17:36:20	6	10	22.0	34.9533	10.4585
1:17:37:25	6	10	22.0	34.8482	10.4585
1:17:38:30	6	10	22.0	34.7953	10.4585
1:17:39:35	6	10	22.0	34.7953	10.4585
1:17:40:40	6	10	22.0	34.6891	10.4585
1:17:41:45	6	10	22.0	34.6891	10.4585
1:17:42:50	6	10	22.0	34.5822	10.4585
1:17:43:55	6	10	22.0	34.5822	10.4585
1:17:45:0	6	10	22.0	34.4746	10.4585
1:17:46:5	6	10	22.0	34.3666	10.4585
1:17:47:10	6	10	22.0	34.3666	10.4585
1:17:48:15	6	10	22.0	34.2578	10.4585
1:17:49:25	6	10	22.0	34.2578	10.4585
1:17:50:30	6	10	22.0	34.1484	10.4585
1:17:51:35	6	10	22.0	34.0936	10.4585
1:17:52:40	6	10	22.0	34.0936	10.4585
1:17:53:45	6	10	22.0	33.9833	10.4585
1:17:54:50	6	10	22.0	33.9833	10.4585
1:17:55:55	6	10	22.0	33.8726	10.4585
1:17:57:0	6	10	22.0	33.7615	10.4585
1:17:58:5	6	10	22.0	33.7615	10.4585
1:17:59:10	6	10	22.0	33.6498	10.4585
1:18:0:15	6	10	22.0	33.5939	10.4585
1:18:1:20	6	10	22.0	33.5939	10.4585
1:18:2:25	6	10	22.0	33.4833	10.4585
1:18:3:30	6	10	22.0	33.4833	10.4585
1:18:4:35	6	10	22.0	33.375	10.4585
1:18:5:40	6	10	22.0	33.375	10.4585
1:18:6:45	6	10	22.0	33.2689	10.4585
1:18:7:50	6	10	22.0	33.2689	10.4585
1:18:8:55	6	10	22.0	33.165	10.4585
1:18:10:0	6	10	22.0	33.063	10.4585
1:18:11:5	6	10	22.0	33.063	10.4585
1:18:12:10	6	10	22.0	32.963	10.4585
1:18:13:15	6	10	22.0	32.963	10.4585
1:18:14:20	6	10	22.0	32.8649	10.4585
1:18:15:25	6	10	22.0	32.8649	10.4585
1:18:16:35	6	10	22.0	32.7685	10.4585
1:18:17:40	6	10	22.0	32.7685	10.4585
1:18:18:45	6	10	22.0	32.6739	10.4585
1:18:19:50	6	10	22.0	32.6739	10.4585
1:18:20:55	6	10	22.0	32.581	10.4585
1:18:22:0	6	10	22.0	32.4896	10.4585
1:18:23:5	6	10	22.0	32.4896	10.4585
1:18:24:10	6	10	22.0	32.3997	10.4585
1:18:25:15	6	10	22.0	32.3997	10.4585
1:18:26:20	6	10	22.0	32.3997	10.4585
1:18:27:25	6	10	22.0	32.2678	10.4585
1:18:28:30	6	10	22.0	32.2678	10.4585
1:18:29:35	6	10	22.0	32.1814	10.4585
1:18:30:40	6	10	22.0	32.1814	10.4585
1:18:31:45	6	10	22.0	32.0965	10.4585
1:18:32:50	6	10	22.0	32.0965	10.4585
1:18:33:55	6	10	22.0	32.0965	10.4585
1:18:35:0	6	10	22.0	31.9713	10.4585
1:18:36:5	6	10	22.0	31.8891	10.4585
1:18:37:10	6	10	22.0	31.8891	10.4585
1:18:38:15	6	10	22.0	31.8891	10.4585
1:18:39:20	6	10	22.0	31.7681	10.4585
1:18:40:25	6	10	22.0	31.7681	10.4585
1:18:41:30	6	10	22.0	31.6887	10.4585
1:18:42:35	6	10	22.0	31.6887	10.4585
1:18:43:40	6	10	22.0	31.6887	10.4585
1:18:44:45	6	10	22.0	31.5718	10.4585
1:18:45:55	6	10	22.0	31.5718	10.4585
1:18:46:55	6	10	22.0	31.495	10.4585
1:18:48:5	6	10	22.0	31.495	10.4585
1:18:49:10	6	10	22.0	31.3817	10.4585
1:18:50:15	6	10	22.0	31.3817	10.4585
1:18:51:20	6	10	22.0	31.3817	10.4585
1:18:52:25	6	10	22.0	31.2704	10.4585
1:18:53:30	6	10	22.0	31.2704	10.4585
1:18:54:35	6	10	22.0	31.1972	10.4585
1:18:55:40	6	10	22.0	31.1972	10.4585
1:18:56:45	6	10	22.0	31.1972	10.4585
1:18:57:50	6	10	22.0	31.0891	10.4585
1:18:58:55	6	10	22.0	31.0891	10.4585
1:19:0:0	6	10	22.0	30.9827	10.4585
1:19:1:5	6	10	22.0	30.9827	10.4585
1:19:2:10	6	10	22.0	30.9827	10.4585
1:19:3:15	6	10	22.0	30.8779	10.4585
1:19:4:20	6	10	22.0	30.8779	10.4585
1:19:5:25	6	10	22.0	30.8779	10.4585
1:19:6:30	6	10	22.0	30.7743	10.4585
1:19:7:35	6	10	22.0	30.7743	10.4585
1:19:8:40	6	10	22.0	30.7743	10.4585
1:19:9:45	6	10	22.0	30.6715	10.4585
1:19:10:55	6	10	22.0	30.6715	10.4585
1:19:12:0	6	10	22.0	30.5698	10.4585
1:19:13:5	6	10	22.0	30.5698	10.4585
1:19:14:10	6	10	22.0	30.5698	10.4585
1:19:15:15	6	10	22.0	30.4694	10.4585
1:19:16:20	6	10	22.0	30.4694	10.4585
1:19:17:25	6	10	22.0	30.4694	10.4585
1:19:18:30	6	10	22.0	30.3699	10.4585
1:19:19:35	6	10	22.0	30.3699	10.4585
1:19:20:40	6	10	22.0	30.3699	10.4585
1:19:21:45	6	10	22.0	30.2712	10.4585
1:19:22:50	6	10	22.0	30.2712	10.4585
1:19:23:55	6	10	22.0	30.2712	10.4585
1:19:25:0	6	10	22.0	30.1732	10.4585
1:19:26:5	6	10	22.0	30.1732	10.4585
1:19:27:10	6	10	22.0	30.0765	10.4585
1:19:28:15	6	10	22.0	30.0765	10.4585
1:19:29:25	6	10	22.0	30.0765	10.4585
1:19:30:30	6	10	22.0	29.9809	10.4585
1:19:31:35	6	10	22.0	29.9809	10.4585
1:19:32:40	6	10	22.0	29.9809	10.4585
1:19:33:45	6	10	22.0	29.886	10.4585
1:19:34:50	6	10	22.0	29.886	10.4585
1:19:35:55	6	10	22.0	29.886	10.4585
1:19:37:0	6	10	22.0	29.792	10.4585
1:19:38:5	6	10	22.0	29.792	10.4585
1:19:39:10	6	10	22.0	29.6987	10.4585
1:19:40:15	6	10	22.0	29.6987	10.4585
1:19:41:20	6	10	22.0	29.6987	10.4585
1:19:42:25	6	10	22.0	29.6987	10.4585
1:19:43:30	6	10	22.0	29.5754	10.4585
1:19:44:35	6	10	22.0	29.5754	10.4585
1:19:45:40	6	10	22.0	29.5754	10.4585
1:19:46:45	6	10	22.0	29.4831	10.4585
1:19:47:50	6	10	22.0	29.4831	10.4585
1:19:48:55	6	10	22.0	29.4831	10.4585
1:19:50:0	6	10	22.0	29.3914	10.4585
1:19:51:5	6	10	22.0	29.3914	10.4585
1:19:52:15	6	10	22.0	29.3914	10.4585
1:19:53:20	6	10	22.0	29.2702	10.4585
1:19:54:25	6	10	22.0	29.2702	10.4585
1:19:55:30	6	10	22.0	29.2702	10.4585
1:19:56:35	6	10	22.0	29.1802	10.4585
1:19:57:40	6	10	22.0	29.1802	10.4585
1:19:58:45	6	10	22.0	29.1802	10.4585
1:19:59:50	6	10	22.0	29.0911	10.4585
1:20:0:55	6	10	22.0	29.0911	10.4585
1:20:2:0	6	10	22.0	29.0911	10.4585
1:20:3:5	6	10	22.0	28.9726	10.4585
1:20:4:10	6	10	22.0	28.9726	10.4585
1:20:5:15	6	10	22.0	28.9726	10.4585
1:20:6:20	6	10	22.0	28.8845	10.4585
1:20:7:30	6	10	22.0	28.8845	10.4585
1:20:8:35	6	10	22.0	28.8845	10.4585
1:20:9:40	6	10	22.0	28.7972	10.4585
1:20:10:45	6	10	22.0	28.7972	10.4585
1:20:11:50	6	10	22.0	28.7972	10.4585
1:20:12:55	6	10	22.0	28.7972	10.4585
1:20:14:0	6	10	22.0	28.6819	10.4585
1:20:15:5	6	10	22.0	28.6819	10.4585
1:20:16:10	6	10	22.0	28.5956	10.4585
1:20:17:15	6	10	22.0	28.5956	10.4585
1:20:18:20	6	10	22.0	28.5956	10.4585
1:20:19:25	6	10	22.0	28.5956	10.4585
1:20:20:30	6	10	22.0	28.4817	10.4585
1:20:21:35	6	10	22.0	28.4817	10.4585
1:20:22:40	6	10	22.0	28.4817	10.4585
1:20:23:45	6	10	22.0	28.3968	10.4585
1:20:24:50	6	10	22.0	28.3968	10.4585
1:20:25:55	6	10	22.0	28.3968	10.4585
1:20:27:0	6	10	22.0	28.285	10.4585
1:20:28:10	6	10	22.0	28.285	10.4585
1:20:29:15	6	10	22.0	28.285	10.4585
1:20:30:20	6	10	22.0	28.285	10.4585
1:20:31:25	6	10	22.0	28.1741	10.4585
1:20:32:30	6	10	22.0	28.1741	10.4585
1:20:33:35	6	10	22.0	28.1741	10.4585
1:20:34:40	6	10	22.0	28.0916	10.4585
1:20:35:45	6	10	22.0	28.0916	10.4585
1:20:36:50	6	10	22.0	28.0916	10.4585
1:20:37:55	6	10	22.0	28.0916	10.4585
1:20:39:0	6	10	22.0	27.9818	10.4585
1:20:40:5	6	10	22.0	27.9818	10.4585
1:20:41:10	6	10	22.0	27.9	10.4585
1:20:42:15	6	10	22.0	27.9	10.4585
1:20:43:20	6	10	22.0	27.9	10.4585
1:20:44:25	6	10	22.0	27.9	10.4585
1:20:45:30	6	10	22.0	27.7919	10.4585
1:20:46:35	6	10	22.0	27.7919	10.4585
1:20:47:40	6	10	22.0	27.7919	10.4585
1:20:48:50	6	10	22.0	27.7919	10.4585
1:20:49:55	6	10	22.0	27.6848	10.4585
1:20:51:0	6	10	22.0	27.6848	10.4585
1:20:52:5	6	10	22.0	27.6848	10.4585
1:20:53:10	6	10	22.0	27.5778	10.4585
1:20:54:15	6	10	22.0	27.5778	10.4585
1:20:55:20	6	10	22.0	27.5778	10.4585
1:20:56:25	6	10	22.0	27.4983	10.4585
1:20:57:30	6	10	22.0	27.4983	10.4585
1:20:58:35	6	10	22.0	27.4983	10.4585
1:20:59:40	6	10	22.0	27.4983	10.4585
1:21:0:45	6	10	22.0	27.3928	10.4585
1:21:1:50	6	10	22.0	27.3928	10.4585
1:21:2:55	6	10	22.0	27.3928	10.4585
1:21:4:0	6	10	22.0	27.2885	10.4585
1:21:5:5	6	10	22.0	27.2885	10.4585
1:21:6:10	6	10	22.0	27.2885	10.4585
1:21:7:15	6	10	22.0	27.2885	10.4585
1:21:8:20	6	10	22.0	27.1853	10.4585
1:21:9:25	6	10	22.0	27.1853	10.4585
1:21:10:35	6	10	22.0	27.1853	10.4585
1:21:11:40	6	10	22.0	27.1853	10.4585
1:21:12:45	6	10	22.0	27.083	10.4585
1:21:13:50	6	10	22.0	27.083	10.4585
1:21:14:55	6	10	22.0	27.083	10.4585
1:21:16:0	6	10	22.0	26.9818	10.4585
1:21:17:5	6	10	22.0	26.9818	10.4585
1:21:18:10	6	10	22.0	26.9818	10.4585
1:21:19:15	6	10	22.0	26.9818	10.4585
1:21:20:20	6	10	22.0	26.8816	10.4585
1:21:21:25	6	10	22.0	26.8816	10.4585
1:21:22:30	6	10	22.0	26.8816	10.4585
1:21:23:35	6	10	22.0	26.8816	10.4585
1:21:24:40	6	10	22.0	26.7828	10.4585
1:21:25:45	6	10	22.0	26.7828	10.4585
1:21:26:50	6	10	22.0	26.7828	10.4585
1:21:27:55	6	10	22.0	26.7828	10.4585
1:21:29:0	6	10	22.0	26.6841	10.4585
1:21:30:10	6	10	22.0	26.6841	10.4585
1:21:31:15	6	10	22.0	26.6841	10.4585
1:21:32:20	6	10	22.0	26.5865	10.4585
1:21:33:25	6	10	22.0	26.5865	10.4585
1:21:34:30	6	10	22.0	26.5865	10.4585
1:21:35:35	6	10	22.0	26.5865	10.4585
1:21:36:40	6	10	22.0	26.49	10.4585
1:21:37:45	6	10	22.0	26.49	10.4585
1:21:38:50	6	10	22.0	26.49	10.4585
1:21:39:55	6	10	22.0	26.49	10.4585
1:21:41:0	6	10	22.0	26.3941	10.4585
1:21:42:5	6	10	22.0	26.3941	10.4585
1:21:43:10	6	10	22.0	26.3941	10.4585
1:21:44:15	6	10	22.0	26.2988	10.4585
1:21:45:20	6	10	22.0	26.2988	10.4585
1:21:46:25	6	10	22.0	26.2988	10.4585
1:21:47:30	6	10	22.0	26.2988	10.4585
1:21:48:40	6	10	22.0	26.2988	10.4585
1:21:49:45	6	10	22.0	26.1812	10.4585
1:21:50:50	6	10	22.0	26.1812	10.4585
1:21:51:55	6	10	22.0	26.1812	10.4585
1:21:53:0	6	10	22.0	26.0881	10.4585
1:21:54:5	6	10	22.0	26.0881	10.4585
1:21:55:10	6	10	22.0	26.0881	10.4585
1:21:56:15	6	10	22.0	26.0881	10.4585
1:21:57:20	6	10	22.0	25.9957	10.4585
1:21:58:25	6	10	22.0	25.9957	10.4585
1:21:59:30	6	10	22.0	25.9957	10.4585
1:22:0:35	6	10	22.0	25.9957	10.4585
1:22:1:40	6	10	22.0	25.9957	10.4585
1:22:2:45	6	10	22.0	25.881	10.4585
1:22:3:50	6	10	22.0	25.881	10.4585
1:22:4:55	6	10	22.0	25.881	10.4585
1:22:6:0	6	10	22.0	25.7908	10.4585
1:22:7:5	6	10	22.0	25.7908	10.4585
1:22:8:10	6	10	22.0	25.7908	10.4585
1:22:9:20	6	10	22.0	25.7908	10.4585
1:22:10:25	6	10	22.0	25.7908	10.4585
1:22:11:30	6	10	22.0	25.6799	10.4585
1:22:12:35	6	10	22.0	25.6799	10.4585
1:22:13:40	6	10	22.0	25.6799	10.4585
1:22:14:45	6	10	22.0	25.6799	10.4585
1:22:15:50	6	10	22.0	25.5927	10.4585
1:22:16:55	6	10	22.0	25.5927	10.4585
1:22:18:0	6	10	22.0	25.5927	10.4585
1:22:19:5	6	10	22.0	25.5927	10.4585
1:22:20:10	6	10	22.0	25.4848	10.4585
1:22:21:15	6	10	22.0	25.4848	10.4585
1:22:22:20	6	10	22.0	25.4848	10.4585
1:22:23:25	6	10	22.0	25.4848	10.4585
1:22:24:30	6	10	22.0	25.3998	10.4585
1:22:25:40	6	10	22.0	25.3998	10.4585
1:22:26:45	6	10	22.0	25.3998	10.4585
1:22:27:50	6	10	22.0	25.3998	10.4585
1:22:28:55	6	10	22.0	25.3998	10.4585
1:22:30:0	6	10	22.0	25.2953	10.4585
1:22:31:5	6	10	22.0	25.2953	10.4585
1:22:32:10	6	10	22.0	25.2953	10.4585
1:22:33:15	6	10	22.0	25.2953	10.4585
1:22:34:20	6	10	22.0	25.1928	10.4585
1:22:35:25	6	10	22.0	25.1928	10.4585
1:22:36:30	6	10	22.0	25.1928	10.4585
1:22:37:35	6	10	22.0	25.1928	10.4585
1:22:38:40	6	10	22.0	25.1928	10.4585
1:22:39:45	6	10	22.0	25.091	10.4585
1:22:40:50	6	10	22.0	25.091	10.4585
1:22:41:55	6	10	22.0	25.091	10.4585
1:22:43:5	6	10	22.0	25.091	10.4585
1:22:44:10	6	10	22.0	24.9909	10.4585
1:22:45:15	6	10	22.0	24.9909	10.4585
1:22:46:20	6	10	22.0	24.9909	10.4585
1:22:47:25	6	10	22.0	24.9909	10.4585
1:22:48:30	6	10	22.0	24.9909	10.4585
1:22:49:35	6	10	22.0	24.8927	10.4585
1:22:50:40	6	10	22.0	24.8927	10.4585
1:22:51:45	6	10	22.0	24.8927	10.4585
1:22:52:50	6	10	22.0	24.8927	10.4585
1:22:53:55	6	10	22.0	24.8927	10.4585
1:22:55:0	6	10	22.0	24.7952	10.4585
1:22:56:5	6	10	22.0	24.7952	10.4585
1:22:57:10	6	10	22.0	24.7952	10.4585
1:22:58:15	6	10	22.0	24.7952	10.4585
1:22:59:20	6	10	22.0	24.6993	10.4585
1:23:0:25	6	10	22.0	24.6993	10.4585
1:23:1:30	6	10	22.0	24.6993	10.4585
1:23:2:40	6	10	22.0	24.6993	10.4585
1:23:3:45	6	10	22.0	24.6993	10.4585
1:23:4:50	6	10	22.0	24.6993	10.4585
1:23:5:55	6	10	22.0	24.5867	10.4585
1:23:7:0	6	10	22.0	24.5867	10.4585
1:23:8:5	6	10	22.0	24.5867	10.4585
1:23:9:10	6	10	22.0	24.5867	10.4585
1:23:10:15	6	10	22.0	24.4956	10.4585
1:23:11:20	6	10	22.0	24.4956	10.4585
1:23:12:25	6	10	22.0	24.4956	10.4585
1:23:13:30	6	10	22.0	24.4956	10.4585
1:23:14:35	6	10	22.0	24.4956	10.4585
1:23:15:40	6	10	22.0	24.4956	10.4585
1:23:16:45	6	10	22.0	24.3881	10.4585
1:23:17:50	6	10	22.0	24.3881	10.4585
1:23:18:55	6	10	22.0	24.3881	10.4585
1:23:20:0	6	10	22.0	24.3881	10.4585
1:23:21:10	6	10	22.0	24.3881	10.4585
1:23:22:15	6	10	22.0	24.2835	10.4585
1:23:23:20	6	10	22.0	24.2835	10.4585
1:23:24:25	6	10	22.0	24.2835	10.4585
1:23:25:30	6	10	22.0	24.2835	10.4585
1:23:26:35	6	10	22.0	24.2835	10.4585
1:23:27:40	6	10	22.0	24.1986	10.4585
1:23:28:45	6	10	22.0	24.1986	10.4585
1:23:29:50	6	10	22.0	24.1986	10.4585
1:23:30:55	6	10	22.0	24.1986	10.4585
1:23:32:0	6	10	22.0	24.1986	10.4585
1:23:33:5	6	10	22.0	24.0979	10.4585
1:23:34:10	6	10	22.0	24.0979	10.4585
1:23:35:15	6	10	22.0	24.0979	10.4585
1:23:36:20	6	10	22.0	24.0979	10.4585
1:23:37:25	6	10	22.0	24.0979	10.4585
1:23:38:35	6	10	22.0	24.0979	10.4585
1:23:39:40	6	10	22.0	23.9998	10.4585
1:23:40:45	6	10	22.0	23.9998	10.4585
1:23:41:50	6	10	22.0	23.9998	10.4585
1:23:42:55	6	10	22.0	23.9998	10.4585
1:23:43:55	6	10	22.0	23.9998	10.4585
1:23:45:0	6	10	22.0	23.9998	10.4585
1:23:46:5	6	10	22.0	23.8886	10.4585
1:23:47:10	6	10	22.0	23.8886	10.4585
1:23:48:15	6	10	22.0	23.8886	10.4585
1:23:49:20	6	10	22.0	23.8886	10.4585
1:23:50:25	6	10	22.0	23.8886	10.4585
1:23:51:30	6	10	22.0	23.8886	10.4585
1:23:52:35	6	10	22.0	23.7957	10.4585
1:23:53:40	6	10	22.0	23.7957	10.4585
1:23:54:45	6	10	22.0	23.7957	10.4585
1:23:55:50	6	10	22.0	23.7957	10.4585
1:23:56:55	6	10	22.0	23.7957	10.4585
1:23:58:0	6	10	22.0	23.7957	10.4585
1:23:59:5	6	10	22.0	23.6899	10.4585
2:0:0:10	6	10	22.0	23.6899	10.4585
2:0:1:15	6	10	22.0	23.6899	10.4585
2:0:2:20	6	10	22.0	23.6899	10.4585
2:0:3:25	6	10	22.0	23.6899	10.4585
2:0:4:30	6	10	22.0	23.6899	10.4585
2:0:5:35	6	10	22.0	23.6899	10.4585
2:0:6:40	6	10	22.0	23.5879	10.4585
2:0:7:45	6	10	22.0	23.5879	10.4585
2:0:8:55	6	10	22.0	23.5879	10.4585
2:0:10:0	6	10	22.0	23.5879	10.4585
2:0:11:5	6	10	22.0	23.5879	10.4585
2:0:12:10	6	10	22.0	23.5879	10.4585
2:0:13:15	6	10	22.0	23.4899	10.4585
2:0:14:20	6	10	22.0	23.4899	10.4585
2:0:15:25	6	10	22.0	23.4899	10.4585
2:0:16:30	6	10	22.0	23.4899	10.4585
2:0:17:35	6	10	22.0	23.4899	10.4585
2:0:18:40	6	10	22.0	23.4899	10.4585
2:0:19:45	6	10	22.0	23.4899	10.4585
2:0:20:50	6	10	22.0	23.3949	10.4585
2:0:22:0	6	10	22.0	23.3949	10.4585
2:0:23:5	6	10	22.0	23.3949	10.4585
2:0:24:10	6	10	22.0	23.3949	10.4585
2:0:25:15	6	10	22.0	23.3949	10.4585
2:0:26:20	6	10	22.0	23.3949	10.4585
2:0:27:25	6	10	22.0	23.3949	10.4585
2:0:28:30	6	10	22.0	23.291	10.4585
2:0:29:35	6	10	22.0	23.291	10.4585
2:0:30:40	6	10	22.0	23.291	10.4585
2:0:31:45	6	10	22.0	23.291	10.4585
2:0:32:50	6	10	22.0	23.291	10.4585
2:0:33:55	6	10	22.0	23.291	10.4585
2:0:35:0	6	10	22.0	23.291	10.4585
2:0:36:5	6	10	22.0	23.1909	10.4585
2:0:37:10	6	10	22.0	23.1909	10.4585
2:0:38:15	6	10	22.0	23.1909	10.4585
2:0:39:20	6	10	22.0	23.1909	10.4585
2:0:40:25	6	10	22.0	23.1909	10.4585
2:0:41:30	6	10	22.0	23.1909	10.4585
2:0:42:35	6	10	22.0	23.1909	10.4585
2:0:43:40	6	10	22.0	23.1909	10.4585
2:0:44:45	6	10	22.0	23.0949	10.4585
2:0:45:50	6	10	22.0	23.0949	10.4585
2:0:46:55	6	10	22.0	23.0949	10.4585
2:0:48:0	6	10	22.0	23.0949	10.4585
2:0:49:5	6	10	22.0	23.0949	10.4585
2:0:50:10	6	10	22.0	23.0949	10.4585
2:0:51:15	6	10	22.0	23.0949	10.4585
2:0:52:20	6	10	22.0	23.0949	10.4585
2:0:53:25	6	10	22.0	22.9915	10.4585
2:0:54:30	6	10	22.0	22.9915	10.4585
2:0:55:35	6	10	22.0	22.9915	10.4585
2:0:56:40	6	10	22.0	22.9915	10.4585
2:0:57:45	6	10	22.0	22.9915	10.4585
2:0:58:50	6	10	22.0	22.9915	10.4585
2:0:59:55	6	10	22.0	22.9915	10.4585
2:1:1:0	6	10	22.0	22.9915	10.4585
2:1:2:5	6	10	22.0	22.8926	10.4585
2:1:3:15	6	10	22.0	22.8926	10.4585
2:1:4:20	6	10	22.0	22.8926	10.4585
2:1:5:25	6	10	22.0	22.8926	10.4585
2:1:6:30	6	10	22.0	22.8926	10.4585
2:1:7:35	6	10	22.0	22.8926	10.4585
2:1:8:40	6	10	22.0	22.8926	10.4585
2:1:9:45	6	10	22.0	22.8926	10.4585
2:1:10:50	6	10	22.0	22.8926	10.4585
2:1:11:55	6	10	22.0	22.7908	10.4585
2:1:13:0	6	10	22.0	22.7908	10.4585
2:1:14:5	6	10	22.0	22.7908	10.4585
2:1:15:10	6	10	22.0	22.7908	10.4585
2:1:16:15	6	10	22.0	22.7908	10.4585
2:1:17:20	6	10	22.0	22.7908	10.4585
2:1:18:25	6	10	22.0	22.7908	10.4585
2:1:19:30	6	10	22.0	22.7908	10.4585
2:1:20:35	6	10	22.0	22.7908	10.4585
2:1:21:40	6	10	22.0	22.7908	10.4585
2:1:22:45	6	10	22.0	22.6972	10.4585
2:1:23:50	6	10	22.0	22.6972	10.4585
2:1:24:55	6	10	22.0	22.6972	10.4585
2:1:26:0	6	10	22.0	22.6972	10.4585
2:1:27:5	6	10	22.0	22.6972	10.4585
2:1:28:10	6	10	22.0	22.6972	10.4585
2:1:29:15	6	10	22.0	22.6972	10.4585
2:1:30:20	6	10	22.0	22.6972	10.4585
2:1:31:25	6	10	22.0	22.6972	10.4585
2:1:32:30	6	10	22.0	22.6972	10.4585
2:1:33:35	6	10	22.0	22.6972	10.4585
2:1:34:40	6	10	22.0	22.5934	10.4585
2:1:35:45	6	10	22.0	22.5934	10.4585
2:1:36:50	6	10	22.0	22.5934	10.4585
2:1:37:55	6	10	22.0	22.5934	10.4585
2:1:39:5	6	10	22.0	22.5934	10.4585
2:1:40:5	6	10	22.0	22.5934	10.4585
2:1:41:15	6	10	22.0	22.5934	10.4585
2:1:42:20	6	10	22.0	22.5934	10.4585
2:1:43:25	6	10	22.0	22.5934	10.4585
2:1:44:30	6	10	22.0	22.5934	10.4585
2:1:45:35	6	10	22.0	22.5934	10.4585
2:1:46:40	6	10	22.0	22.5934	10.4585
2:1:47:45	6	10	22.0	22.4931	10.4585
2:1:48:50	6	10	22.0	22.4931	10.4585
2:1:49:55	6	10	22.0	22.4931	10.4585
2:1:51:0	6	10	22.0	22.4931	10.4585
2:1:52:5	6	10	22.0	22.4931	10.4585
2:1:53:10	6	10	22.0	22.4931	10.4585
2:1:54:15	6	10	22.0	22.4931	10.4585
2:1:55:20	6	10	22.0	22.4931	10.4585
2:1:56:25	6	10	22.0	22.4931	10.4585
2:1:57:30	6	10	22.0	22.4931	10.4585
2:1:58:35	6	10	22.0	22.4931	10.4585
2:1:59:40	6	10	22.0	22.4931	10.4585
2:2:0:45	6	10	22.0	22.4931	10.4585
2:2:1:50	6	10	22.0	22.3942	10.4585
2:2:2:55	6	10	22.0	22.3942	10.4585
2:2:4:0	6	10	22.0	22.3942	10.4585
2:2:5:5	6	10	22.0	22.3942	10.4585
2:2:6:15	6	10	22.0	22.3942	10.4585
2:2:7:20	6	10	22.0	22.3942	10.4585
2:2:8:25	6	10	22.0	22.3942	10.4585
2:2:9:30	6	10	22.0	22.3942	10.4585
2:2:10:35	6	10	22.0	22.3942	10.4585
2:2:11:40	6	10	22.0	22.3942	10.4585
2:2:12:45	6	10	22.0	22.3942	10.4585
2:2:13:50	6	10	22.0	22.3942	10.4585
2:2:14:55	6	10	22.0	22.3942	10.4585
2:2:16:0	6	10	22.0	22.3942	10.4585
2:2:17:5	6	10	22.0	22.2986	10.4585
2:2:18:10	6	10	22.0	22.2986	10.4585
2:2:19:15	6	10	22.0	22.2986	10.4585
2:2:20:20	6	10	22.0	22.2986	10.4585
2:2:21:25	6	10	22.0	22.2986	10.4585
2:2:22:30	6	10	22.0	22.2986	10.4585
2:2:23:35	6	10	22.0	22.2986	10.4585
2:2:24:40	6	10	22.0	22.2986	10.4585
2:2:25:45	6	10	22.0	22.2986	10.4585
2:2:26:50	6	10	22.0	22.2986	10.4585
2:2:27:55	6	10	22.0	22.2986	10.4585
2:2:29:0	6	10	22.0	22.2986	10.4585
2:2:30:5	6	10	22.0	22.2986	10.4585
2:2:31:15	6	10	22.0	22.2986	10.4585
2:2:32:20	6	10	22.0	22.2986	10.4585
2:2:33:25	6	10	22.0	22.2986	10.4585
2:2:34:30	6	10	22.0	22.2986	10.4585
2:2:35:35	6	10	22.0	22.2986	10.4585
2:2:36:40	6	10	22.0	22.2986	10.4585
2:2:37:45	6	10	22.0	22.2986	10.4585
2:2:38:50	6	10	22.0	22.1994	10.4585
2:2:39:55	6	10	22.0	22.1994	10.4585
2:2:41:0	6	10	22.0	22.1994	10.4585
2:2:42:5	6	10	22.0	22.1994	10.4585
2:2:43:10	6	10	22.0	22.1994	10.4585
2:2:44:15	6	10	22.0	22.1994	10.4585
2:2:45:20	6	10	22.0	22.1994	10.4585
2:2:46:25	6	10	22.0	22.1994	10.4585
2:2:47:30	6	10	22.0	22.1994	10.4585
2:2:48:35	6	10	22.0	22.1994	10.4585
2:2:49:40	6	10	22.0	22.1994	10.4585
2:2:50:45	6	10	22.0	22.1994	10.4585
2:2:51:50	6	10	22.0	22.1994	10.4585
2:2:52:55	6	10	22.0	22.1994	10.4585
2:2:54:5	6	10	22.0	22.1994	10.4585
2:2:55:10	6	10	22.0	22.1994	10.4585
2:2:56:15	6	10	22.0	22.1994	10.4585
2:2:57:20	6	10	22.0	22.1994	10.4585
2:2:58:25	6	10	22.0	22.1994	10.4585
2:2:59:30	6	10	22.0	22.1994	10.4585
2:3:0:35	6	10	22.0	22.1994	10.4585
2:3:1:40	6	10	22.0	22.1994	10.4585
2:3:2:45	6	10	22.0	22.1994	10.4585
2:3:3:50	6	10	22.0	22.1994	10.4585
2:3:4:55	6	10	22.0	22.1994	10.4585
2:3:6:0	6	10	22.0	22.1994	10.4585
2:3:7:5	6	10	22.0	22.1994	10.4585
2:3:8:10	6	10	22.0	22.1994	10.4585
2:3:9:15	6	10	22.0	22.1994	10.4585
2:3:10:20	6	10	22.0	22.1994	10.4585
2:3:11:25	6	10	22.0	22.0999	10.4585
2:3:12:30	6	10	22.0	22.0999	10.4585
2:3:13:35	6	10	22.0	22.0999	10.4585
2:3:14:40	6	10	22.0	22.0999	10.4585
2:3:15:50	6	10	22.0	22.0999	10.4585
2:3:16:55	6	10	22.0	22.0999	10.4585
2:3:18:0	6	10	22.0	22.0999	10.4585
2:3:19:5	6	10	22.0	22.0999	10.4585
2:3:20:10	6	10	22.0	22.0999	10.4585
2:3:21:15	6	10	22.0	22.0999	10.4585
2:3:22:20	6	10	22.0	22.0999	10.4585
2:3:23:25	6	10	22.0	22.0999	10.4585
2:3:24:30	6	10	22.0	22.0999	10.4585
2:3:25:35	6	10	22.0	22.0999	10.4585
2:3:26:40	6	10	22.0	22.0999	10.4585
2:3:27:45	6	10	22.0	22.0999	10.4585
2:3:28:50	6	10	22.0	22.0999	10.4585
2:3:29:55	6	10	22.0	22.0999	10.4585
2:3:31:0	6	10	22.0	22.0999	10.4585
2:3:32:5	6	10	22.0	22.0999	10.4585
2:3:33:10	6	10	22.0	22.0999	10.4585
2:3:34:15	6	10	22.0	22.0999	10.4585
2:3:35:20	6	10	22.0	22.0999	10.4585
2:3:36:25	6	10	22.0	22.0999	10.4585
2:3:37:30	6	10	22.0	22.0999	10.4585
2:3:38:35	6	10	22.0	22.0999	10.4585
2:3:39:45	6	10	22.0	22.0999	10.4585
2:3:40:50	6	10	22.0	22.0999	10.4585
2:3:41:55	6	10	22.0	22.0999	10.4585
2:3:43:0	6	10	22.0	22.0999	10.4585
2:3:44:5	6	10	22.0	22.0999	10.4585
2:3:45:10	6	10	22.0	22.0999	10.4585
2:3:46:15	6	10	22.0	22.0999	10.4585
2:3:47:20	6	10	22.0	22.0999	10.4585
2:3:48:25	6	10	22.0	22.0999	10.4585
2:3:49:30	6	10	22.0	22.0999	10.4585
2:3:50:35	6	10	22.0	22.0999	10.4585
2:3:51:40	6	10	22.0	22.0999	10.4585
2:3:52:45	6	10	22.0	22.0999	10.4585
2:3:53:50	6	10	22.0	22.0999	10.4585
2:3:54:55	6	10	22.0	22.0999	10.4585
2:3:56:15	6	10	22.0	22.0999	10.4585
2:3:58:35	6	10	22.0	22.0999	10.4585
2:4:0:25	6	10	22.0	22.0999	10.4585
2:4:2:50	6	10	22.0	22.0999	10.4585
2:4:4:20	6	10	22.0	22.1006	10.4585
2:4:5:40	6	10	22.0	22.1006	10.4585
2:4:6:45	6	10	22.0	22.1006	10.4585
2:4:7:50	6	10	22.0	22.1006	10.4585
2:4:8:55	6	10	22.0	22.1006	10.4585
2:4:10:0	6	10	22.0	22.1006	10.4585
2:4:11:5	6	10	22.0	22.1006	10.4585
2:4:12:10	6	10	22.0	22.1006	10.4585
2:4:13:15	6	10	22.0	22.1006	10.4585
2:4:14:20	6	10	22.0	22.1006	10.4585
2:4:15:25	6	10	22.0	22.1006	10.4585
2:4:16:30	6	10	22.0	22.1006	10.4585
2:4:17:35	6	10	22.0	22.1006	10.4585
2:4:18:40	6	10	22.0	22.1006	10.4585
2:4:19:45	6	10	22.0	22.1006	10.4585
2:4:20:55	6	10	22.0	22.1006	10.4585
2:4:22:0	6	10	22.0	22.1006	10.4585
2:4:23:5	6	10	22.0	22.1006	10.4585
2:4:24:10	6	10	22.0	22.1006	10.4585
2:4:25:15	6	10	22.0	22.1006	10.4585
2:4:26:20	6	10	22.0	22.1006	10.4585
2:4:27:25	6	10	22.0	22.1006	10.4585
2:4:28:30	6	10	22.0	22.1006	10.4585
2:4:29:35	6	10	22.0	22.1006	10.4585
2:4:30:40	6	10	22.0	22.1006	10.4585
2:4:31:45	6	10	22.0	22.1006	10.4585
2:4:32:50	6	10	22.0	22.1006	10.4585
2:4:33:55	6	10	22.0	22.1006	10.4585
2:4:35:0	6	10	22.0	22.1006	10.4585
2:4:36:5	6	10	22.0	22.2038	10.4585
2:4:37:10	6	10	22.0	22.2038	10.4585
2:4:38:15	6	10	22.0	22.2038	10.4585
2:4:39:20	6	10	22.0	22.2038	10.4585
2:4:40:25	6	10	22.0	22.2038	10.4585
2:4:41:30	6	10	22.0	22.2038	10.4585
2:4:42:35	6	10	22.0	22.2038	10.4585
2:4:43:40	6	10	22.0	22.2038	10.4585
2:4:44:50	6	10	22.0	22.2038	10.4585
2:4:45:55	6	10	22.0	22.2038	10.4585
2:4:47:0	6	10	22.0	22.2038	10.4585
2:4:48:5	6	10	22.0	22.2038	10.4585
2:4:49:10	6	10	22.0	22.2038	10.4585
2:4:50:15	6	10	22.0	22.2038	10.4585
2:4:51:20	6	10	22.0	22.2038	10.4585
2:4:52:25	6	10	22.0	22.2038	10.4585
2:4:53:30	6	10	22.0	22.2038	10.4585
2:4:54:35	6	10	22.0	22.2038	10.4585
2:4:55:40	6	10	22.0	22.2038	10.4585
2:4:56:45	6	10	22.0	22.3021	10.4585
2:4:57:50	6	10	22.0	22.3021	10.4585
2:4:58:55	6	10	22.0	22.3021	10.4585
2:5:0:0	6	10	22.0	22.3021	10.4585
2:5:1:5	6	10	22.0	22.3021	10.4585
2:5:2:10	6	10	22.0	22.3021	10.4585
2:5:3:15	6	10	22.0	22.3021	10.4585
2:5:4:20	6	10	22.0	22.3021	10.4585
2:5:5:25	6	10	22.0	22.3021	10.4585
2:5:6:30	6	10	22.0	22.3021	10.4585
2:5:7:35	6	10	22.0	22.3021	10.4585
2:5:8:40	6	10	22.0	22.3021	10.4585
2:5:9:50	6	10	22.0	22.3021	10.4585
2:5:10:55	6	10	22.0	22.3021	10.4585
2:5:12:0	6	10	22.0	22.3021	10.4585
2:5:13:5	6	10	22.0	22.406	10.4585
2:5:14:10	6	10	22.0	22.406	10.4585
2:5:15:15	6	10	22.0	22.406	10.4585
2:5:16:20	6	10	22.0	22.406	10.4585
2:5:17:25	6	10	22.0	22.406	10.4585
2:5:18:30	6	10	22.0	22.406	10.4585
2:5:19:35	6	10	22.0	22.406	10.4585
2:5:20:40	6	10	22.0	22.406	10.4585
2:5:21:45	6	10	22.0	22.406	10.4585
2:5:22:50	6	10	22.0	22.406	10.4585
2:5:23:55	6	10	22.0	22.406	10.4585
2:5:25:0	6	10	22.0	22.406	10.4585
2:5:26:5	6	10	22.0	22.5054	10.4585
2:5:27:10	6	10	22.0	22.5054	10.4585
2:5:28:15	6	10	22.0	22.5054	10.4585
2:5:29:20	6	10	22.0	22.5054	10.4585
2:5:30:25	6	10	22.0	22.5054	10.4585
2:5:31:30	6	10	22.0	22.5054	10.4585
2:5:32:35	6	10	22.0	22.5054	10.4585
2:5:33:40	6	10	22.0	22.5054	10.4585
2:5:34:45	6	10	22.0	22.5054	10.4585
2:5:35:50	6	10	22.0	22.5054	10.4585
2:5:37:0	6	10	22.0	22.6006	10.4585
2:5:38:5	6	10	22.0	22.6006	10.4585
2:5:39:10	6	10	22.0	22.6006	10.4585
2:5:40:15	6	10	22.0	22.6006	10.4585
2:5:41:20	6	10	22.0	22.6006	10.4585
2:5:42:20	6	10	22.0	22.6006	10.4585
2:5:43:30	6	10	22.0	22.6006	10.4585
2:5:44:35	6	10	22.0	22.6006	10.4585
2:5:45:40	6	10	22.0	22.6006	10.4585
2:5:46:45	6	10	22.0	22.6006	10.4585
2:5:47:50	6	10	22.0	22.6006	10.4585
2:5:48:55	6	10	22.0	22.704	10.4585
2:5:50:0	6	10	22.0	22.704	10.4585
2:5:51:5	6	10	22.0	22.704	10.4585
2:5:52:10	6	10	22.0	22.704	10.4585
2:5:53:15	6	10	22.0	22.704	10.4585
2:5:54:20	6	10	22.0	22.704	10.4585
2:5:55:25	6	10	22.0	22.704	10.4585
2:5:56:30	6	10	22.0	22.704	10.4585
2:5:57:35	6	10	22.0	22.704	10.4585
2:5:58:40	6	10	22.0	22.8038	10.4585
2:5:59:45	6	10	22.0	22.8038	10.4585
2:6:0:50	6	10	22.0	22.8038	10.4585
2:6:1:55	6	10	22.0	22.8038	10.4585
2:6:3:0	6	10	22.0	22.8038	10.4585
2:6:4:5	6	10	22.0	22.8038	10.4585
2:6:5:15	6	10	22.0	22.8038	10.4585
2:6:6:20	6	10	22.0	22.9057	10.4585
2:6:7:25	6	10	22.0	22.9057	10.4585
2:6:8:30	6	10	22.0	22.9057	10.4585
2:6:9:35	6	10	22.0	22.9057	10.4585
2:6:10:40	6	10	22.0	22.9057	10.4585
