1:0:49:25	6	4	22.0	22.4045	60.4893
1:0:50:30	6	4	22.0	22.4045	60.4893
1:0:51:35	6	4	22.0	22.4045	60.4893
1:0:52:40	6	4	22.0	22.4045	60.4893
1:0:53:45	6	4	22.0	22.4045	60.4893
1:0:54:50	6	4	22.0	22.4045	60.4893
1:0:56:0	6	4	22.0	22.4045	60.4893
1:0:57:5	6	4	22.0	22.4045	60.4893
1:0:58:10	6	4	22.0	22.4045	60.4893
1:0:59:15	6	4	22.0	22.4045	60.4893
1:1:0:20	6	4	22.0	22.4045	60.4893
1:1:1:25	6	4	22.0	22.4045	60.4893
1:1:2:30	6	4	22.0	22.4045	60.4893
1:1:3:35	6	4	22.0	22.3936	60.4893
1:1:4:40	6	4	22.0	22.3936	60.4893
1:1:5:45	6	4	22.0	22.3936	60.4893
1:1:6:50	6	4	22.0	22.3936	60.4893
1:1:7:55	6	4	22.0	22.3936	60.4893
1:1:9:0	6	4	22.0	22.3936	60.4893
1:1:10:5	6	4	22.0	22.3936	60.4893
1:1:11:10	6	4	22.0	22.3936	60.4893
1:1:12:15	6	4	22.0	22.3936	60.4893
1:1:13:20	6	4	22.0	22.2971	60.4893
1:1:14:30	6	4	22.0	22.2971	60.4893
1:1:15:35	6	4	22.0	22.2971	60.4893
1:1:16:40	6	4	22.0	22.2971	60.4893
1:1:17:45	6	4	22.0	22.2971	60.4893
1:1:18:50	6	4	22.0	22.2971	60.4893
1:1:19:55	6	4	22.0	22.2971	60.4893
1:1:21:0	6	4	22.0	22.2971	60.4893
1:1:22:5	6	4	22.0	22.1982	60.4893
1:1:23:10	6	4	22.0	22.1982	60.4893
1:1:24:15	6	4	22.0	22.1982	60.4893
1:1:25:20	6	4	22.0	22.1982	60.4893
1:1:26:25	6	4	22.0	22.1982	60.4893
1:1:27:30	6	4	22.0	22.0969	60.4893
1:1:28:35	6	4	22.0	22.0969	60.4893
1:1:29:40	6	4	22.0	22.0969	60.4893
1:1:30:45	6	4	22.0	22.0969	60.4893
1:1:31:50	6	4	22.0	22.0969	60.4893
1:1:32:55	6	4	22.0	21.9847	60.4893
1:1:34:5	6	4	22.0	21.9847	60.4893
1:1:35:10	6	4	22.0	21.9847	60.4893
1:1:36:15	6	4	22.0	21.8939	60.4893
1:1:37:20	6	4	22.0	21.8939	60.4893
1:1:38:25	6	4	22.0	21.8939	60.4893
1:1:39:30	6	4	22.0	21.8939	60.4893
1:1:40:35	6	4	22.0	21.7955	60.4893
1:1:41:40	6	4	22.0	21.7955	60.4893
1:1:42:45	6	4	22.0	21.7955	60.4893
1:1:43:50	6	4	22.0	21.7955	60.4893
1:1:44:55	6	4	22.0	21.6723	60.4893
1:1:46:0	6	4	22.0	21.6723	60.4893
1:1:47:5	6	4	22.0	21.6723	60.4893
1:1:48:10	6	4	22.0	21.573	60.4893
1:1:49:15	6	4	22.0	21.573	60.4893
1:1:50:20	6	4	22.0	21.4805	60.4893
1:1:51:25	6	4	22.0	21.4805	60.4893
1:1:52:30	6	4	22.0	21.4805	60.4893
1:1:53:35	6	4	22.0	21.3658	60.4893
1:1:54:40	6	4	22.0	21.3658	60.4893
1:1:55:45	6	4	22.0	21.2964	60.4893
1:1:56:55	6	4	22.0	21.2964	60.4893
1:1:58:0	6	4	22.0	21.2964	60.4893
1:1:59:5	6	4	22.0	21.1938	60.4893
1:2:0:10	6	4	22.0	21.1938	60.4893
1:2:1:15	6	4	22.0	21.0829	60.4893
1:2:2:20	6	4	22.0	21.0829	60.4893
1:2:3:25	6	4	22.0	20.9968	60.4893
1:2:4:30	6	4	22.0	20.9968	60.4893
1:2:5:35	6	4	22.0	20.9968	60.4893
1:2:6:40	6	4	22.0	20.8703	60.4893
1:2:7:45	6	4	22.0	20.8703	60.4893
1:2:8:50	6	4	22.0	20.7869	60.4893
1:2:9:55	6	4	22.0	20.7869	60.4893
1:2:11:0	6	4	22.0	20.683	60.4893
1:2:12:5	6	4	22.0	20.683	60.4893
1:2:13:15	6	4	22.0	20.5802	60.4893
1:2:14:20	6	4	22.0	20.4673	60.4893
1:2:15:25	6	4	22.0	20.4673	60.4893
1:2:16:30	6	4	22.0	20.3584	60.4893
1:2:17:35	6	4	22.0	20.3584	60.4893
1:2:18:40	6	4	22.0	20.2523	60.4893
1:2:19:45	6	4	22.0	20.1931	60.4893
1:2:20:50	6	4	22.0	20.1931	60.4893
1:2:21:55	6	4	22.0	20.0824	60.4893
1:2:23:0	6	4	22.0	20.0824	60.4893
1:2:24:5	6	4	22.0	19.9617	60.4893
1:2:25:10	6	4	22.0	19.8501	60.4893
1:2:26:15	6	4	22.0	19.7921	60.4893
1:2:27:20	6	4	22.0	19.7921	60.4893
1:2:28:25	6	4	22.0	19.6837	60.4893
1:2:29:30	6	4	22.0	19.6837	60.4893
1:2:30:35	6	4	22.0	19.5603	60.4893
1:2:31:40	6	4	22.0	19.5603	60.4893
1:2:32:45	6	4	22.0	19.4422	60.4893
1:2:33:50	6	4	22.0	19.3872	60.4893
1:2:34:55	6	4	22.0	19.3872	60.4893
1:2:36:0	6	4	22.0	19.2736	60.4893
1:2:37:5	6	4	22.0	19.1557	60.4893
1:2:38:15	6	4	22.0	19.0915	60.4893
1:2:39:20	6	4	22.0	19.0915	60.4893
1:2:40:25	6	4	22.0	18.9718	60.4893
1:2:41:30	6	4	22.0	18.9718	60.4893
1:2:42:35	6	4	22.0	18.8568	60.4893
1:2:43:40	6	4	22.0	18.7935	60.4893
1:2:44:45	6	4	22.0	18.7935	60.4893
1:2:45:50	6	4	22.0	18.6757	60.4893
1:2:46:55	6	4	22.0	18.6757	60.4893
1:2:48:0	6	4	22.0	18.5623	60.4893
1:2:49:5	6	4	22.0	18.4993	60.4893
1:2:50:10	6	4	22.0	18.3822	60.4893
1:2:51:15	6	4	22.0	18.3822	60.4893
1:2:52:20	6	4	22.0	18.2517	60.4893
1:2:53:25	6	4	22.0	18.1917	60.4893
1:2:54:30	6	4	22.0	18.1917	60.4893
1:2:55:35	6	4	22.0	18.0614	60.4893
1:2:56:40	6	4	22.0	18.0614	60.4893
1:2:57:45	6	4	22.0	17.9281	60.4893
1:2:58:50	6	4	22.0	17.8518	60.4893
1:2:59:55	6	4	22.0	17.7751	60.4893
1:3:1:0	6	4	22.0	17.6963	60.4893
1:3:2:5	6	4	22.0	17.6963	60.4893
1:3:3:15	6	4	22.0	17.4934	60.4893
1:3:4:20	6	4	22.0	17.4934	60.4893
1:3:5:25	6	4	22.0	17.3765	60.4893
1:3:6:30	6	4	22.0	17.3765	60.4893
1:3:7:35	6	4	22.0	17.2649	60.4893
1:3:8:40	6	4	22.0	17.2649	60.4893
1:3:9:45	6	4	22.0	17.1577	60.4893
1:3:10:50	6	4	22.0	17.1577	60.4893
1:3:11:55	6	4	22.0	17.0706	60.4893
1:3:13:0	6	4	22.0	17.0706	60.4893
1:3:14:5	6	4	22.0	16.9884	60.4893
1:3:15:10	6	4	22.0	16.9884	60.4893
1:3:16:15	6	4	22.0	16.8628	60.4893
1:3:17:20	6	4	22.0	16.8628	60.4893
1:3:18:25	6	4	22.0	16.785	60.4893
1:3:19:30	6	4	22.0	16.785	60.4893
1:3:20:35	6	4	22.0	16.785	60.4893
1:3:21:40	6	4	22.0	16.6836	60.4893
1:3:22:45	6	4	22.0	16.6836	60.4893
1:3:23:55	6	4	22.0	16.6836	60.4893
1:3:25:0	6	4	22.0	16.587	60.4893
1:3:26:5	6	4	22.0	16.587	60.4893
1:3:27:10	6	4	22.0	16.4905	60.4893
1:3:28:15	6	4	22.0	16.4905	60.4893
1:3:29:20	6	4	22.0	16.4905	60.4893
1:3:30:25	6	4	22.0	16.4905	60.4893
1:3:31:30	6	4	22.0	16.3803	60.4893
1:3:32:35	6	4	22.0	16.3803	60.4893
1:3:33:40	6	4	22.0	16.3803	60.4893
1:3:34:45	6	4	22.0	16.2928	60.4893
1:3:35:50	6	4	22.0	16.2928	60.4893
1:3:36:55	6	4	22.0	16.2928	60.4893
1:3:38:0	6	4	22.0	16.2928	60.4893
1:3:39:5	6	4	22.0	16.1906	60.4893
1:3:40:10	6	4	22.0	16.1906	60.4893
1:3:41:15	6	4	22.0	16.1906	60.4893
1:3:42:20	6	4	22.0	16.0908	60.4893
1:3:43:25	6	4	22.0	16.0908	60.4893
1:3:44:30	6	4	22.0	16.0908	60.4893
1:3:45:35	6	4	22.0	16.0908	60.4893
1:3:46:40	6	4	22.0	15.9792	60.4893
1:3:47:45	6	4	22.0	15.9792	60.4893
1:3:48:50	6	4	22.0	15.9792	60.4893
1:3:49:55	6	4	22.0	15.9792	60.4893
1:3:51:0	6	4	22.0	15.8685	60.4893
1:3:52:5	6	4	22.0	15.8685	60.4893
1:3:53:15	6	4	22.0	15.7892	60.4893
1:3:54:20	6	4	22.0	15.7892	60.4893
1:3:55:25	6	4	22.0	15.7892	60.4893
1:3:56:30	6	4	22.0	15.7892	60.4893
1:3:57:35	6	4	22.0	15.6845	60.4893
1:3:58:40	6	4	22.0	15.6845	60.4893
1:3:59:45	6	4	22.0	15.6845	60.4893
1:4:0:50	6	4	22.0	15.6845	60.4893
1:4:1:55	6	4	22.0	15.5835	60.4893
1:4:3:0	6	4	22.0	15.5835	60.4893
1:4:4:5	6	4	22.0	15.5835	60.4893
1:4:5:10	6	4	22.0	15.4886	60.4893
1:4:6:15	6	4	22.0	15.4886	60.4893
1:4:7:20	6	4	22.0	15.4886	60.4893
1:4:8:25	6	4	22.0	15.4886	60.4893
1:4:9:30	6	4	22.0	15.4886	60.4893
1:4:10:45	6	4	22.0	15.3966	60.4893
1:4:11:50	6	4	22.0	15.3966	60.4893
1:4:12:55	6	4	22.0	15.3966	60.4893
1:4:14:0	6	4	22.0	15.3966	60.4893
1:4:15:5	6	4	22.0	15.3966	60.4893
1:4:16:10	6	4	22.0	15.3966	60.4893
1:4:17:15	6	4	22.0	15.2907	60.4893
1:4:18:20	6	4	22.0	15.2907	60.4893
1:4:19:25	6	4	22.0	15.2907	60.4893
1:4:20:30	6	4	22.0	15.2907	60.4893
1:4:21:35	6	4	22.0	15.2907	60.4893
1:4:22:40	6	4	22.0	15.2907	60.4893
1:4:23:45	6	4	22.0	15.2907	60.4893
1:4:24:50	6	4	22.0	15.2907	60.4893
1:4:25:55	6	4	22.0	15.1818	60.4893
1:4:27:0	6	4	22.0	15.1818	60.4893
1:4:28:5	6	4	22.0	15.1818	60.4893
1:4:29:10	6	4	22.0	15.1818	60.4893
1:4:30:15	6	4	22.0	15.1818	60.4893
1:4:31:20	6	4	22.0	15.1818	60.4893
1:4:32:25	6	4	22.0	15.0934	60.4893
1:4:33:30	6	4	22.0	15.0934	60.4893
1:4:34:40	6	4	22.0	15.0934	60.4893
