1:0:49:25	6	3	22.0	21.9118	99.5172
1:0:50:30	6	3	22.0	21.9118	99.5172
1:0:51:35	6	3	22.0	21.9118	99.5172
1:0:52:40	6	3	22.0	21.9118	99.5172
1:0:53:45	6	3	22.0	21.9118	99.5172
1:0:54:50	6	3	22.0	21.9118	99.5172
1:0:55:55	6	3	22.0	21.9118	99.5172
1:0:57:0	6	3	22.0	21.9118	99.5172
1:0:58:5	6	3	22.0	21.9118	99.5172
1:0:59:15	6	3	22.0	21.8924	99.5172
1:1:0:20	6	3	22.0	21.8924	99.5172
1:1:1:25	6	3	22.0	21.8924	99.5172
1:1:2:30	6	3	22.0	21.8924	99.5172
1:1:3:35	6	3	22.0	21.8924	99.5172
1:1:4:40	6	3	22.0	21.8924	99.5172
1:1:5:45	6	3	22.0	21.8924	99.5172
1:1:6:50	6	3	22.0	21.8924	99.5172
1:1:7:55	6	3	22.0	21.8924	99.5172
1:1:9:0	6	3	22.0	21.8924	99.5172
1:1:10:5	6	3	22.0	21.7899	99.5172
1:1:11:10	6	3	22.0	21.7899	99.5172
1:1:12:15	6	3	22.0	21.7899	99.5172
1:1:13:20	6	3	22.0	21.7899	99.5172
1:1:14:30	6	3	22.0	21.7899	99.5172
1:1:15:35	6	3	22.0	21.7899	99.5172
1:1:16:40	6	3	22.0	21.7899	99.5172
1:1:17:45	6	3	22.0	21.6878	99.5172
1:1:18:50	6	3	22.0	21.6878	99.5172
1:1:19:55	6	3	22.0	21.6878	99.5172
1:1:21:0	6	3	22.0	21.6878	99.5172
1:1:22:5	6	3	22.0	21.6878	99.5172
1:1:23:10	6	3	22.0	21.5822	99.5172
1:1:24:15	6	3	22.0	21.5822	99.5172
1:1:25:20	6	3	22.0	21.5822	99.5172
1:1:26:25	6	3	22.0	21.5822	99.5172
1:1:27:30	6	3	22.0	21.4849	99.5172
1:1:28:35	6	3	22.0	21.4849	99.5172
1:1:29:40	6	3	22.0	21.4849	99.5172
1:1:30:45	6	3	22.0	21.4849	99.5172
1:1:31:50	6	3	22.0	21.3733	99.5172
1:1:32:55	6	3	22.0	21.3733	99.5172
1:1:34:0	6	3	22.0	21.3733	99.5172
1:1:35:5	6	3	22.0	21.3733	99.5172
1:1:36:15	6	3	22.0	21.287	99.5172
1:1:37:20	6	3	22.0	21.287	99.5172
1:1:38:25	6	3	22.0	21.1757	99.5172
1:1:39:30	6	3	22.0	21.1757	99.5172
1:1:40:35	6	3	22.0	21.1757	99.5172
1:1:41:40	6	3	22.0	21.0976	99.5172
1:1:42:45	6	3	22.0	21.0976	99.5172
1:1:43:50	6	3	22.0	21.0976	99.5172
1:1:44:55	6	3	22.0	20.9846	99.5172
1:1:46:0	6	3	22.0	20.9846	99.5172
1:1:47:5	6	3	22.0	20.8953	99.5172
1:1:48:10	6	3	22.0	20.8953	99.5172
1:1:49:15	6	3	22.0	20.7878	99.5172
1:1:50:20	6	3	22.0	20.7878	99.5172
1:1:51:25	6	3	22.0	20.7878	99.5172
1:1:52:30	6	3	22.0	20.6777	99.5172
1:1:53:35	6	3	22.0	20.6777	99.5172
1:1:54:40	6	3	22.0	20.5887	99.5172
1:1:55:45	6	3	22.0	20.5887	99.5172
1:1:56:50	6	3	22.0	20.5887	99.5172
1:1:57:55	6	3	22.0	20.4832	99.5172
1:1:59:5	6	3	22.0	20.4832	99.5172
1:2:0:10	6	3	22.0	20.3547	99.5172
1:2:1:15	6	3	22.0	20.3547	99.5172
1:2:2:20	6	3	22.0	20.2533	99.5172
1:2:3:25	6	3	22.0	20.2533	99.5172
1:2:4:30	6	3	22.0	20.1526	99.5172
1:2:5:35	6	3	22.0	20.1526	99.5172
1:2:6:40	6	3	22.0	20.0527	99.5172
1:2:7:45	6	3	22.0	20.0527	99.5172
1:2:8:50	6	3	22.0	19.9859	99.5172
1:2:9:55	6	3	22.0	19.9859	99.5172
1:2:11:0	6	3	22.0	19.8473	99.5172
1:2:12:5	6	3	22.0	19.7769	99.5172
1:2:13:10	6	3	22.0	19.6644	99.5172
1:2:14:15	6	3	22.0	19.5889	99.5172
1:2:15:25	6	3	22.0	19.5889	99.5172
1:2:16:30	6	3	22.0	19.4689	99.5172
1:2:17:35	6	3	22.0	19.4689	99.5172
1:2:18:40	6	3	22.0	19.358	99.5172
1:2:19:45	6	3	22.0	19.283	99.5172
1:2:20:50	6	3	22.0	19.283	99.5172
1:2:21:55	6	3	22.0	19.1626	99.5172
1:2:23:0	6	3	22.0	19.0848	99.5172
1:2:24:5	6	3	22.0	19.0848	99.5172
1:2:25:10	6	3	22.0	18.9701	99.5172
1:2:26:15	6	3	22.0	18.8683	99.5172
1:2:27:20	6	3	22.0	18.8683	99.5172
1:2:28:25	6	3	22.0	18.7685	99.5172
1:2:29:30	6	3	22.0	18.6948	99.5172
1:2:30:35	6	3	22.0	18.6948	99.5172
1:2:31:40	6	3	22.0	18.5611	99.5172
1:2:32:45	6	3	22.0	18.4912	99.5172
1:2:33:50	6	3	22.0	18.4912	99.5172
1:2:34:55	6	3	22.0	18.3796	99.5172
1:2:36:0	6	3	22.0	18.3796	99.5172
1:2:37:5	6	3	22.0	18.2511	99.5172
1:2:38:15	6	3	22.0	18.1874	99.5172
1:2:39:20	6	3	22.0	18.0605	99.5172
1:2:40:25	6	3	22.0	17.9902	99.5172
1:2:41:30	6	3	22.0	17.9902	99.5172
1:2:42:35	6	3	22.0	17.8637	99.5172
1:2:43:40	6	3	22.0	17.7934	99.5172
1:2:44:45	6	3	22.0	17.7934	99.5172
1:2:45:50	6	3	22.0	17.6753	99.5172
1:2:46:55	6	3	22.0	17.6753	99.5172
1:2:48:0	6	3	22.0	17.5515	99.5172
1:2:49:5	6	3	22.0	17.4902	99.5172
1:2:50:10	6	3	22.0	17.3686	99.5172
1:2:51:15	6	3	22.0	17.2985	99.5172
1:2:52:20	6	3	22.0	17.2985	99.5172
1:2:53:25	6	3	22.0	17.1385	99.5172
1:2:54:30	6	3	22.0	17.0843	99.5172
1:2:55:35	6	3	22.0	17.0843	99.5172
1:2:56:40	6	3	22.0	16.9596	99.5172
1:2:57:45	6	3	22.0	16.8637	99.5172
1:2:58:50	6	3	22.0	16.7342	99.5172
1:2:59:55	6	3	22.0	16.6483	99.5172
1:3:1:0	6	3	22.0	16.5604	99.5172
1:3:2:5	6	3	22.0	16.5604	99.5172
1:3:3:10	6	3	22.0	16.399	99.5172
1:3:4:15	6	3	22.0	16.399	99.5172
1:3:5:25	6	3	22.0	16.2982	99.5172
1:3:6:30	6	3	22.0	16.2982	99.5172
1:3:7:35	6	3	22.0	16.2982	99.5172
1:3:8:40	6	3	22.0	16.1841	99.5172
1:3:9:45	6	3	22.0	16.1841	99.5172
1:3:10:50	6	3	22.0	16.1841	99.5172
1:3:11:55	6	3	22.0	16.1841	99.5172
1:3:13:0	6	3	22.0	16.0673	99.5172
1:3:14:5	6	3	22.0	16.0673	99.5172
1:3:15:10	6	3	22.0	15.97	99.5172
1:3:16:15	6	3	22.0	15.97	99.5172
1:3:17:20	6	3	22.0	15.97	99.5172
1:3:18:25	6	3	22.0	15.8762	99.5172
1:3:19:30	6	3	22.0	15.8762	99.5172
1:3:20:35	6	3	22.0	15.8762	99.5172
1:3:21:40	6	3	22.0	15.8762	99.5172
1:3:22:45	6	3	22.0	15.8762	99.5172
1:3:23:50	6	3	22.0	15.7615	99.5172
1:3:24:55	6	3	22.0	15.7615	99.5172
1:3:26:0	6	3	22.0	15.7615	99.5172
1:3:27:5	6	3	22.0	15.6693	99.5172
1:3:28:15	6	3	22.0	15.6693	99.5172
1:3:29:20	6	3	22.0	15.6693	99.5172
1:3:30:25	6	3	22.0	15.5982	99.5172
1:3:31:30	6	3	22.0	15.5982	99.5172
1:3:32:35	6	3	22.0	15.5982	99.5172
1:3:33:40	6	3	22.0	15.5982	99.5172
1:3:34:45	6	3	22.0	15.4698	99.5172
1:3:35:50	6	3	22.0	15.4698	99.5172
1:3:36:55	6	3	22.0	15.4698	99.5172
1:3:38:0	6	3	22.0	15.4698	99.5172
1:3:39:5	6	3	22.0	15.4698	99.5172
1:3:40:10	6	3	22.0	15.3545	99.5172
1:3:41:15	6	3	22.0	15.3545	99.5172
1:3:42:20	6	3	22.0	15.2634	99.5172
1:3:43:25	6	3	22.0	15.2634	99.5172
1:3:44:30	6	3	22.0	15.2634	99.5172
1:3:45:35	6	3	22.0	15.1731	99.5172
1:3:46:40	6	3	22.0	15.1731	99.5172
1:3:47:45	6	3	22.0	15.1731	99.5172
1:3:48:50	6	3	22.0	15.1731	99.5172
1:3:49:55	6	3	22.0	15.0978	99.5172
1:3:51:0	6	3	22.0	15.0978	99.5172
1:3:52:5	6	3	22.0	15.0978	99.5172
1:3:53:10	6	3	22.0	14.9926	99.5172
1:3:54:15	6	3	22.0	14.9926	99.5172
1:3:55:20	6	3	22.0	14.9926	99.5172
1:3:56:30	6	3	22.0	14.9926	99.5172
1:3:57:35	6	3	22.0	14.8985	99.5172
1:3:58:40	6	3	22.0	14.8985	99.5172
1:3:59:45	6	3	22.0	14.8985	99.5172
1:4:0:50	6	3	22.0	14.8985	99.5172
1:4:1:55	6	3	22.0	14.8985	99.5172
1:4:3:0	6	3	22.0	14.7599	99.5172
1:4:4:5	6	3	22.0	14.7599	99.5172
1:4:5:10	6	3	22.0	14.699	99.5172
1:4:6:15	6	3	22.0	14.699	99.5172
1:4:7:20	6	3	22.0	14.699	99.5172
1:4:8:25	6	3	22.0	14.699	99.5172
1:4:9:30	6	3	22.0	14.699	99.5172
1:4:10:40	6	3	22.0	14.699	99.5172
1:4:11:50	6	3	22.0	14.699	99.5172
1:4:12:55	6	3	22.0	14.699	99.5172
1:4:14:0	6	3	22.0	14.5932	99.5172
1:4:15:5	6	3	22.0	14.5932	99.5172
1:4:16:10	6	3	22.0	14.5932	99.5172
1:4:17:15	6	3	22.0	14.5932	99.5172
1:4:18:20	6	3	22.0	14.5932	99.5172
1:4:19:25	6	3	22.0	14.5932	99.5172
1:4:20:30	6	3	22.0	14.5932	99.5172
1:4:21:35	6	3	22.0	14.5932	99.5172
1:4:22:40	6	3	22.0	14.5932	99.5172
1:4:23:45	6	3	22.0	14.4948	99.5172
1:4:24:50	6	3	22.0	14.4948	99.5172
1:4:25:55	6	3	22.0	14.4948	99.5172
1:4:27:0	6	3	22.0	14.4948	99.5172
1:4:28:5	6	3	22.0	14.4948	99.5172
1:4:29:10	6	3	22.0	14.395	99.5172
1:4:30:15	6	3	22.0	14.395	99.5172
1:4:31:20	6	3	22.0	14.395	99.5172
1:4:32:25	6	3	22.0	14.395	99.5172
1:4:33:30	6	3	22.0	14.395	99.5172
1:4:34:35	6	3	22.0	14.395	99.5172
1:4:35:45	6	3	22.0	14.395	99.5172
1:4:36:50	6	3	22.0	14.395	99.5172
1:4:37:55	6	3	22.0	14.395	99.5172
1:4:39:0	6	3	22.0	14.395	99.5172
1:4:40:5	6	3	22.0	14.395	99.5172
1:4:41:10	6	3	22.0	14.2957	99.5172
1:4:42:15	6	3	22.0	14.2957	99.5172
1:4:43:20	6	3	22.0	14.2957	99.5172
1:4:44:25	6	3	22.0	14.2957	99.5172
1:4:45:30	6	3	22.0	14.2957	99.5172
1:4:46:35	6	3	22.0	14.2957	99.5172
1:4:47:40	6	3	22.0	14.1896	99.5172
1:4:48:45	6	3	22.0	14.1896	99.5172
1:4:49:50	6	3	22.0	14.1896	99.5172
1:4:50:55	6	3	22.0	14.1896	99.5172
1:4:52:0	6	3	22.0	14.1896	99.5172
1:4:53:5	6	3	22.0	14.1896	99.5172
1:4:54:10	6	3	22.0	14.0972	99.5172
1:4:55:15	6	3	22.0	14.0972	99.5172
1:4:56:20	6	3	22.0	14.0972	99.5172
1:4:57:25	6	3	22.0	14.0972	99.5172
1:4:58:30	6	3	22.0	14.0972	99.5172
1:4:59:35	6	3	22.0	14.0972	99.5172
1:5:0:40	6	3	22.0	14.0972	99.5172
1:5:1:50	6	3	22.0	14.0972	99.5172
1:5:2:55	6	3	22.0	14.0972	99.5172
1:5:4:0	6	3	22.0	14.0972	99.5172
1:5:5:5	6	3	22.0	14.0972	99.5172
1:5:6:10	6	3	22.0	14.0972	99.5172
1:5:7:15	6	3	22.0	14.0972	99.5172
1:5:8:20	6	3	22.0	13.9997	99.5172
1:5:9:25	6	3	22.0	13.9997	99.5172
1:5:10:30	6	3	22.0	13.9997	99.5172
1:5:11:35	6	3	22.0	13.9997	99.5172
1:5:12:40	6	3	22.0	13.9997	99.5172
1:5:13:45	6	3	22.0	13.9997	99.5172
1:5:14:50	6	3	22.0	13.9997	99.5172
1:5:15:55	6	3	22.0	13.9997	99.5172
1:5:17:0	6	3	22.0	13.9997	99.5172
1:5:18:5	6	3	22.0	14.0004	99.5172
1:5:19:10	6	3	22.0	14.0004	99.5172
1:5:20:15	6	3	22.0	14.0004	99.5172
1:5:21:20	6	3	22.0	14.0004	99.5172
1:5:22:25	6	3	22.0	14.0004	99.5172
1:5:23:30	6	3	22.0	14.0004	99.5172
1:5:24:35	6	3	22.0	14.0004	99.5172
1:5:25:45	6	3	22.0	14.0004	99.5172
1:5:26:50	6	3	22.0	14.0004	99.5172
1:5:27:55	6	3	22.0	14.0004	99.5172
1:5:29:0	6	3	22.0	14.0004	99.5172
1:5:30:5	6	3	22.0	14.0004	99.5172
1:5:31:10	6	3	22.0	14.0004	99.5172
1:5:32:15	6	3	22.0	14.0004	99.5172
1:5:33:20	6	3	22.0	14.0004	99.5172
1:5:34:25	6	3	22.0	14.0004	99.5172
1:5:35:30	6	3	22.0	14.0004	99.5172
1:5:36:40	6	3	22.0	14.0004	99.5172
1:5:37:45	6	3	22.0	14.0004	99.5172
1:5:38:50	6	3	22.0	14.0004	99.5172
1:5:39:55	6	3	22.0	14.0004	99.5172
1:5:41:0	6	3	22.0	14.0004	99.5172
1:5:42:5	6	3	22.0	14.0004	99.5172
1:5:43:10	6	3	22.0	14.0004	99.5172
1:5:44:15	6	3	22.0	14.0004	99.5172
1:5:45:20	6	3	22.0	14.0004	99.5172
1:5:46:25	6	3	22.0	14.0004	99.5172
1:5:47:30	6	3	22.0	14.0004	99.5172
1:5:48:35	6	3	22.0	14.0004	99.5172
1:5:49:40	6	3	22.0	14.0004	99.5172
1:5:50:45	6	3	22.0	14.0004	99.5172
1:5:51:50	6	3	22.0	14.0004	99.5172
1:5:52:55	6	3	22.0	14.0004	99.5172
1:5:54:0	6	3	22.0	14.0004	99.5172
1:5:55:5	6	3	22.0	14.0004	99.5172
1:5:56:10	6	3	22.0	14.0004	99.5172
1:5:57:15	6	3	22.0	14.0004	99.5172
1:5:58:20	6	3	22.0	14.0004	99.5172
1:5:59:25	6	3	22.0	14.0004	99.5172
1:6:0:30	6	3	22.0	14.0004	99.5172
1:6:1:35	6	3	22.0	14.0004	99.5172
1:6:2:40	6	3	22.0	14.0004	99.5172
1:6:3:50	6	3	22.0	14.0004	99.5172
1:6:4:55	6	3	22.0	14.0004	99.5172
1:6:6:0	6	3	22.0	14.0004	99.5172
1:6:7:5	6	3	22.0	14.0004	99.5172
1:6:8:10	6	3	22.0	14.0004	99.5172
1:6:9:15	6	3	22.0	14.0004	99.5172
1:6:10:20	6	3	22.0	14.0004	99.5172
1:6:11:25	6	3	22.0	14.0004	99.5172
1:6:12:30	6	3	22.0	14.0004	99.5172
1:6:13:35	6	3	22.0	14.0004	99.5172
1:6:14:40	6	3	22.0	14.0004	99.5172
1:6:15:45	6	3	22.0	14.0004	99.5172
1:6:16:50	6	3	22.0	14.0004	99.5172
1:6:17:55	6	3	22.0	14.0004	99.5172
1:6:19:0	6	3	22.0	14.0004	99.5172
1:6:20:5	6	3	22.0	14.0004	99.5172
1:6:21:10	6	3	22.0	14.0004	99.5172
1:6:22:15	6	3	22.0	14.0004	99.5172
1:6:23:20	6	3	22.0	14.0004	99.5172
1:6:24:25	6	3	22.0	14.0004	99.5172
1:6:25:30	6	3	22.0	14.0004	99.5172
1:6:26:35	6	3	22.0	14.1015	99.5172
1:6:27:40	6	3	22.0	14.1015	99.5172
1:6:28:45	6	3	22.0	14.1015	99.5172
1:6:29:50	6	3	22.0	14.1015	99.5172
1:6:30:55	6	3	22.0	14.1015	99.5172
1:6:32:5	6	3	22.0	14.1015	99.5172
1:6:33:10	6	3	22.0	14.1015	99.5172
1:6:34:15	6	3	22.0	14.1015	99.5172
1:6:35:20	6	3	22.0	14.1015	99.5172
1:6:36:25	6	3	22.0	14.1015	99.5172
1:6:37:30	6	3	22.0	14.1015	99.5172
1:6:38:35	6	3	22.0	14.1015	99.5172
1:6:39:40	6	3	22.0	14.1015	99.5172
1:6:40:45	6	3	22.0	14.1015	99.5172
1:6:41:50	6	3	22.0	14.1015	99.5172
1:6:42:55	6	3	22.0	14.1015	99.5172
1:6:44:0	6	3	22.0	14.1015	99.5172
1:6:45:5	6	3	22.0	14.1015	99.5172
1:6:46:10	6	3	22.0	14.1015	99.5172
1:6:47:15	6	3	22.0	14.1015	99.5172
1:6:48:20	6	3	22.0	14.1015	99.5172
1:6:49:25	6	3	22.0	14.1015	99.5172
1:6:50:30	6	3	22.0	14.1015	99.5172
1:6:51:35	6	3	22.0	14.1015	99.5172
1:6:52:40	6	3	22.0	14.1015	99.5172
1:6:53:45	6	3	22.0	14.1015	99.5172
1:6:54:50	6	3	22.0	14.2016	99.5172
1:6:56:0	6	3	22.0	14.2016	99.5172
1:6:57:5	6	3	22.0	14.2016	99.5172
1:6:58:10	6	3	22.0	14.2016	99.5172
1:6:59:15	6	3	22.0	14.2016	99.5172
1:7:0:20	6	3	22.0	14.2016	99.5172
1:7:1:25	6	3	22.0	14.2016	99.5172
1:7:2:30	6	3	22.0	14.2016	99.5172
1:7:3:35	6	3	22.0	14.2016	99.5172
1:7:4:40	6	3	22.0	14.2016	99.5172
1:7:5:45	6	3	22.0	14.2016	99.5172
1:7:6:50	6	3	22.0	14.2016	99.5172
1:7:7:55	6	3	22.0	14.2016	99.5172
1:7:9:0	6	3	22.0	14.2016	99.5172
1:7:10:5	6	3	22.0	14.2016	99.5172
1:7:11:10	6	3	22.0	14.2016	99.5172
1:7:12:15	6	3	22.0	14.2016	99.5172
1:7:13:20	6	3	22.0	14.2016	99.5172
1:7:14:25	6	3	22.0	14.2016	99.5172
1:7:15:30	6	3	22.0	14.2016	99.5172
1:7:16:35	6	3	22.0	14.3164	99.5172
1:7:17:45	6	3	22.0	14.3164	99.5172
1:7:18:50	6	3	22.0	14.3164	99.5172
1:7:19:55	6	3	22.0	14.3164	99.5172
1:7:21:0	6	3	22.0	14.3164	99.5172
1:7:22:5	6	3	22.0	14.3164	99.5172
1:7:23:10	6	3	22.0	14.3164	99.5172
1:7:24:15	6	3	22.0	14.3164	99.5172
1:7:25:20	6	3	22.0	14.3164	99.5172
1:7:26:25	6	3	22.0	14.3164	99.5172
1:7:27:30	6	3	22.0	14.3164	99.5172
1:7:28:35	6	3	22.0	14.3164	99.5172
1:7:29:40	6	3	22.0	14.3164	99.5172
1:7:30:45	6	3	22.0	14.3164	99.5172
1:7:31:50	6	3	22.0	14.3164	99.5172
1:7:32:55	6	3	22.0	14.4019	99.5172
1:7:34:0	6	3	22.0	14.4019	99.5172
1:7:35:5	6	3	22.0	14.4019	99.5172
1:7:36:10	6	3	22.0	14.4019	99.5172
1:7:37:15	6	3	22.0	14.4019	99.5172
1:7:38:20	6	3	22.0	14.5061	99.5172
1:7:39:25	6	3	22.0	14.5061	99.5172
1:7:40:30	6	3	22.0	14.5061	99.5172
1:7:41:35	6	3	22.0	14.5061	99.5172
1:7:42:40	6	3	22.0	14.5061	99.5172
1:7:43:50	6	3	22.0	14.5061	99.5172
1:7:44:55	6	3	22.0	14.5061	99.5172
1:7:46:0	6	3	22.0	14.5061	99.5172
1:7:47:5	6	3	22.0	14.5061	99.5172
1:7:48:10	6	3	22.0	14.5061	99.5172
1:7:49:15	6	3	22.0	14.5061	99.5172
1:7:50:20	6	3	22.0	14.5061	99.5172
1:7:51:25	6	3	22.0	14.5061	99.5172
1:7:52:30	6	3	22.0	14.5061	99.5172
1:7:53:35	6	3	22.0	14.5061	99.5172
1:7:54:40	6	3	22.0	14.5061	99.5172
1:7:55:45	6	3	22.0	14.5061	99.5172
1:7:56:50	6	3	22.0	14.6084	99.5172
1:7:57:55	6	3	22.0	14.6084	99.5172
1:7:59:0	6	3	22.0	14.6084	99.5172
1:8:0:5	6	3	22.0	14.6084	99.5172
1:8:1:10	6	3	22.0	14.6084	99.5172
1:8:2:15	6	3	22.0	14.6084	99.5172
1:8:3:20	6	3	22.0	14.6084	99.5172
1:8:4:25	6	3	22.0	14.7034	99.5172
1:8:5:30	6	3	22.0	14.7034	99.5172
1:8:6:35	6	3	22.0	14.7034	99.5172
1:8:7:40	6	3	22.0	14.7034	99.5172
1:8:8:45	6	3	22.0	14.7034	99.5172
1:8:9:50	6	3	22.0	14.7034	99.5172
1:8:10:55	6	3	22.0	14.7034	99.5172
1:8:12:5	6	3	22.0	14.7034	99.5172
1:8:13:10	6	3	22.0	14.7034	99.5172
1:8:14:15	6	3	22.0	14.7034	99.5172
1:8:15:20	6	3	22.0	14.8115	99.5172
1:8:16:25	6	3	22.0	14.8115	99.5172
1:8:17:30	6	3	22.0	14.8115	99.5172
1:8:18:35	6	3	22.0	14.8115	99.5172
1:8:19:40	6	3	22.0	14.8115	99.5172
1:8:20:45	6	3	22.0	14.8115	99.5172
1:8:21:50	6	3	22.0	14.8115	99.5172
1:8:22:55	6	3	22.0	14.8115	99.5172
1:8:24:0	6	3	22.0	14.8115	99.5172
1:8:25:5	6	3	22.0	14.8115	99.5172
1:8:26:10	6	3	22.0	14.8115	99.5172
1:8:27:15	6	3	22.0	14.8115	99.5172
1:8:28:20	6	3	22.0	14.9147	99.5172
1:8:29:25	6	3	22.0	14.9147	99.5172
1:8:30:30	6	3	22.0	14.9147	99.5172
1:8:31:40	6	3	22.0	14.9147	99.5172
1:8:32:45	6	3	22.0	14.9147	99.5172
1:8:33:50	6	3	22.0	14.9147	99.5172
1:8:34:55	6	3	22.0	14.9147	99.5172
1:8:36:0	6	3	22.0	14.9147	99.5172
1:8:37:5	6	3	22.0	14.9147	99.5172
1:8:38:10	6	3	22.0	14.9147	99.5172
1:8:39:15	6	3	22.0	14.9147	99.5172
1:8:40:20	6	3	22.0	14.9147	99.5172
1:8:41:25	6	3	22.0	14.9147	99.5172
1:8:42:30	6	3	22.0	15.0218	99.5172
1:8:43:40	6	3	22.0	15.0218	99.5172
1:8:44:45	6	3	22.0	15.0218	99.5172
1:8:45:50	6	3	22.0	15.0218	99.5172
1:8:46:55	6	3	22.0	15.0218	99.5172
1:8:48:0	6	3	22.0	15.0218	99.5172
1:8:49:5	6	3	22.0	15.0218	99.5172
1:8:50:10	6	3	22.0	15.1012	99.5172
1:8:51:15	6	3	22.0	15.1012	99.5172
1:8:52:20	6	3	22.0	15.1012	99.5172
1:8:53:25	6	3	22.0	15.1012	99.5172
1:8:54:30	6	3	22.0	15.1012	99.5172
1:8:55:35	6	3	22.0	15.1012	99.5172
1:8:56:40	6	3	22.0	15.1012	99.5172
1:8:57:45	6	3	22.0	15.1012	99.5172
1:8:58:50	6	3	22.0	15.1012	99.5172
1:8:59:55	6	3	22.0	15.1012	99.5172
1:9:1:0	6	3	22.0	15.1012	99.5172
1:9:2:5	6	3	22.0	15.1012	99.5172
1:9:3:10	6	3	22.0	15.1012	99.5172
1:9:4:15	6	3	22.0	15.1012	99.5172
1:9:5:20	6	3	22.0	15.1012	99.5172
1:9:6:25	6	3	22.0	15.1012	99.5172
1:9:7:30	6	3	22.0	15.1012	99.5172
1:9:8:35	6	3	22.0	15.1012	99.5172
1:9:9:40	6	3	22.0	15.1012	99.5172
1:9:10:45	6	3	22.0	15.1012	99.5172
1:9:11:50	6	3	22.0	15.1012	99.5172
1:9:12:55	6	3	22.0	15.1012	99.5172
1:9:14:0	6	3	22.0	15.1012	99.5172
1:9:15:5	6	3	22.0	15.1012	99.5172
1:9:16:10	6	3	22.0	15.2223	99.5172
1:9:17:15	6	3	22.0	15.2223	99.5172
1:9:18:25	6	3	22.0	15.2223	99.5172
1:9:19:30	6	3	22.0	15.2223	99.5172
1:9:20:35	6	3	22.0	15.2223	99.5172
1:9:21:40	6	3	22.0	15.2223	99.5172
1:9:22:45	6	3	22.0	15.2223	99.5172
1:9:23:50	6	3	22.0	15.2223	99.5172
1:9:24:55	6	3	22.0	15.2223	99.5172
1:9:26:0	6	3	22.0	15.2223	99.5172
1:9:27:5	6	3	22.0	15.2223	99.5172
1:9:28:10	6	3	22.0	15.2223	99.5172
1:9:29:15	6	3	22.0	15.2223	99.5172
1:9:30:20	6	3	22.0	15.3018	99.5172
1:9:31:25	6	3	22.0	15.3018	99.5172
1:9:32:30	6	3	22.0	15.3018	99.5172
1:9:33:40	6	3	22.0	15.3018	99.5172
1:9:34:45	6	3	22.0	15.3018	99.5172
1:9:35:50	6	3	22.0	15.3018	99.5172
1:9:36:55	6	3	22.0	15.3018	99.5172
1:9:38:0	6	3	22.0	15.3018	99.5172
1:9:39:5	6	3	22.0	15.3018	99.5172
1:9:40:10	6	3	22.0	15.3018	99.5172
1:9:41:15	6	3	22.0	15.4011	99.5172
1:9:42:20	6	3	22.0	15.4011	99.5172
1:9:43:25	6	3	22.0	15.4011	99.5172
1:9:44:30	6	3	22.0	15.4011	99.5172
1:9:45:35	6	3	22.0	15.4011	99.5172
1:9:46:45	6	3	22.0	15.4011	99.5172
1:9:47:50	6	3	22.0	15.4011	99.5172
1:9:48:55	6	3	22.0	15.4011	99.5172
1:9:50:0	6	3	22.0	15.4011	99.5172
1:9:51:5	6	3	22.0	15.4011	99.5172
1:9:52:10	6	3	22.0	15.4011	99.5172
1:9:53:15	6	3	22.0	15.4011	99.5172
1:9:54:20	6	3	22.0	15.4011	99.5172
1:9:55:25	6	3	22.0	15.5015	99.5172
1:9:56:30	6	3	22.0	15.5015	99.5172
1:9:57:35	6	3	22.0	15.5015	99.5172
1:9:58:40	6	3	22.0	15.5015	99.5172
1:9:59:45	6	3	22.0	15.5015	99.5172
1:10:0:50	6	3	22.0	15.5015	99.5172
1:10:1:55	6	3	22.0	15.5015	99.5172
1:10:3:0	6	3	22.0	15.5015	99.5172
1:10:4:5	6	3	22.0	15.5015	99.5172
1:10:5:10	6	3	22.0	15.5015	99.5172
1:10:6:15	6	3	22.0	15.5015	99.5172
1:10:7:20	6	3	22.0	15.5015	99.5172
1:10:8:25	6	3	22.0	15.5015	99.5172
1:10:9:30	6	3	22.0	15.5015	99.5172
1:10:10:40	6	3	22.0	15.5015	99.5172
1:10:11:45	6	3	22.0	15.5015	99.5172
1:10:12:50	6	3	22.0	15.5015	99.5172
1:10:13:50	6	3	22.0	15.5015	99.5172
1:10:15:0	6	3	22.0	15.5015	99.5172
1:10:16:5	6	3	22.0	15.5015	99.5172
1:10:17:10	6	3	22.0	15.5015	99.5172
1:10:18:15	6	3	22.0	15.5015	99.5172
1:10:19:20	6	3	22.0	15.5015	99.5172
1:10:20:25	6	3	22.0	15.5015	99.5172
1:10:21:30	6	3	22.0	15.6284	99.5172
1:10:22:35	6	3	22.0	15.6284	99.5172
1:10:23:40	6	3	22.0	15.6284	99.5172
1:10:24:45	6	3	22.0	15.6284	99.5172
1:10:25:50	6	3	22.0	15.6284	99.5172
1:10:26:55	6	3	22.0	15.6284	99.5172
1:10:28:0	6	3	22.0	15.7036	99.5172
1:10:29:5	6	3	22.0	15.7036	99.5172
1:10:30:10	6	3	22.0	15.7036	99.5172
1:10:31:15	6	3	22.0	15.7036	99.5172
1:10:32:20	6	3	22.0	15.7036	99.5172
1:10:33:25	6	3	22.0	15.7036	99.5172
1:10:34:30	6	3	22.0	15.7036	99.5172
1:10:35:35	6	3	22.0	15.7036	99.5172
1:10:36:40	6	3	22.0	15.7036	99.5172
1:10:37:45	6	3	22.0	15.7036	99.5172
1:10:38:50	6	3	22.0	15.7036	99.5172
1:10:39:55	6	3	22.0	15.7036	99.5172
1:10:41:0	6	3	22.0	15.7036	99.5172
1:10:42:5	6	3	22.0	15.7036	99.5172
1:10:43:10	6	3	22.0	15.7036	99.5172
1:10:44:15	6	3	22.0	15.8018	99.5172
1:10:45:20	6	3	22.0	15.8018	99.5172
1:10:46:25	6	3	22.0	15.8018	99.5172
1:10:47:35	6	3	22.0	15.8018	99.5172
1:10:48:40	6	3	22.0	15.8018	99.5172
1:10:49:45	6	3	22.0	15.8018	99.5172
1:10:50:50	6	3	22.0	15.8018	99.5172
1:10:51:55	6	3	22.0	15.8018	99.5172
1:10:53:0	6	3	22.0	15.8018	99.5172
1:10:54:5	6	3	22.0	15.8018	99.5172
1:10:55:5	6	3	22.0	15.8018	99.5172
1:10:56:10	6	3	22.0	15.8018	99.5172
1:10:57:15	6	3	22.0	15.8018	99.5172
1:10:58:20	6	3	22.0	15.8018	99.5172
1:10:59:25	6	3	22.0	15.8018	99.5172
1:11:0:30	6	3	22.0	15.8018	99.5172
1:11:1:35	6	3	22.0	15.8018	99.5172
1:11:2:40	6	3	22.0	15.8018	99.5172
1:11:3:45	6	3	22.0	15.8018	99.5172
1:11:4:50	6	3	22.0	15.8018	99.5172
1:11:5:55	6	3	22.0	15.8018	99.5172
1:11:7:0	6	3	22.0	15.8018	99.5172
1:11:8:5	6	3	22.0	15.8018	99.5172
1:11:9:10	6	3	22.0	15.8018	99.5172
1:11:10:15	6	3	22.0	15.8018	99.5172
1:11:11:20	6	3	22.0	15.8018	99.5172
1:11:12:25	6	3	22.0	15.8018	99.5172
1:11:13:30	6	3	22.0	15.8018	99.5172
1:11:14:35	6	3	22.0	15.9009	99.5172
1:11:15:40	6	3	22.0	15.9009	99.5172
1:11:16:45	6	3	22.0	15.9009	99.5172
1:11:17:55	6	3	22.0	15.9009	99.5172
1:11:19:0	6	3	22.0	15.9009	99.5172
1:11:20:5	6	3	22.0	15.9009	99.5172
1:11:21:10	6	3	22.0	15.9009	99.5172
1:11:22:15	6	3	22.0	16.0029	99.5172
1:11:23:20	6	3	22.0	16.0029	99.5172
1:11:24:25	6	3	22.0	16.0029	99.5172
1:11:25:30	6	3	22.0	16.0029	99.5172
1:11:26:35	6	3	22.0	16.0029	99.5172
1:11:27:40	6	3	22.0	16.0029	99.5172
1:11:28:45	6	3	22.0	16.0029	99.5172
1:11:29:50	6	3	22.0	16.0029	99.5172
1:11:30:55	6	3	22.0	16.0029	99.5172
1:11:32:0	6	3	22.0	16.0029	99.5172
1:11:33:5	6	3	22.0	16.0029	99.5172
1:11:34:10	6	3	22.0	16.0029	99.5172
1:11:35:15	6	3	22.0	16.0029	99.5172
1:11:36:20	6	3	22.0	16.1099	99.5172
1:11:37:25	6	3	22.0	16.1099	99.5172
1:11:38:30	6	3	22.0	16.1099	99.5172
1:11:39:35	6	3	22.0	16.1099	99.5172
1:11:40:40	6	3	22.0	16.1099	99.5172
1:11:41:45	6	3	22.0	16.1099	99.5172
1:11:42:50	6	3	22.0	16.1099	99.5172
1:11:43:55	6	3	22.0	16.1099	99.5172
1:11:45:0	6	3	22.0	16.1099	99.5172
1:11:46:10	6	3	22.0	16.1099	99.5172
1:11:47:15	6	3	22.0	16.1099	99.5172
1:11:48:20	6	3	22.0	16.1099	99.5172
1:11:49:25	6	3	22.0	16.1099	99.5172
1:11:50:30	6	3	22.0	16.1099	99.5172
1:11:51:35	6	3	22.0	16.1099	99.5172
1:11:52:40	6	3	22.0	16.1099	99.5172
1:11:53:45	6	3	22.0	16.1099	99.5172
1:11:54:50	6	3	22.0	16.1099	99.5172
1:11:55:55	6	3	22.0	16.1099	99.5172
1:11:57:0	6	3	22.0	16.1099	99.5172
1:11:58:5	6	3	22.0	16.1099	99.5172
1:11:59:10	6	3	22.0	16.1099	99.5172
1:12:0:15	6	3	22.0	16.1099	99.5172
1:12:1:20	6	3	22.0	16.1099	99.5172
1:12:2:25	6	3	22.0	16.2203	99.5172
1:12:3:30	6	3	22.0	16.2203	99.5172
1:12:4:35	6	3	22.0	16.2203	99.5172
1:12:5:40	6	3	22.0	16.2203	99.5172
1:12:6:45	6	3	22.0	16.2203	99.5172
1:12:7:55	6	3	22.0	16.2203	99.5172
1:12:9:0	6	3	22.0	16.2203	99.5172
1:12:10:5	6	3	22.0	16.2203	99.5172
1:12:11:10	6	3	22.0	16.2203	99.5172
1:12:12:15	6	3	22.0	16.2203	99.5172
1:12:13:20	6	3	22.0	16.2203	99.5172
1:12:14:25	6	3	22.0	16.2203	99.5172
1:12:15:30	6	3	22.0	16.2203	99.5172
1:12:16:35	6	3	22.0	16.2203	99.5172
1:12:17:40	6	3	22.0	16.2203	99.5172
1:12:18:45	6	3	22.0	16.2203	99.5172
1:12:19:50	6	3	22.0	16.2203	99.5172
1:12:20:55	6	3	22.0	16.2203	99.5172
1:12:22:0	6	3	22.0	16.2203	99.5172
1:12:23:5	6	3	22.0	16.3296	99.5172
1:12:24:10	6	3	22.0	16.3296	99.5172
1:12:25:15	6	3	22.0	16.3296	99.5172
1:12:26:20	6	3	22.0	16.3296	99.5172
1:12:27:25	6	3	22.0	16.3296	99.5172
1:12:28:30	6	3	22.0	16.3296	99.5172
1:12:29:35	6	3	22.0	16.4001	99.5172
1:12:30:40	6	3	22.0	16.4001	99.5172
1:12:31:45	6	3	22.0	16.4001	99.5172
1:12:32:50	6	3	22.0	16.4001	99.5172
1:12:34:0	6	3	22.0	16.4001	99.5172
1:12:35:0	6	3	22.0	16.4001	99.5172
1:12:36:10	6	3	22.0	16.4001	99.5172
1:12:37:15	6	3	22.0	16.4001	99.5172
1:12:38:20	6	3	22.0	16.4001	99.5172
1:12:39:25	6	3	22.0	16.4001	99.5172
1:12:40:30	6	3	22.0	16.4001	99.5172
1:12:41:35	6	3	22.0	16.4001	99.5172
1:12:42:40	6	3	22.0	16.4001	99.5172
1:12:43:45	6	3	22.0	16.4001	99.5172
1:12:44:50	6	3	22.0	16.4001	99.5172
1:12:45:55	6	3	22.0	16.4001	99.5172
1:12:47:0	6	3	22.0	16.4001	99.5172
1:12:48:5	6	3	22.0	16.5007	99.5172
1:12:49:10	6	3	22.0	16.5007	99.5172
1:12:50:15	6	3	22.0	16.5007	99.5172
1:12:51:20	6	3	22.0	16.5007	99.5172
1:12:52:25	6	3	22.0	16.5007	99.5172
1:12:53:30	6	3	22.0	16.5007	99.5172
1:12:54:35	6	3	22.0	16.5007	99.5172
1:12:55:40	6	3	22.0	16.5007	99.5172
1:12:56:45	6	3	22.0	16.5007	99.5172
1:12:57:50	6	3	22.0	16.5007	99.5172
1:12:58:55	6	3	22.0	16.5007	99.5172
1:13:0:0	6	3	22.0	16.5007	99.5172
1:13:1:5	6	3	22.0	16.5007	99.5172
1:13:2:10	6	3	22.0	16.5007	99.5172
1:13:3:15	6	3	22.0	16.5007	99.5172
1:13:4:20	6	3	22.0	16.5007	99.5172
1:13:5:30	6	3	22.0	16.5007	99.5172
1:13:6:30	6	3	22.0	16.5007	99.5172
1:13:7:40	6	3	22.0	16.5007	99.5172
1:13:8:45	6	3	22.0	16.5007	99.5172
1:13:9:50	6	3	22.0	16.5007	99.5172
1:13:10:55	6	3	22.0	16.5007	99.5172
1:13:12:0	6	3	22.0	16.5007	99.5172
1:13:13:5	6	3	22.0	16.5007	99.5172
1:13:14:10	6	3	22.0	16.5007	99.5172
1:13:15:15	6	3	22.0	16.5007	99.5172
1:13:16:20	6	3	22.0	16.5007	99.5172
1:13:17:25	6	3	22.0	16.5007	99.5172
1:13:18:30	6	3	22.0	16.5007	99.5172
1:13:19:35	6	3	22.0	16.5007	99.5172
1:13:20:40	6	3	22.0	16.5007	99.5172
1:13:21:45	6	3	22.0	16.5007	99.5172
1:13:22:50	6	3	22.0	16.5007	99.5172
1:13:23:55	6	3	22.0	16.5007	99.5172
1:13:25:0	6	3	22.0	16.5007	99.5172
1:13:26:5	6	3	22.0	16.6195	99.5172
1:13:27:10	6	3	22.0	16.6195	99.5172
1:13:28:15	6	3	22.0	16.6195	99.5172
1:13:29:20	6	3	22.0	16.6195	99.5172
1:13:30:25	6	3	22.0	16.6195	99.5172
1:13:31:30	6	3	22.0	16.6195	99.5172
1:13:32:40	6	3	22.0	16.6195	99.5172
1:13:33:45	6	3	22.0	16.6195	99.5172
1:13:34:50	6	3	22.0	16.7131	99.5172
1:13:35:55	6	3	22.0	16.7131	99.5172
1:13:37:0	6	3	22.0	16.7131	99.5172
1:13:38:5	6	3	22.0	16.7131	99.5172
1:13:39:10	6	3	22.0	16.7131	99.5172
1:13:40:15	6	3	22.0	16.7131	99.5172
1:13:41:20	6	3	22.0	16.7131	99.5172
1:13:42:25	6	3	22.0	16.7131	99.5172
1:13:43:30	6	3	22.0	16.7131	99.5172
1:13:44:35	6	3	22.0	16.7131	99.5172
1:13:45:40	6	3	22.0	16.7131	99.5172
1:13:46:45	6	3	22.0	16.7131	99.5172
1:13:47:50	6	3	22.0	16.7131	99.5172
1:13:48:55	6	3	22.0	16.7131	99.5172
1:13:50:5	6	3	22.0	16.7131	99.5172
1:13:51:10	6	3	22.0	16.7131	99.5172
1:13:52:15	6	3	22.0	16.8221	99.5172
1:13:53:20	6	3	22.0	16.8221	99.5172
1:13:54:25	6	3	22.0	16.8221	99.5172
1:13:55:30	6	3	22.0	16.8221	99.5172
1:13:56:35	6	3	22.0	16.8221	99.5172
1:13:57:40	6	3	22.0	16.8221	99.5172
1:13:58:45	6	3	22.0	16.8221	99.5172
1:13:59:50	6	3	22.0	16.8221	99.5172
1:14:0:55	6	3	22.0	16.8221	99.5172
1:14:2:0	6	3	22.0	16.8221	99.5172
1:14:3:5	6	3	22.0	16.8221	99.5172
1:14:4:10	6	3	22.0	16.9086	99.5172
1:14:5:15	6	3	22.0	16.9086	99.5172
1:14:6:25	6	3	22.0	16.9086	99.5172
1:14:7:30	6	3	22.0	16.9086	99.5172
1:14:8:35	6	3	22.0	16.9086	99.5172
1:14:9:40	6	3	22.0	16.9086	99.5172
1:14:10:45	6	3	22.0	16.9086	99.5172
1:14:11:50	6	3	22.0	16.9086	99.5172
1:14:12:55	6	3	22.0	16.9086	99.5172
1:14:14:0	6	3	22.0	16.9086	99.5172
1:14:15:5	6	3	22.0	16.9086	99.5172
1:14:16:10	6	3	22.0	16.9086	99.5172
1:14:17:15	6	3	22.0	16.9086	99.5172
1:14:18:20	6	3	22.0	16.9086	99.5172
1:14:19:25	6	3	22.0	16.9086	99.5172
1:14:20:30	6	3	22.0	16.9086	99.5172
1:14:21:35	6	3	22.0	16.9086	99.5172
1:14:22:45	6	3	22.0	16.9086	99.5172
1:14:23:50	6	3	22.0	17.0064	99.5172
1:14:24:55	6	3	22.0	17.0064	99.5172
1:14:26:0	6	3	22.0	17.0064	99.5172
1:14:27:5	6	3	22.0	17.0064	99.5172
1:14:28:10	6	3	22.0	17.0064	99.5172
1:14:29:15	6	3	22.0	17.0064	99.5172
1:14:30:20	6	3	22.0	17.0064	99.5172
1:14:31:25	6	3	22.0	17.0064	99.5172
1:14:32:30	6	3	22.0	17.0064	99.5172
1:14:33:35	6	3	22.0	17.0064	99.5172
1:14:34:40	6	3	22.0	17.0064	99.5172
1:14:35:45	6	3	22.0	17.0064	99.5172
1:14:36:50	6	3	22.0	17.0064	99.5172
1:14:37:55	6	3	22.0	17.0064	99.5172
1:14:39:0	6	3	22.0	17.0064	99.5172
1:14:40:5	6	3	22.0	17.1011	99.5172
1:14:41:15	6	3	22.0	17.1011	99.5172
1:14:42:20	6	3	22.0	17.1011	99.5172
1:14:43:25	6	3	22.0	17.1011	99.5172
1:14:44:30	6	3	22.0	17.1011	99.5172
1:14:45:35	6	3	22.0	17.1011	99.5172
1:14:46:40	6	3	22.0	17.1011	99.5172
1:14:47:45	6	3	22.0	17.1011	99.5172
1:14:48:50	6	3	22.0	17.1011	99.5172
1:14:49:55	6	3	22.0	17.1011	99.5172
1:14:51:0	6	3	22.0	17.1011	99.5172
1:14:52:5	6	3	22.0	17.1011	99.5172
1:14:53:10	6	3	22.0	17.1011	99.5172
1:14:54:15	6	3	22.0	17.1011	99.5172
1:14:55:20	6	3	22.0	17.1011	99.5172
1:14:56:25	6	3	22.0	17.1011	99.5172
1:14:57:30	6	3	22.0	17.1011	99.5172
1:14:58:35	6	3	22.0	17.2128	99.5172
1:14:59:45	6	3	22.0	17.2128	99.5172
1:15:0:50	6	3	22.0	17.2128	99.5172
1:15:1:55	6	3	22.0	17.2128	99.5172
1:15:3:0	6	3	22.0	17.2128	99.5172
1:15:4:5	6	3	22.0	17.2128	99.5172
1:15:5:10	6	3	22.0	17.2128	99.5172
1:15:6:15	6	3	22.0	17.2128	99.5172
1:15:7:20	6	3	22.0	17.2128	99.5172
1:15:8:25	6	3	22.0	17.2128	99.5172
1:15:9:30	6	3	22.0	17.2128	99.5172
1:15:10:35	6	3	22.0	17.2128	99.5172
1:15:11:40	6	3	22.0	17.2128	99.5172
1:15:12:45	6	3	22.0	17.2128	99.5172
1:15:13:50	6	3	22.0	17.2128	99.5172
1:15:14:55	6	3	22.0	17.2128	99.5172
1:15:16:0	6	3	22.0	17.2128	99.5172
1:15:17:5	6	3	22.0	17.2128	99.5172
1:15:18:10	6	3	22.0	17.2128	99.5172
1:15:19:20	6	3	22.0	17.2128	99.5172
1:15:20:25	6	3	22.0	17.2128	99.5172
1:15:21:30	6	3	22.0	17.2128	99.5172
1:15:22:35	6	3	22.0	17.2128	99.5172
1:15:23:40	6	3	22.0	17.3069	99.5172
1:15:24:45	6	3	22.0	17.3069	99.5172
1:15:25:50	6	3	22.0	17.3069	99.5172
1:15:26:55	6	3	22.0	17.3069	99.5172
1:15:28:0	6	3	22.0	17.3069	99.5172
1:15:29:5	6	3	22.0	17.3069	99.5172
1:15:30:10	6	3	22.0	17.3069	99.5172
1:15:31:15	6	3	22.0	17.3069	99.5172
1:15:32:20	6	3	22.0	17.3069	99.5172
1:15:33:25	6	3	22.0	17.3069	99.5172
1:15:34:30	6	3	22.0	17.3069	99.5172
1:15:35:30	6	3	22.0	17.3069	99.5172
1:15:36:35	6	3	22.0	17.3069	99.5172
1:15:37:45	6	3	22.0	17.3069	99.5172
1:15:38:50	6	3	22.0	17.3069	99.5172
1:15:39:55	6	3	22.0	17.3069	99.5172
1:15:41:0	6	3	22.0	17.3069	99.5172
1:15:42:5	6	3	22.0	17.3069	99.5172
1:15:43:10	6	3	22.0	17.4008	99.5172
1:15:44:15	6	3	22.0	17.4008	99.5172
1:15:45:20	6	3	22.0	17.4008	99.5172
1:15:46:25	6	3	22.0	17.3993	99.5172
1:15:47:30	6	3	22.0	17.3993	99.5172
1:15:48:35	6	3	22.0	17.3993	99.5172
1:15:49:40	6	3	22.0	17.3993	99.5172
1:15:50:45	6	3	22.0	17.3993	99.5172
1:15:51:50	6	3	22.0	17.3993	99.5172
1:15:52:55	6	3	22.0	17.3993	99.5172
1:15:54:0	6	3	22.0	17.4196	99.5172
1:15:55:10	6	3	22.0	17.4196	99.5172
1:15:56:15	6	3	22.0	17.4196	99.5172
1:15:57:20	6	3	22.0	17.4196	99.5172
1:15:58:25	6	3	22.0	17.4196	99.5172
1:15:59:30	6	3	22.0	17.4196	99.5172
1:16:0:35	6	3	22.0	17.4196	99.5172
1:16:1:40	6	3	22.0	17.4196	99.5172
1:16:2:45	6	3	22.0	17.4196	99.5172
1:16:3:50	6	3	22.0	17.4196	99.5172
1:16:4:55	6	3	22.0	17.4196	99.5172
1:16:6:0	6	3	22.0	17.4196	99.5172
1:16:7:5	6	3	22.0	17.4196	99.5172
1:16:8:10	6	3	22.0	17.4196	99.5172
1:16:9:15	6	3	22.0	17.4196	99.5172
1:16:10:20	6	3	22.0	17.4196	99.5172
1:16:11:25	6	3	22.0	17.4196	99.5172
1:16:12:30	6	3	22.0	17.4196	99.5172
1:16:13:40	6	3	22.0	17.4196	99.5172
1:16:14:45	6	3	22.0	17.4196	99.5172
1:16:15:50	6	3	22.0	17.4196	99.5172
1:16:16:55	6	3	22.0	17.4196	99.5172
1:16:18:0	6	3	22.0	17.4196	99.5172
1:16:19:5	6	3	22.0	17.4196	99.5172
1:16:20:10	6	3	22.0	17.4196	99.5172
1:16:21:15	6	3	22.0	17.4196	99.5172
1:16:22:20	6	3	22.0	17.4196	99.5172
1:16:23:25	6	3	22.0	17.4196	99.5172
1:16:24:30	6	3	22.0	17.4196	99.5172
1:16:25:35	6	3	22.0	17.4196	99.5172
1:16:26:40	6	3	22.0	17.4196	99.5172
1:16:27:45	6	3	22.0	17.4196	99.5172
1:16:28:50	6	3	22.0	17.4196	99.5172
1:16:29:55	6	3	22.0	17.4196	99.5172
1:16:31:5	6	3	22.0	17.4196	99.5172
1:16:32:10	6	3	22.0	17.4196	99.5172
1:16:33:15	6	3	22.0	17.4196	99.5172
1:16:34:20	6	3	22.0	17.4196	99.5172
1:16:35:25	6	3	22.0	17.4196	99.5172
1:16:36:30	6	3	22.0	17.4196	99.5172
1:16:37:35	6	3	22.0	17.4196	99.5172
1:16:38:40	6	3	22.0	17.4196	99.5172
1:16:39:45	6	3	22.0	17.4196	99.5172
1:16:40:50	6	3	22.0	17.4196	99.5172
1:16:41:55	6	3	22.0	17.4196	99.5172
1:16:43:0	6	3	22.0	17.5003	99.5172
1:16:44:5	6	3	22.0	17.5003	99.5172
1:16:45:10	6	3	22.0	17.5003	99.5172
1:16:46:15	6	3	22.0	17.5003	99.5172
1:16:47:20	6	3	22.0	17.5003	99.5172
1:16:48:25	6	3	22.0	17.5003	99.5172
1:16:49:35	6	3	22.0	17.5003	99.5172
1:16:50:40	6	3	22.0	17.5003	99.5172
1:16:51:45	6	3	22.0	17.5003	99.5172
1:16:52:50	6	3	22.0	17.5003	99.5172
1:16:53:55	6	3	22.0	17.5003	99.5172
1:16:55:0	6	3	22.0	17.5003	99.5172
1:16:56:5	6	3	22.0	17.5003	99.5172
1:16:57:10	6	3	22.0	17.5003	99.5172
1:16:58:15	6	3	22.0	17.5003	99.5172
1:16:59:20	6	3	22.0	17.5003	99.5172
1:17:0:25	6	3	22.0	17.4975	99.5172
1:17:1:30	6	3	22.0	17.4975	99.5172
1:17:2:35	6	3	22.0	17.4975	99.5172
1:17:3:40	6	3	22.0	17.4975	99.5172
1:17:4:45	6	3	22.0	17.4975	99.5172
1:17:5:50	6	3	22.0	17.4975	99.5172
1:17:6:55	6	3	22.0	17.4975	99.5172
1:17:8:0	6	3	22.0	17.4975	99.5172
1:17:9:5	6	3	22.0	17.4975	99.5172
1:17:10:10	6	3	22.0	17.4975	99.5172
1:17:11:15	6	3	22.0	17.4975	99.5172
1:17:12:25	6	3	22.0	17.4975	99.5172
1:17:13:30	6	3	22.0	17.4975	99.5172
1:17:14:35	6	3	22.0	17.4975	99.5172
1:17:15:40	6	3	22.0	17.4975	99.5172
1:17:16:45	6	3	22.0	17.4975	99.5172
1:17:17:50	6	3	22.0	17.4975	99.5172
1:17:18:55	6	3	22.0	17.4975	99.5172
1:17:20:0	6	3	22.0	17.4975	99.5172
1:17:21:5	6	3	22.0	17.4975	99.5172
1:17:22:10	6	3	22.0	17.4975	99.5172
1:17:23:15	6	3	22.0	17.4975	99.5172
1:17:24:20	6	3	22.0	17.4975	99.5172
1:17:25:25	6	3	22.0	17.4975	99.5172
1:17:26:30	6	3	22.0	17.4975	99.5172
1:17:27:35	6	3	22.0	17.4975	99.5172
1:17:28:40	6	3	22.0	17.4975	99.5172
1:17:29:45	6	3	22.0	17.4975	99.5172
1:17:30:50	6	3	22.0	17.4975	99.5172
1:17:31:55	6	3	22.0	17.4975	99.5172
1:17:33:0	6	3	22.0	17.3989	99.5172
1:17:34:5	6	3	22.0	17.3989	99.5172
1:17:35:10	6	3	22.0	17.3989	99.5172
1:17:36:15	6	3	22.0	17.3989	99.5172
1:17:37:20	6	3	22.0	17.3989	99.5172
1:17:38:25	6	3	22.0	17.3989	99.5172
1:17:39:35	6	3	22.0	17.3989	99.5172
1:17:40:40	6	3	22.0	17.3989	99.5172
1:17:41:45	6	3	22.0	17.3989	99.5172
1:17:42:50	6	3	22.0	17.3989	99.5172
1:17:43:55	6	3	22.0	17.3989	99.5172
1:17:45:0	6	3	22.0	17.3989	99.5172
1:17:46:5	6	3	22.0	17.3989	99.5172
1:17:47:10	6	3	22.0	17.3989	99.5172
1:17:48:15	6	3	22.0	17.3989	99.5172
1:17:49:20	6	3	22.0	17.3989	99.5172
1:17:50:25	6	3	22.0	17.3989	99.5172
1:17:51:30	6	3	22.0	17.3989	99.5172
1:17:52:35	6	3	22.0	17.3989	99.5172
1:17:53:40	6	3	22.0	17.3989	99.5172
1:17:54:45	6	3	22.0	17.3989	99.5172
1:17:55:50	6	3	22.0	17.3989	99.5172
1:17:56:55	6	3	22.0	17.3989	99.5172
1:17:58:0	6	3	22.0	17.3989	99.5172
1:17:59:5	6	3	22.0	17.3989	99.5172
1:18:0:10	6	3	22.0	17.3989	99.5172
1:18:1:15	6	3	22.0	17.3989	99.5172
1:18:2:20	6	3	22.0	17.3989	99.5172
1:18:3:25	6	3	22.0	17.3989	99.5172
1:18:4:35	6	3	22.0	17.298	99.5172
1:18:5:40	6	3	22.0	17.298	99.5172
1:18:6:45	6	3	22.0	17.298	99.5172
1:18:7:50	6	3	22.0	17.298	99.5172
1:18:8:55	6	3	22.0	17.298	99.5172
1:18:10:0	6	3	22.0	17.298	99.5172
1:18:11:5	6	3	22.0	17.298	99.5172
1:18:12:10	6	3	22.0	17.298	99.5172
1:18:13:15	6	3	22.0	17.298	99.5172
1:18:14:20	6	3	22.0	17.298	99.5172
1:18:15:25	6	3	22.0	17.298	99.5172
1:18:16:30	6	3	22.0	17.298	99.5172
1:18:17:35	6	3	22.0	17.298	99.5172
1:18:18:40	6	3	22.0	17.298	99.5172
1:18:19:45	6	3	22.0	17.298	99.5172
1:18:20:50	6	3	22.0	17.298	99.5172
1:18:21:55	6	3	22.0	17.298	99.5172
1:18:23:0	6	3	22.0	17.298	99.5172
1:18:24:5	6	3	22.0	17.298	99.5172
1:18:25:10	6	3	22.0	17.298	99.5172
1:18:26:15	6	3	22.0	17.298	99.5172
1:18:27:20	6	3	22.0	17.298	99.5172
1:18:28:25	6	3	22.0	17.298	99.5172
1:18:29:30	6	3	22.0	17.298	99.5172
1:18:30:35	6	3	22.0	17.298	99.5172
1:18:31:40	6	3	22.0	17.298	99.5172
1:18:32:45	6	3	22.0	17.298	99.5172
1:18:33:50	6	3	22.0	17.298	99.5172
1:18:34:55	6	3	22.0	17.298	99.5172
1:18:36:5	6	3	22.0	17.1931	99.5172
1:18:37:10	6	3	22.0	17.1931	99.5172
1:18:38:15	6	3	22.0	17.1931	99.5172
1:18:39:20	6	3	22.0	17.1931	99.5172
1:18:40:25	6	3	22.0	17.1931	99.5172
1:18:41:30	6	3	22.0	17.1931	99.5172
1:18:42:35	6	3	22.0	17.1931	99.5172
1:18:43:40	6	3	22.0	17.1931	99.5172
1:18:44:45	6	3	22.0	17.1931	99.5172
1:18:45:50	6	3	22.0	17.1931	99.5172
1:18:46:55	6	3	22.0	17.1931	99.5172
1:18:48:0	6	3	22.0	17.1931	99.5172
1:18:49:5	6	3	22.0	17.1931	99.5172
1:18:50:10	6	3	22.0	17.1931	99.5172
1:18:51:15	6	3	22.0	17.1931	99.5172
1:18:52:20	6	3	22.0	17.1931	99.5172
1:18:53:25	6	3	22.0	17.1931	99.5172
1:18:54:30	6	3	22.0	17.1931	99.5172
1:18:55:35	6	3	22.0	17.1931	99.5172
1:18:56:40	6	3	22.0	17.1931	99.5172
1:18:57:45	6	3	22.0	17.1931	99.5172
1:18:58:50	6	3	22.0	17.1931	99.5172
1:19:0:0	6	3	22.0	17.1931	99.5172
1:19:1:5	6	3	22.0	17.1931	99.5172
1:19:2:10	6	3	22.0	17.1931	99.5172
1:19:3:15	6	3	22.0	17.1931	99.5172
1:19:4:20	6	3	22.0	17.1931	99.5172
1:19:5:25	6	3	22.0	17.1931	99.5172
1:19:6:30	6	3	22.0	17.0981	99.5172
1:19:7:35	6	3	22.0	17.0981	99.5172
1:19:8:40	6	3	22.0	17.0981	99.5172
1:19:9:45	6	3	22.0	17.0981	99.5172
1:19:10:50	6	3	22.0	17.0981	99.5172
1:19:11:55	6	3	22.0	17.0981	99.5172
1:19:13:0	6	3	22.0	17.0981	99.5172
1:19:14:5	6	3	22.0	17.0981	99.5172
1:19:15:10	6	3	22.0	17.0981	99.5172
1:19:16:15	6	3	22.0	17.0981	99.5172
1:19:17:20	6	3	22.0	17.0981	99.5172
1:19:18:25	6	3	22.0	17.0981	99.5172
1:19:19:30	6	3	22.0	17.0981	99.5172
1:19:20:40	6	3	22.0	16.9828	99.5172
1:19:21:45	6	3	22.0	16.9828	99.5172
1:19:22:50	6	3	22.0	16.9828	99.5172
1:19:23:55	6	3	22.0	16.9828	99.5172
1:19:25:0	6	3	22.0	16.9828	99.5172
1:19:26:5	6	3	22.0	16.9828	99.5172
1:19:27:10	6	3	22.0	16.9828	99.5172
1:19:28:15	6	3	22.0	16.9828	99.5172
1:19:29:20	6	3	22.0	16.9828	99.5172
1:19:30:25	6	3	22.0	16.9828	99.5172
1:19:31:30	6	3	22.0	16.9828	99.5172
1:19:32:35	6	3	22.0	16.9828	99.5172
1:19:33:40	6	3	22.0	16.9828	99.5172
1:19:34:45	6	3	22.0	16.9828	99.5172
1:19:35:50	6	3	22.0	16.9828	99.5172
1:19:36:55	6	3	22.0	16.9828	99.5172
1:19:38:0	6	3	22.0	16.9828	99.5172
1:19:39:5	6	3	22.0	16.899	99.5172
1:19:40:10	6	3	22.0	16.899	99.5172
1:19:41:15	6	3	22.0	16.899	99.5172
1:19:42:20	6	3	22.0	16.899	99.5172
1:19:43:25	6	3	22.0	16.899	99.5172
1:19:44:35	6	3	22.0	16.899	99.5172
1:19:45:40	6	3	22.0	16.899	99.5172
1:19:46:45	6	3	22.0	16.899	99.5172
1:19:47:50	6	3	22.0	16.899	99.5172
1:19:48:55	6	3	22.0	16.7977	99.5172
1:19:50:0	6	3	22.0	16.7977	99.5172
1:19:51:5	6	3	22.0	16.7977	99.5172
1:19:52:10	6	3	22.0	16.7977	99.5172
1:19:53:15	6	3	22.0	16.7977	99.5172
1:19:54:20	6	3	22.0	16.7977	99.5172
1:19:55:25	6	3	22.0	16.7977	99.5172
1:19:56:30	6	3	22.0	16.7977	99.5172
1:19:57:35	6	3	22.0	16.7977	99.5172
1:19:58:40	6	3	22.0	16.7977	99.5172
1:19:59:45	6	3	22.0	16.7977	99.5172
1:20:0:55	6	3	22.0	16.7977	99.5172
1:20:1:55	6	3	22.0	16.697	99.5172
1:20:3:5	6	3	22.0	16.697	99.5172
1:20:4:10	6	3	22.0	16.697	99.5172
1:20:5:15	6	3	22.0	16.697	99.5172
1:20:6:20	6	3	22.0	16.697	99.5172
1:20:7:25	6	3	22.0	16.697	99.5172
1:20:8:30	6	3	22.0	16.697	99.5172
1:20:9:35	6	3	22.0	16.697	99.5172
1:20:10:40	6	3	22.0	16.697	99.5172
1:20:11:45	6	3	22.0	16.697	99.5172
1:20:12:50	6	3	22.0	16.697	99.5172
1:20:13:55	6	3	22.0	16.697	99.5172
1:20:15:0	6	3	22.0	16.697	99.5172
1:20:16:5	6	3	22.0	16.5866	99.5172
1:20:17:10	6	3	22.0	16.5866	99.5172
1:20:18:15	6	3	22.0	16.5866	99.5172
1:20:19:20	6	3	22.0	16.5866	99.5172
1:20:20:30	6	3	22.0	16.5866	99.5172
1:20:21:35	6	3	22.0	16.5866	99.5172
1:20:22:40	6	3	22.0	16.5866	99.5172
1:20:23:45	6	3	22.0	16.5866	99.5172
1:20:24:50	6	3	22.0	16.5866	99.5172
1:20:25:55	6	3	22.0	16.5866	99.5172
1:20:27:0	6	3	22.0	16.5866	99.5172
1:20:28:5	6	3	22.0	16.5866	99.5172
1:20:29:10	6	3	22.0	16.5866	99.5172
1:20:30:15	6	3	22.0	16.5866	99.5172
1:20:31:20	6	3	22.0	16.5866	99.5172
1:20:32:25	6	3	22.0	16.5866	99.5172
1:20:33:30	6	3	22.0	16.5866	99.5172
1:20:34:35	6	3	22.0	16.5866	99.5172
1:20:35:40	6	3	22.0	16.5866	99.5172
1:20:36:45	6	3	22.0	16.5866	99.5172
1:20:37:50	6	3	22.0	16.4837	99.5172
1:20:38:55	6	3	22.0	16.4837	99.5172
1:20:40:5	6	3	22.0	16.4837	99.5172
1:20:41:10	6	3	22.0	16.4837	99.5172
1:20:42:15	6	3	22.0	16.4837	99.5172
1:20:43:20	6	3	22.0	16.4837	99.5172
1:20:44:25	6	3	22.0	16.4837	99.5172
1:20:45:30	6	3	22.0	16.4837	99.5172
1:20:46:35	6	3	22.0	16.4837	99.5172
1:20:47:40	6	3	22.0	16.4837	99.5172
1:20:48:45	6	3	22.0	16.4837	99.5172
1:20:49:50	6	3	22.0	16.4837	99.5172
1:20:50:55	6	3	22.0	16.4837	99.5172
1:20:52:0	6	3	22.0	16.3943	99.5172
1:20:53:5	6	3	22.0	16.3943	99.5172
1:20:54:10	6	3	22.0	16.3943	99.5172
1:20:55:15	6	3	22.0	16.3943	99.5172
1:20:56:20	6	3	22.0	16.3943	99.5172
1:20:57:25	6	3	22.0	16.3943	99.5172
1:20:58:30	6	3	22.0	16.3943	99.5172
1:20:59:35	6	3	22.0	16.3943	99.5172
1:21:0:40	6	3	22.0	16.3943	99.5172
1:21:1:45	6	3	22.0	16.3943	99.5172
1:21:2:55	6	3	22.0	16.3943	99.5172
1:21:4:0	6	3	22.0	16.3943	99.5172
1:21:5:5	6	3	22.0	16.3943	99.5172
1:21:6:10	6	3	22.0	16.3943	99.5172
1:21:7:15	6	3	22.0	16.3943	99.5172
1:21:8:20	6	3	22.0	16.2853	99.5172
1:21:9:25	6	3	22.0	16.2853	99.5172
1:21:10:30	6	3	22.0	16.2853	99.5172
1:21:11:35	6	3	22.0	16.2853	99.5172
1:21:12:40	6	3	22.0	16.2853	99.5172
1:21:13:45	6	3	22.0	16.2853	99.5172
1:21:14:50	6	3	22.0	16.2853	99.5172
1:21:15:55	6	3	22.0	16.2853	99.5172
1:21:17:0	6	3	22.0	16.2853	99.5172
1:21:18:5	6	3	22.0	16.2853	99.5172
1:21:19:10	6	3	22.0	16.2853	99.5172
1:21:20:15	6	3	22.0	16.2853	99.5172
1:21:21:20	6	3	22.0	16.2853	99.5172
1:21:22:30	6	3	22.0	16.2853	99.5172
1:21:23:35	6	3	22.0	16.2853	99.5172
1:21:24:40	6	3	22.0	16.2853	99.5172
1:21:25:45	6	3	22.0	16.2853	99.5172
1:21:26:50	6	3	22.0	16.1738	99.5172
1:21:27:55	6	3	22.0	16.1738	99.5172
1:21:29:0	6	3	22.0	16.1738	99.5172
1:21:30:5	6	3	22.0	16.1738	99.5172
1:21:31:10	6	3	22.0	16.1738	99.5172
1:21:32:15	6	3	22.0	16.1738	99.5172
1:21:33:20	6	3	22.0	16.1738	99.5172
1:21:34:25	6	3	22.0	16.1738	99.5172
1:21:35:30	6	3	22.0	16.1738	99.5172
1:21:36:35	6	3	22.0	16.0988	99.5172
1:21:37:40	6	3	22.0	16.0988	99.5172
1:21:38:45	6	3	22.0	16.0988	99.5172
1:21:39:50	6	3	22.0	16.0988	99.5172
1:21:40:55	6	3	22.0	16.0988	99.5172
1:21:42:5	6	3	22.0	16.0988	99.5172
1:21:43:10	6	3	22.0	16.0988	99.5172
1:21:44:15	6	3	22.0	16.0988	99.5172
1:21:45:20	6	3	22.0	16.0988	99.5172
1:21:46:25	6	3	22.0	16.0	99.5172
1:21:47:30	6	3	22.0	16.0	99.5172
1:21:48:35	6	3	22.0	16.0	99.5172
1:21:49:40	6	3	22.0	16.0	99.5172
1:21:50:45	6	3	22.0	16.0	99.5172
1:21:51:50	6	3	22.0	16.0	99.5172
1:21:52:55	6	3	22.0	16.0	99.5172
1:21:54:0	6	3	22.0	16.0	99.5172
1:21:55:5	6	3	22.0	16.0	99.5172
1:21:56:10	6	3	22.0	16.0	99.5172
1:21:57:15	6	3	22.0	16.0	99.5172
1:21:58:20	6	3	22.0	16.0	99.5172
1:21:59:25	6	3	22.0	16.0	99.5172
1:22:0:35	6	3	22.0	15.899	99.5172
1:22:1:40	6	3	22.0	15.899	99.5172
1:22:2:45	6	3	22.0	15.899	99.5172
1:22:3:50	6	3	22.0	15.899	99.5172
1:22:4:55	6	3	22.0	15.899	99.5172
1:22:6:0	6	3	22.0	15.899	99.5172
1:22:7:5	6	3	22.0	15.899	99.5172
1:22:8:10	6	3	22.0	15.899	99.5172
1:22:9:15	6	3	22.0	15.899	99.5172
1:22:10:20	6	3	22.0	15.899	99.5172
1:22:11:25	6	3	22.0	15.899	99.5172
1:22:12:30	6	3	22.0	15.899	99.5172
1:22:13:35	6	3	22.0	15.899	99.5172
1:22:14:40	6	3	22.0	15.899	99.5172
1:22:15:45	6	3	22.0	15.899	99.5172
1:22:16:50	6	3	22.0	15.899	99.5172
1:22:17:55	6	3	22.0	15.899	99.5172
1:22:19:0	6	3	22.0	15.7934	99.5172
1:22:20:5	6	3	22.0	15.7934	99.5172
1:22:21:15	6	3	22.0	15.7934	99.5172
1:22:22:20	6	3	22.0	15.7934	99.5172
1:22:23:25	6	3	22.0	15.7934	99.5172
1:22:24:30	6	3	22.0	15.7934	99.5172
1:22:25:35	6	3	22.0	15.7934	99.5172
1:22:26:40	6	3	22.0	15.7934	99.5172
1:22:27:45	6	3	22.0	15.7934	99.5172
1:22:28:50	6	3	22.0	15.7934	99.5172
1:22:29:55	6	3	22.0	15.7934	99.5172
1:22:31:0	6	3	22.0	15.7934	99.5172
1:22:32:5	6	3	22.0	15.7934	99.5172
1:22:33:10	6	3	22.0	15.7934	99.5172
1:22:34:15	6	3	22.0	15.7934	99.5172
1:22:35:20	6	3	22.0	15.7934	99.5172
1:22:36:25	6	3	22.0	15.7934	99.5172
1:22:37:35	6	3	22.0	15.7934	99.5172
1:22:38:40	6	3	22.0	15.6915	99.5172
1:22:39:45	6	3	22.0	15.6915	99.5172
1:22:40:50	6	3	22.0	15.6915	99.5172
1:22:41:55	6	3	22.0	15.6915	99.5172
1:22:43:0	6	3	22.0	15.6915	99.5172
1:22:44:5	6	3	22.0	15.6915	99.5172
1:22:45:10	6	3	22.0	15.6915	99.5172
1:22:46:15	6	3	22.0	15.6915	99.5172
1:22:47:20	6	3	22.0	15.6915	99.5172
1:22:48:25	6	3	22.0	15.6915	99.5172
1:22:49:30	6	3	22.0	15.6915	99.5172
1:22:50:35	6	3	22.0	15.6915	99.5172
1:22:51:40	6	3	22.0	15.6915	99.5172
1:22:52:45	6	3	22.0	15.596	99.5172
1:22:53:50	6	3	22.0	15.596	99.5172
1:22:54:55	6	3	22.0	15.596	99.5172
1:22:56:5	6	3	22.0	15.596	99.5172
1:22:57:10	6	3	22.0	15.596	99.5172
1:22:58:15	6	3	22.0	15.596	99.5172
1:22:59:20	6	3	22.0	15.596	99.5172
1:23:0:25	6	3	22.0	15.596	99.5172
1:23:1:30	6	3	22.0	15.596	99.5172
1:23:2:35	6	3	22.0	15.596	99.5172
1:23:3:40	6	3	22.0	15.596	99.5172
1:23:4:45	6	3	22.0	15.596	99.5172
1:23:5:50	6	3	22.0	15.596	99.5172
1:23:6:55	6	3	22.0	15.596	99.5172
1:23:8:0	6	3	22.0	15.596	99.5172
1:23:9:5	6	3	22.0	15.596	99.5172
1:23:10:10	6	3	22.0	15.596	99.5172
1:23:11:15	6	3	22.0	15.596	99.5172
1:23:12:20	6	3	22.0	15.596	99.5172
1:23:13:25	6	3	22.0	15.596	99.5172
1:23:14:30	6	3	22.0	15.596	99.5172
1:23:15:35	6	3	22.0	15.4917	99.5172
1:23:16:45	6	3	22.0	15.4917	99.5172
1:23:17:50	6	3	22.0	15.4917	99.5172
1:23:18:55	6	3	22.0	15.4917	99.5172
1:23:20:0	6	3	22.0	15.4917	99.5172
1:23:21:5	6	3	22.0	15.4917	99.5172
1:23:22:10	6	3	22.0	15.4917	99.5172
1:23:23:15	6	3	22.0	15.4917	99.5172
1:23:24:20	6	3	22.0	15.4917	99.5172
1:23:25:25	6	3	22.0	15.4917	99.5172
1:23:26:30	6	3	22.0	15.4917	99.5172
1:23:27:35	6	3	22.0	15.4917	99.5172
1:23:28:40	6	3	22.0	15.4917	99.5172
1:23:29:45	6	3	22.0	15.4917	99.5172
1:23:30:55	6	3	22.0	15.384	99.5172
1:23:32:0	6	3	22.0	15.384	99.5172
1:23:33:5	6	3	22.0	15.384	99.5172
1:23:34:10	6	3	22.0	15.384	99.5172
1:23:35:15	6	3	22.0	15.384	99.5172
1:23:36:20	6	3	22.0	15.384	99.5172
1:23:37:25	6	3	22.0	15.384	99.5172
1:23:38:30	6	3	22.0	15.384	99.5172
1:23:39:35	6	3	22.0	15.384	99.5172
1:23:40:40	6	3	22.0	15.384	99.5172
1:23:41:45	6	3	22.0	15.384	99.5172
1:23:42:50	6	3	22.0	15.384	99.5172
1:23:43:50	6	3	22.0	15.384	99.5172
1:23:44:55	6	3	22.0	15.384	99.5172
1:23:46:0	6	3	22.0	15.384	99.5172
1:23:47:5	6	3	22.0	15.384	99.5172
1:23:48:10	6	3	22.0	15.384	99.5172
1:23:49:15	6	3	22.0	15.384	99.5172
1:23:50:20	6	3	22.0	15.2986	99.5172
1:23:51:25	6	3	22.0	15.2986	99.5172
1:23:52:30	6	3	22.0	15.2986	99.5172
1:23:53:35	6	3	22.0	15.2986	99.5172
1:23:54:40	6	3	22.0	15.2986	99.5172
1:23:55:50	6	3	22.0	15.2986	99.5172
1:23:56:55	6	3	22.0	15.2986	99.5172
1:23:58:0	6	3	22.0	15.2986	99.5172
1:23:59:5	6	3	22.0	15.2986	99.5172
2:0:0:10	6	3	22.0	15.2986	99.5172
2:0:1:15	6	3	22.0	15.2986	99.5172
2:0:2:20	6	3	22.0	15.2986	99.5172
2:0:3:25	6	3	22.0	15.2986	99.5172
2:0:4:30	6	3	22.0	15.2986	99.5172
2:0:5:35	6	3	22.0	15.2986	99.5172
2:0:6:40	6	3	22.0	15.2986	99.5172
2:0:7:45	6	3	22.0	15.2986	99.5172
2:0:8:50	6	3	22.0	15.2986	99.5172
2:0:9:55	6	3	22.0	15.2986	99.5172
2:0:11:0	6	3	22.0	15.2986	99.5172
2:0:12:5	6	3	22.0	15.2986	99.5172
2:0:13:10	6	3	22.0	15.2986	99.5172
2:0:14:15	6	3	22.0	15.2986	99.5172
2:0:15:20	6	3	22.0	15.1843	99.5172
2:0:16:25	6	3	22.0	15.1843	99.5172
2:0:17:30	6	3	22.0	15.1843	99.5172
2:0:18:35	6	3	22.0	15.1843	99.5172
2:0:19:45	6	3	22.0	15.1843	99.5172
2:0:20:50	6	3	22.0	15.1843	99.5172
2:0:21:55	6	3	22.0	15.1843	99.5172
2:0:23:0	6	3	22.0	15.1843	99.5172
2:0:24:5	6	3	22.0	15.1843	99.5172
2:0:25:10	6	3	22.0	15.1843	99.5172
2:0:26:15	6	3	22.0	15.1843	99.5172
2:0:27:20	6	3	22.0	15.1843	99.5172
2:0:28:25	6	3	22.0	15.1843	99.5172
2:0:29:30	6	3	22.0	15.1843	99.5172
2:0:30:35	6	3	22.0	15.1843	99.5172
2:0:31:40	6	3	22.0	15.1843	99.5172
2:0:32:45	6	3	22.0	15.0806	99.5172
2:0:33:50	6	3	22.0	15.0806	99.5172
2:0:34:55	6	3	22.0	15.0806	99.5172
2:0:36:0	6	3	22.0	15.0806	99.5172
2:0:37:5	6	3	22.0	15.0806	99.5172
2:0:38:10	6	3	22.0	15.0806	99.5172
2:0:39:15	6	3	22.0	15.0806	99.5172
2:0:40:20	6	3	22.0	15.0806	99.5172
2:0:41:25	6	3	22.0	15.0806	99.5172
2:0:42:30	6	3	22.0	15.0806	99.5172
2:0:43:35	6	3	22.0	15.0806	99.5172
2:0:44:40	6	3	22.0	15.0806	99.5172
2:0:45:45	6	3	22.0	15.0806	99.5172
2:0:46:55	6	3	22.0	15.0806	99.5172
2:0:48:0	6	3	22.0	15.0806	99.5172
2:0:49:5	6	3	22.0	15.0806	99.5172
2:0:50:10	6	3	22.0	14.9986	99.5172
2:0:51:15	6	3	22.0	14.9986	99.5172
2:0:52:20	6	3	22.0	14.9986	99.5172
2:0:53:25	6	3	22.0	14.9986	99.5172
2:0:54:30	6	3	22.0	14.9986	99.5172
2:0:55:35	6	3	22.0	14.9986	99.5172
2:0:56:40	6	3	22.0	14.9986	99.5172
2:0:57:45	6	3	22.0	14.9986	99.5172
2:0:58:50	6	3	22.0	14.9986	99.5172
2:0:59:55	6	3	22.0	14.9986	99.5172
2:1:1:0	6	3	22.0	14.9986	99.5172
2:1:2:5	6	3	22.0	14.9986	99.5172
2:1:3:10	6	3	22.0	14.9986	99.5172
2:1:4:15	6	3	22.0	14.9986	99.5172
2:1:5:20	6	3	22.0	14.9986	99.5172
2:1:6:25	6	3	22.0	14.9986	99.5172
2:1:7:30	6	3	22.0	14.9986	99.5172
2:1:8:35	6	3	22.0	14.9986	99.5172
2:1:9:40	6	3	22.0	14.9986	99.5172
2:1:10:45	6	3	22.0	14.9986	99.5172
2:1:11:50	6	3	22.0	14.9986	99.5172
2:1:12:55	6	3	22.0	14.9986	99.5172
2:1:14:0	6	3	22.0	14.9986	99.5172
2:1:15:5	6	3	22.0	14.9986	99.5172
2:1:16:10	6	3	22.0	14.9986	99.5172
2:1:17:15	6	3	22.0	14.9986	99.5172
2:1:18:20	6	3	22.0	14.9986	99.5172
2:1:19:25	6	3	22.0	14.9986	99.5172
2:1:20:30	6	3	22.0	14.8959	99.5172
2:1:21:35	6	3	22.0	14.8959	99.5172
2:1:22:40	6	3	22.0	14.8959	99.5172
2:1:23:45	6	3	22.0	14.8959	99.5172
2:1:24:50	6	3	22.0	14.8959	99.5172
2:1:25:55	6	3	22.0	14.8959	99.5172
2:1:27:5	6	3	22.0	14.8959	99.5172
2:1:28:10	6	3	22.0	14.8959	99.5172
2:1:29:15	6	3	22.0	14.8959	99.5172
2:1:30:20	6	3	22.0	14.8959	99.5172
2:1:31:25	6	3	22.0	14.8959	99.5172
2:1:32:30	6	3	22.0	14.8959	99.5172
2:1:33:35	6	3	22.0	14.8959	99.5172
2:1:34:40	6	3	22.0	14.8959	99.5172
2:1:35:45	6	3	22.0	14.8959	99.5172
2:1:36:50	6	3	22.0	14.8959	99.5172
2:1:37:55	6	3	22.0	14.8959	99.5172
2:1:39:0	6	3	22.0	14.8959	99.5172
2:1:40:5	6	3	22.0	14.8959	99.5172
2:1:41:10	6	3	22.0	14.8959	99.5172
2:1:42:15	6	3	22.0	14.8959	99.5172
2:1:43:20	6	3	22.0	14.8959	99.5172
2:1:44:25	6	3	22.0	14.8959	99.5172
2:1:45:30	6	3	22.0	14.8959	99.5172
2:1:46:35	6	3	22.0	14.8959	99.5172
2:1:47:40	6	3	22.0	14.8959	99.5172
2:1:48:45	6	3	22.0	14.8959	99.5172
2:1:49:50	6	3	22.0	14.8959	99.5172
2:1:50:55	6	3	22.0	14.7885	99.5172
2:1:52:0	6	3	22.0	14.7885	99.5172
2:1:53:5	6	3	22.0	14.7885	99.5172
2:1:54:15	6	3	22.0	14.7885	99.5172
2:1:55:20	6	3	22.0	14.7885	99.5172
2:1:56:25	6	3	22.0	14.7885	99.5172
2:1:57:30	6	3	22.0	14.7885	99.5172
2:1:58:35	6	3	22.0	14.7885	99.5172
2:1:59:40	6	3	22.0	14.7885	99.5172
2:2:0:45	6	3	22.0	14.7885	99.5172
2:2:1:50	6	3	22.0	14.7885	99.5172
2:2:2:55	6	3	22.0	14.7885	99.5172
2:2:4:0	6	3	22.0	14.7885	99.5172
2:2:5:5	6	3	22.0	14.7885	99.5172
2:2:6:10	6	3	22.0	14.7885	99.5172
2:2:7:15	6	3	22.0	14.7885	99.5172
2:2:8:20	6	3	22.0	14.7885	99.5172
2:2:9:25	6	3	22.0	14.7885	99.5172
2:2:10:30	6	3	22.0	14.7885	99.5172
2:2:11:35	6	3	22.0	14.7885	99.5172
2:2:12:40	6	3	22.0	14.7885	99.5172
2:2:13:45	6	3	22.0	14.7885	99.5172
2:2:14:50	6	3	22.0	14.7885	99.5172
2:2:15:55	6	3	22.0	14.6762	99.5172
2:2:17:0	6	3	22.0	14.6762	99.5172
2:2:18:5	6	3	22.0	14.6762	99.5172
2:2:19:10	6	3	22.0	14.6762	99.5172
2:2:20:20	6	3	22.0	14.6762	99.5172
2:2:21:25	6	3	22.0	14.6762	99.5172
2:2:22:30	6	3	22.0	14.6762	99.5172
2:2:23:35	6	3	22.0	14.6762	99.5172
2:2:24:40	6	3	22.0	14.6762	99.5172
2:2:25:45	6	3	22.0	14.6762	99.5172
2:2:26:50	6	3	22.0	14.6762	99.5172
2:2:27:55	6	3	22.0	14.5885	99.5172
2:2:29:0	6	3	22.0	14.5885	99.5172
2:2:30:5	6	3	22.0	14.5885	99.5172
2:2:31:10	6	3	22.0	14.5885	99.5172
2:2:32:15	6	3	22.0	14.5885	99.5172
2:2:33:20	6	3	22.0	14.5885	99.5172
2:2:34:25	6	3	22.0	14.5885	99.5172
2:2:35:30	6	3	22.0	14.5885	99.5172
2:2:36:35	6	3	22.0	14.5885	99.5172
2:2:37:40	6	3	22.0	14.5885	99.5172
2:2:38:45	6	3	22.0	14.5885	99.5172
2:2:39:50	6	3	22.0	14.5885	99.5172
2:2:40:55	6	3	22.0	14.5885	99.5172
2:2:42:0	6	3	22.0	14.5885	99.5172
2:2:43:5	6	3	22.0	14.5885	99.5172
2:2:44:10	6	3	22.0	14.5885	99.5172
2:2:45:20	6	3	22.0	14.5885	99.5172
2:2:46:25	6	3	22.0	14.5885	99.5172
2:2:47:30	6	3	22.0	14.5885	99.5172
2:2:48:35	6	3	22.0	14.5885	99.5172
2:2:49:40	6	3	22.0	14.5885	99.5172
2:2:50:45	6	3	22.0	14.5885	99.5172
2:2:51:50	6	3	22.0	14.5885	99.5172
2:2:52:55	6	3	22.0	14.5885	99.5172
2:2:54:0	6	3	22.0	14.5885	99.5172
2:2:55:5	6	3	22.0	14.5885	99.5172
2:2:56:10	6	3	22.0	14.5885	99.5172
2:2:57:15	6	3	22.0	14.5885	99.5172
2:2:58:20	6	3	22.0	14.5885	99.5172
2:2:59:25	6	3	22.0	14.5885	99.5172
2:3:0:30	6	3	22.0	14.5885	99.5172
2:3:1:35	6	3	22.0	14.5885	99.5172
2:3:2:40	6	3	22.0	14.5885	99.5172
2:3:3:45	6	3	22.0	14.5885	99.5172
2:3:4:50	6	3	22.0	14.5885	99.5172
2:3:5:55	6	3	22.0	14.5885	99.5172
2:3:7:5	6	3	22.0	14.5885	99.5172
2:3:8:10	6	3	22.0	14.5885	99.5172
2:3:9:15	6	3	22.0	14.487	99.5172
2:3:10:20	6	3	22.0	14.487	99.5172
2:3:11:25	6	3	22.0	14.487	99.5172
2:3:12:30	6	3	22.0	14.487	99.5172
2:3:13:35	6	3	22.0	14.487	99.5172
2:3:14:40	6	3	22.0	14.487	99.5172
2:3:15:45	6	3	22.0	14.487	99.5172
2:3:16:50	6	3	22.0	14.487	99.5172
2:3:17:55	6	3	22.0	14.487	99.5172
2:3:19:0	6	3	22.0	14.487	99.5172
2:3:20:5	6	3	22.0	14.487	99.5172
2:3:21:10	6	3	22.0	14.487	99.5172
2:3:22:15	6	3	22.0	14.487	99.5172
2:3:23:20	6	3	22.0	14.487	99.5172
2:3:24:25	6	3	22.0	14.487	99.5172
2:3:25:30	6	3	22.0	14.487	99.5172
2:3:26:35	6	3	22.0	14.487	99.5172
2:3:27:40	6	3	22.0	14.487	99.5172
2:3:28:45	6	3	22.0	14.487	99.5172
2:3:29:55	6	3	22.0	14.487	99.5172
2:3:31:0	6	3	22.0	14.487	99.5172
2:3:32:5	6	3	22.0	14.487	99.5172
2:3:33:10	6	3	22.0	14.487	99.5172
2:3:34:15	6	3	22.0	14.487	99.5172
2:3:35:20	6	3	22.0	14.487	99.5172
2:3:36:25	6	3	22.0	14.487	99.5172
2:3:37:30	6	3	22.0	14.487	99.5172
2:3:38:35	6	3	22.0	14.487	99.5172
2:3:39:40	6	3	22.0	14.487	99.5172
2:3:40:45	6	3	22.0	14.487	99.5172
2:3:41:50	6	3	22.0	14.487	99.5172
2:3:42:55	6	3	22.0	14.487	99.5172
2:3:44:0	6	3	22.0	14.487	99.5172
2:3:45:5	6	3	22.0	14.487	99.5172
2:3:46:10	6	3	22.0	14.487	99.5172
2:3:47:15	6	3	22.0	14.3921	99.5172
2:3:48:20	6	3	22.0	14.3921	99.5172
2:3:49:25	6	3	22.0	14.3921	99.5172
2:3:50:30	6	3	22.0	14.3921	99.5172
2:3:51:35	6	3	22.0	14.3921	99.5172
2:3:52:45	6	3	22.0	14.3921	99.5172
2:3:53:50	6	3	22.0	14.3921	99.5172
2:3:54:55	6	3	22.0	14.3921	99.5172
2:3:56:5	6	3	22.0	14.3921	99.5172
2:3:57:30	6	3	22.0	14.3921	99.5172
2:4:0:5	6	3	22.0	14.3921	99.5172
2:4:1:50	6	3	22.0	14.3921	99.5172
2:4:3:55	6	3	22.0	14.3921	99.5172
2:4:5:35	6	3	22.0	14.3921	99.5172
2:4:6:40	6	3	22.0	14.3921	99.5172
2:4:7:45	6	3	22.0	14.3921	99.5172
2:4:8:50	6	3	22.0	14.3921	99.5172
2:4:10:0	6	3	22.0	14.3921	99.5172
2:4:11:5	6	3	22.0	14.3921	99.5172
2:4:12:10	6	3	22.0	14.3921	99.5172
2:4:13:15	6	3	22.0	14.3921	99.5172
2:4:14:20	6	3	22.0	14.3921	99.5172
2:4:15:25	6	3	22.0	14.3921	99.5172
2:4:16:30	6	3	22.0	14.3921	99.5172
2:4:17:35	6	3	22.0	14.3921	99.5172
2:4:18:40	6	3	22.0	14.3921	99.5172
2:4:19:45	6	3	22.0	14.3921	99.5172
2:4:20:50	6	3	22.0	14.3921	99.5172
2:4:21:55	6	3	22.0	14.3921	99.5172
2:4:23:0	6	3	22.0	14.3921	99.5172
2:4:24:5	6	3	22.0	14.3921	99.5172
2:4:25:10	6	3	22.0	14.3921	99.5172
2:4:26:15	6	3	22.0	14.3921	99.5172
2:4:27:20	6	3	22.0	14.3921	99.5172
2:4:28:25	6	3	22.0	14.3921	99.5172
2:4:29:30	6	3	22.0	14.3921	99.5172
2:4:30:35	6	3	22.0	14.3921	99.5172
2:4:31:40	6	3	22.0	14.3921	99.5172
2:4:32:45	6	3	22.0	14.3921	99.5172
2:4:33:55	6	3	22.0	14.3921	99.5172
2:4:35:0	6	3	22.0	14.3921	99.5172
2:4:36:5	6	3	22.0	14.3921	99.5172
2:4:37:10	6	3	22.0	14.3921	99.5172
2:4:38:15	6	3	22.0	14.3921	99.5172
2:4:39:20	6	3	22.0	14.3921	99.5172
2:4:40:25	6	3	22.0	14.3921	99.5172
2:4:41:30	6	3	22.0	14.3921	99.5172
2:4:42:35	6	3	22.0	14.3921	99.5172
2:4:43:40	6	3	22.0	14.3921	99.5172
2:4:44:45	6	3	22.0	14.3921	99.5172
2:4:45:50	6	3	22.0	14.3921	99.5172
2:4:46:55	6	3	22.0	14.3921	99.5172
2:4:48:0	6	3	22.0	14.3921	99.5172
2:4:49:5	6	3	22.0	14.3921	99.5172
2:4:50:10	6	3	22.0	14.3921	99.5172
2:4:51:15	6	3	22.0	14.3921	99.5172
2:4:52:20	6	3	22.0	14.3921	99.5172
2:4:53:25	6	3	22.0	14.3921	99.5172
2:4:54:30	6	3	22.0	14.3921	99.5172
2:4:55:35	6	3	22.0	14.3921	99.5172
2:4:56:40	6	3	22.0	14.3921	99.5172
2:4:57:45	6	3	22.0	14.3921	99.5172
2:4:58:50	6	3	22.0	14.3921	99.5172
2:5:0:0	6	3	22.0	14.3921	99.5172
2:5:1:5	6	3	22.0	14.3921	99.5172
2:5:2:10	6	3	22.0	14.3921	99.5172
2:5:3:15	6	3	22.0	14.3921	99.5172
2:5:4:20	6	3	22.0	14.3921	99.5172
2:5:5:25	6	3	22.0	14.3921	99.5172
2:5:6:30	6	3	22.0	14.3921	99.5172
2:5:7:35	6	3	22.0	14.3921	99.5172
2:5:8:40	6	3	22.0	14.3921	99.5172
2:5:9:45	6	3	22.0	14.3921	99.5172
2:5:10:50	6	3	22.0	14.3921	99.5172
2:5:11:55	6	3	22.0	14.3921	99.5172
2:5:13:0	6	3	22.0	14.3921	99.5172
2:5:14:5	6	3	22.0	14.3921	99.5172
2:5:15:10	6	3	22.0	14.3921	99.5172
2:5:16:15	6	3	22.0	14.3921	99.5172
2:5:17:20	6	3	22.0	14.3921	99.5172
2:5:18:25	6	3	22.0	14.3921	99.5172
2:5:19:30	6	3	22.0	14.3921	99.5172
2:5:20:35	6	3	22.0	14.3921	99.5172
2:5:21:40	6	3	22.0	14.3921	99.5172
2:5:22:45	6	3	22.0	14.3921	99.5172
2:5:23:50	6	3	22.0	14.3921	99.5172
2:5:25:0	6	3	22.0	14.3921	99.5172
2:5:26:5	6	3	22.0	14.3921	99.5172
2:5:27:10	6	3	22.0	14.3921	99.5172
2:5:28:15	6	3	22.0	14.3921	99.5172
2:5:29:20	6	3	22.0	14.3921	99.5172
2:5:30:25	6	3	22.0	14.3921	99.5172
2:5:31:30	6	3	22.0	14.3921	99.5172
2:5:32:35	6	3	22.0	14.3921	99.5172
2:5:33:40	6	3	22.0	14.3921	99.5172
2:5:34:45	6	3	22.0	14.3921	99.5172
2:5:35:50	6	3	22.0	14.3921	99.5172
2:5:36:55	6	3	22.0	14.3921	99.5172
2:5:38:0	6	3	22.0	14.3921	99.5172
2:5:39:5	6	3	22.0	14.3921	99.5172
2:5:40:10	6	3	22.0	14.3921	99.5172
2:5:41:15	6	3	22.0	14.3921	99.5172
2:5:42:20	6	3	22.0	14.3921	99.5172
2:5:43:25	6	3	22.0	14.3921	99.5172
2:5:44:30	6	3	22.0	14.3921	99.5172
2:5:45:35	6	3	22.0	14.3921	99.5172
2:5:46:40	6	3	22.0	14.3921	99.5172
2:5:47:45	6	3	22.0	14.4	99.5172
2:5:48:50	6	3	22.0	14.4	99.5172
2:5:49:55	6	3	22.0	14.4	99.5172
2:5:51:0	6	3	22.0	14.4	99.5172
2:5:52:5	6	3	22.0	14.4	99.5172
2:5:53:10	6	3	22.0	14.4	99.5172
2:5:54:15	6	3	22.0	14.4	99.5172
2:5:55:25	6	3	22.0	14.4	99.5172
2:5:56:30	6	3	22.0	14.4	99.5172
2:5:57:35	6	3	22.0	14.4	99.5172
2:5:58:40	6	3	22.0	14.4	99.5172
2:5:59:45	6	3	22.0	14.4	99.5172
2:6:0:50	6	3	22.0	14.4	99.5172
2:6:1:55	6	3	22.0	14.4	99.5172
2:6:3:0	6	3	22.0	14.4	99.5172
2:6:4:5	6	3	22.0	14.4	99.5172
2:6:5:10	6	3	22.0	14.4	99.5172
2:6:6:15	6	3	22.0	14.4	99.5172
2:6:7:20	6	3	22.0	14.4	99.5172
2:6:8:25	6	3	22.0	14.4	99.5172
2:6:9:30	6	3	22.0	14.4	99.5172
2:6:10:35	6	3	22.0	14.4	99.5172
