1:18:35:45	6	1	22.0	19.499	99.5172
1:18:36:50	6	1	22.0	19.499	99.5172
1:18:37:55	6	1	22.0	19.2203	99.5172
1:18:39:0	6	1	22.0	19.0859	99.5172
1:18:40:5	6	1	22.0	18.9864	99.5172
1:18:41:15	6	1	22.0	18.8874	99.5172
1:18:42:20	6	1	22.0	18.7596	99.5172
1:18:43:25	6	1	22.0	18.6926	99.5172
1:18:44:30	6	1	22.0	18.6926	99.5172
1:18:45:35	6	1	22.0	18.6926	99.5172
1:18:46:40	6	1	22.0	18.5784	99.5172
1:18:47:45	6	1	22.0	18.5784	99.5172
1:18:48:50	6	1	22.0	18.5784	99.5172
1:18:49:55	6	1	22.0	18.5784	99.5172
1:18:51:0	6	1	22.0	18.5784	99.5172
1:18:52:5	6	1	22.0	18.5784	99.5172
1:18:53:10	6	1	22.0	18.5784	99.5172
1:18:54:15	6	1	22.0	18.5784	99.5172
1:18:55:20	6	1	22.0	18.5784	99.5172
1:18:56:25	6	1	22.0	18.499	99.5172
1:18:57:30	6	1	22.0	18.499	99.5172
1:18:58:35	6	1	22.0	18.499	99.5172
1:18:59:40	6	1	22.0	18.499	99.5172
1:19:0:45	6	1	22.0	18.499	99.5172
1:19:1:50	6	1	22.0	18.499	99.5172
1:19:2:55	6	1	22.0	18.499	99.5172
1:19:4:0	6	1	22.0	18.499	99.5172
1:19:5:5	6	1	22.0	18.499	99.5172
1:19:6:10	6	1	22.0	18.499	99.5172
1:19:7:20	6	1	22.0	18.499	99.5172
1:19:8:25	6	1	22.0	18.499	99.5172
1:19:9:30	6	1	22.0	18.499	99.5172
1:19:10:35	6	1	22.0	18.499	99.5172
1:19:11:40	6	1	22.0	18.499	99.5172
1:19:12:45	6	1	22.0	18.499	99.5172
1:19:13:50	6	1	22.0	18.499	99.5172
1:19:14:55	6	1	22.0	18.499	99.5172
1:19:16:0	6	1	22.0	18.499	99.5172
1:19:17:5	6	1	22.0	18.499	99.5172
1:19:18:10	6	1	22.0	18.499	99.5172
1:19:19:15	6	1	22.0	18.499	99.5172
1:19:20:20	6	1	22.0	18.499	99.5172
1:19:21:25	6	1	22.0	18.499	99.5172
1:19:22:30	6	1	22.0	18.499	99.5172
1:19:23:35	6	1	22.0	18.499	99.5172
1:19:24:40	6	1	22.0	18.499	99.5172
1:19:25:45	6	1	22.0	18.499	99.5172
1:19:26:50	6	1	22.0	18.499	99.5172
1:19:27:55	6	1	22.0	18.499	99.5172
1:19:29:0	6	1	22.0	18.499	99.5172
1:19:30:5	6	1	22.0	18.499	99.5172
1:19:31:10	6	1	22.0	18.499	99.5172
1:19:32:15	6	1	22.0	18.499	99.5172
1:19:33:20	6	1	22.0	18.499	99.5172
1:19:34:25	6	1	22.0	18.499	99.5172
1:19:35:30	6	1	22.0	18.499	99.5172
1:19:36:40	6	1	22.0	18.499	99.5172
1:19:38:10	6	1	22.0	18.499	99.5172
1:19:39:15	6	1	22.0	18.499	99.5172
1:19:40:20	6	1	22.0	18.499	99.5172
1:19:41:25	6	1	22.0	18.499	99.5172
1:19:42:30	6	1	22.0	18.499	99.5172
1:19:43:35	6	1	22.0	18.499	99.5172
1:19:44:40	6	1	22.0	18.499	99.5172
1:19:45:45	6	1	22.0	18.499	99.5172
1:19:46:55	6	1	22.0	18.499	99.5172
1:19:48:0	6	1	22.0	18.499	99.5172
1:19:49:5	6	1	22.0	18.499	99.5172
1:19:50:10	6	1	22.0	18.499	99.5172
1:19:51:15	6	1	22.0	18.499	99.5172
1:19:52:20	6	1	22.0	18.499	99.5172
1:19:53:25	6	1	22.0	18.499	99.5172
1:19:54:30	6	1	22.0	18.499	99.5172
1:19:55:35	6	1	22.0	18.499	99.5172
1:19:56:40	6	1	22.0	18.499	99.5172
1:19:57:45	6	1	22.0	18.499	99.5172
1:19:58:50	6	1	22.0	18.499	99.5172
1:19:59:55	6	1	22.0	18.499	99.5172
1:20:1:0	6	1	22.0	18.499	99.5172
1:20:2:5	6	1	22.0	18.499	99.5172
1:20:3:10	6	1	22.0	18.499	99.5172
1:20:4:15	6	1	22.0	18.499	99.5172
1:20:5:20	6	1	22.0	18.499	99.5172
1:20:6:25	6	1	22.0	18.499	99.5172
1:20:7:30	6	1	22.0	18.499	99.5172
1:20:8:40	6	1	22.0	18.499	99.5172
1:20:9:45	6	1	22.0	18.499	99.5172
1:20:10:50	6	1	22.0	18.499	99.5172
1:20:11:55	6	1	22.0	18.499	99.5172
1:20:13:0	6	1	22.0	18.499	99.5172
1:20:14:5	6	1	22.0	18.499	99.5172
1:20:15:10	6	1	22.0	18.499	99.5172
1:20:16:15	6	1	22.0	18.499	99.5172
1:20:17:20	6	1	22.0	18.499	99.5172
1:20:18:30	6	1	22.0	18.499	99.5172
1:20:19:35	6	1	22.0	18.499	99.5172
1:20:20:40	6	1	22.0	18.499	99.5172
1:20:21:45	6	1	22.0	18.499	99.5172
1:20:22:50	6	1	22.0	18.499	99.5172
1:20:23:55	6	1	22.0	18.499	99.5172
1:20:25:0	6	1	22.0	18.499	99.5172
1:20:26:5	6	1	22.0	18.499	99.5172
1:20:27:10	6	1	22.0	18.499	99.5172
1:20:28:15	6	1	22.0	18.499	99.5172
1:20:29:20	6	1	22.0	18.499	99.5172
1:20:30:25	6	1	22.0	18.5014	99.5172
1:20:31:30	6	1	22.0	18.5014	99.5172
1:20:32:35	6	1	22.0	18.5014	99.5172
1:20:33:40	6	1	22.0	18.5014	99.5172
1:20:34:45	6	1	22.0	18.5014	99.5172
1:20:35:50	6	1	22.0	18.5014	99.5172
1:20:36:55	6	1	22.0	18.5014	99.5172
1:20:38:0	6	1	22.0	18.5014	99.5172
1:20:39:5	6	1	22.0	18.5014	99.5172
1:20:40:10	6	1	22.0	18.5014	99.5172
1:20:41:15	6	1	22.0	18.5014	99.5172
1:20:42:20	6	1	22.0	18.5014	99.5172
1:20:43:25	6	1	22.0	18.5014	99.5172
1:20:44:30	6	1	22.0	18.5014	99.5172
1:20:45:35	6	1	22.0	18.5014	99.5172
1:20:46:40	6	1	22.0	18.5014	99.5172
1:20:47:45	6	1	22.0	18.5014	99.5172
1:20:48:50	6	1	22.0	18.5014	99.5172
1:20:49:55	6	1	22.0	18.5014	99.5172
1:20:51:0	6	1	22.0	18.5014	99.5172
1:20:52:5	6	1	22.0	18.5014	99.5172
1:20:53:10	6	1	22.0	18.5014	99.5172
1:20:54:15	6	1	22.0	18.5014	99.5172
1:20:55:20	6	1	22.0	18.5014	99.5172
1:20:56:30	6	1	22.0	18.5014	99.5172
1:20:57:35	6	1	22.0	18.5014	99.5172
1:20:58:40	6	1	22.0	18.5014	99.5172
1:20:59:45	6	1	22.0	18.5014	99.5172
1:21:0:50	6	1	22.0	18.5014	99.5172
1:21:1:55	6	1	22.0	18.5014	99.5172
1:21:3:0	6	1	22.0	18.6295	99.5172
1:21:4:5	6	1	22.0	18.6295	99.5172
1:21:5:10	6	1	22.0	18.7298	99.5172
1:21:6:15	6	1	22.0	18.7298	99.5172
1:21:7:20	6	1	22.0	18.7298	99.5172
1:21:8:25	6	1	22.0	18.7298	99.5172
1:21:9:30	6	1	22.0	18.7298	99.5172
1:21:10:35	6	1	22.0	18.7298	99.5172
1:21:11:40	6	1	22.0	18.7298	99.5172
1:21:12:45	6	1	22.0	18.8096	99.5172
1:21:13:50	6	1	22.0	18.8096	99.5172
1:21:14:55	6	1	22.0	18.8096	99.5172
1:21:16:0	6	1	22.0	18.8096	99.5172
1:21:17:5	6	1	22.0	18.8096	99.5172
1:21:18:15	6	1	22.0	18.9033	99.5172
1:21:19:20	6	1	22.0	18.8881	99.5172
1:21:20:25	6	1	22.0	18.8881	99.5172
1:21:21:30	6	1	22.0	18.8881	99.5172
1:21:22:35	6	1	22.0	18.8881	99.5172
1:21:23:40	6	1	22.0	18.8881	99.5172
1:21:24:45	6	1	22.0	18.9271	99.5172
1:21:25:50	6	1	22.0	18.9271	99.5172
1:21:26:55	6	1	22.0	18.9271	99.5172
1:21:28:0	6	1	22.0	18.9271	99.5172
1:21:29:5	6	1	22.0	18.9271	99.5172
1:21:30:10	6	1	22.0	18.9271	99.5172
1:21:31:15	6	1	22.0	19.0019	99.5172
1:21:32:20	6	1	22.0	19.0019	99.5172
1:21:33:25	6	1	22.0	19.0019	99.5172
1:21:34:30	6	1	22.0	19.0019	99.5172
1:21:35:35	6	1	22.0	19.0019	99.5172
1:21:36:40	6	1	22.0	19.0019	99.5172
1:21:37:45	6	1	22.0	19.0019	99.5172
1:21:38:50	6	1	22.0	19.0019	99.5172
1:21:40:0	6	1	22.0	19.0019	99.5172
1:21:41:0	6	1	22.0	19.0019	99.5172
1:21:42:10	6	1	22.0	19.1019	99.5172
1:21:43:15	6	1	22.0	19.1019	99.5172
1:21:44:20	6	1	22.0	19.1019	99.5172
1:21:45:25	6	1	22.0	19.1019	99.5172
1:21:46:30	6	1	22.0	19.1019	99.5172
1:21:47:35	6	1	22.0	19.1019	99.5172
1:21:48:40	6	1	22.0	19.1019	99.5172
1:21:49:45	6	1	22.0	19.1019	99.5172
1:21:50:50	6	1	22.0	19.1019	99.5172
1:21:51:55	6	1	22.0	19.2331	99.5172
1:21:53:0	6	1	22.0	19.2331	99.5172
1:21:54:5	6	1	22.0	19.2331	99.5172
1:21:55:10	6	1	22.0	19.2331	99.5172
1:21:56:15	6	1	22.0	19.324	99.5172
1:21:57:20	6	1	22.0	19.4025	99.5172
1:21:58:25	6	1	22.0	19.4025	99.5172
1:21:59:30	6	1	22.0	19.4025	99.5172
1:22:0:35	6	1	22.0	19.4025	99.5172
1:22:1:40	6	1	22.0	19.4025	99.5172
1:22:2:45	6	1	22.0	19.4025	99.5172
1:22:3:50	6	1	22.0	19.5228	99.5172
1:22:4:55	6	1	22.0	19.5228	99.5172
1:22:6:0	6	1	22.0	19.6091	99.5172
1:22:7:0	6	1	22.0	19.5876	99.5172
1:22:8:10	6	1	22.0	19.5876	99.5172
1:22:9:15	6	1	22.0	19.5876	99.5172
1:22:10:20	6	1	22.0	19.6211	99.5172
1:22:11:25	6	1	22.0	19.6211	99.5172
1:22:12:30	6	1	22.0	19.6211	99.5172
1:22:13:35	6	1	22.0	19.6211	99.5172
1:22:14:40	6	1	22.0	19.6211	99.5172
1:22:15:45	6	1	22.0	19.6211	99.5172
1:22:16:50	6	1	22.0	19.7284	99.5172
1:22:17:55	6	1	22.0	19.7284	99.5172
1:22:19:0	6	1	22.0	19.7284	99.5172
1:22:20:5	6	1	22.0	19.7284	99.5172
1:22:21:10	6	1	22.0	19.7284	99.5172
1:22:22:15	6	1	22.0	19.8043	99.5172
1:22:23:20	6	1	22.0	19.8043	99.5172
1:22:24:25	6	1	22.0	19.8043	99.5172
1:22:25:30	6	1	22.0	19.8043	99.5172
1:22:26:35	6	1	22.0	19.8043	99.5172
1:22:27:40	6	1	22.0	19.9263	99.5172
1:22:28:45	6	1	22.0	19.9263	99.5172
1:22:29:50	6	1	22.0	19.9263	99.5172
1:22:30:55	6	1	22.0	19.9263	99.5172
1:22:32:0	6	1	22.0	19.9263	99.5172
1:22:33:10	6	1	22.0	20.1035	99.5172
1:22:34:15	6	1	22.0	20.1035	99.5172
1:22:35:20	6	1	22.0	20.1035	99.5172
1:22:36:25	6	1	22.0	20.1035	99.5172
1:22:37:30	6	1	22.0	20.1035	99.5172
1:22:38:35	6	1	22.0	20.1035	99.5172
1:22:39:40	6	1	22.0	20.232	99.5172
