1:11:39:25	6	11	22.0	18.7001	74.2269
1:11:40:30	6	11	22.0	19.1205	11.139
1:11:41:35	6	11	22.0	19.4534	10.4585
1:11:42:40	6	11	22.0	19.7819	10.4585
1:11:43:45	6	11	22.0	20.1059	10.4585
1:11:44:50	6	11	22.0	20.4252	10.4585
1:11:45:55	6	11	22.0	20.7402	10.4585
1:11:47:5	6	11	22.0	21.0509	10.4585
1:11:48:10	6	11	22.0	21.3574	10.4585
1:11:49:15	6	11	22.0	21.6598	10.4585
1:11:50:20	6	11	22.0	21.9581	10.4585
1:11:51:25	6	11	22.0	22.2524	10.4585
1:11:52:30	6	11	22.0	22.8289	10.4585
1:11:53:35	6	11	22.0	23.1113	10.4585
1:11:54:40	6	11	22.0	23.39	10.4585
1:11:55:45	6	11	22.0	23.6648	10.4585
1:11:56:50	6	11	22.0	23.9359	10.4585
1:11:57:55	6	11	22.0	24.2034	10.4585
1:11:59:0	6	11	22.0	24.4672	10.4585
1:12:0:5	6	11	22.0	24.7275	10.4585
1:12:1:10	6	11	22.0	24.9841	10.4585
1:12:2:15	6	11	22.0	25.2374	10.4585
1:12:3:20	6	11	22.0	25.4872	10.4585
1:12:4:25	6	11	22.0	25.7337	10.4585
1:12:5:30	6	11	22.0	26.2167	10.4585
1:12:6:35	6	11	22.0	26.4533	10.4585
1:12:7:40	6	11	22.0	26.6868	10.4585
1:12:8:45	6	11	22.0	26.9171	10.4585
1:12:9:50	6	11	22.0	27.1444	10.4585
1:12:10:55	6	11	22.0	27.3684	10.4585
1:12:12:0	6	11	22.0	27.5895	10.4585
1:12:13:5	6	11	22.0	27.8076	10.4585
1:12:14:10	6	11	22.0	28.0228	10.4585
1:12:15:15	6	11	22.0	28.235	10.4585
1:12:16:20	6	11	22.0	28.4444	10.4585
1:12:17:25	6	11	22.0	28.6509	10.4585
1:12:18:30	6	11	22.0	29.0554	10.4585
1:12:19:35	6	11	22.0	29.2536	10.4585
1:12:20:40	6	11	22.0	29.4492	10.4585
1:12:21:45	6	11	22.0	29.642	10.4585
1:12:22:55	6	11	22.0	29.8321	10.4585
1:12:24:0	6	11	22.0	30.0197	10.4585
1:12:25:5	6	11	22.0	30.205	10.4585
1:12:26:10	6	11	22.0	30.3879	10.4585
1:12:27:15	6	11	22.0	30.5681	10.4585
1:12:28:20	6	11	22.0	30.7459	10.4585
1:12:29:25	6	11	22.0	30.9213	10.4585
1:12:30:30	6	11	22.0	31.2649	10.4585
1:12:31:35	6	11	22.0	31.4332	10.4585
1:12:32:40	6	11	22.0	31.5991	10.4585
1:12:33:45	6	11	22.0	31.7627	10.4585
1:12:34:50	6	11	22.0	31.924	10.4585
1:12:35:55	6	11	22.0	32.0832	10.4585
1:12:37:0	6	11	22.0	32.2401	10.4585
1:12:38:5	6	11	22.0	32.3948	10.4585
1:12:39:10	6	11	22.0	32.5473	10.4585
1:12:40:15	6	11	22.0	32.6978	10.4585
1:12:41:20	6	11	22.0	32.8461	10.4585
1:12:42:25	6	11	22.0	32.9924	10.4585
1:12:43:30	6	11	22.0	33.2792	10.4585
1:12:44:35	6	11	22.0	33.4196	10.4585
1:12:45:40	6	11	22.0	33.5581	10.4585
1:12:46:45	6	11	22.0	33.6947	10.4585
1:12:47:50	6	11	22.0	33.8294	10.4585
1:12:48:55	6	11	22.0	33.962	10.4585
1:12:50:5	6	11	22.0	34.0928	10.4585
1:12:51:10	6	11	22.0	34.2222	10.4585
1:12:52:15	6	11	22.0	34.3497	10.4585
1:12:53:20	6	11	22.0	34.4755	10.4585
1:12:54:30	6	11	22.0	34.7215	10.4585
1:12:55:30	6	11	22.0	34.8418	10.4585
1:12:56:40	6	11	22.0	34.9605	10.4585
1:12:57:45	6	11	22.0	35.0774	10.4585
1:12:58:50	6	11	22.0	35.1927	10.4585
1:12:59:55	6	11	22.0	35.3062	10.4585
1:13:1:0	6	11	22.0	35.418	10.4585
1:13:2:5	6	11	22.0	35.5284	10.4585
1:13:3:10	6	11	22.0	35.6372	10.4585
1:13:4:20	6	11	22.0	35.7446	10.4585
1:13:5:25	6	11	22.0	35.8505	10.4585
1:13:6:35	6	11	22.0	36.0578	10.4585
1:13:7:40	6	11	22.0	36.1592	10.4585
1:13:8:45	6	11	22.0	36.2592	10.4585
1:13:10:0	6	11	22.0	36.3576	10.4585
1:13:11:5	6	11	22.0	36.4546	10.4585
1:13:12:10	6	11	22.0	36.5502	10.4585
1:13:13:15	6	11	22.0	36.6444	10.4585
1:13:14:20	6	11	22.0	36.7373	10.4585
1:13:15:30	6	11	22.0	36.9191	10.4585
1:13:16:40	6	11	22.0	37.0082	10.4585
1:13:17:45	6	11	22.0	37.0082	10.4585
1:13:18:50	6	11	22.0	37.1824	10.4585
1:13:19:55	6	11	22.0	37.2676	10.4585
1:13:21:0	6	11	22.0	37.3514	10.4585
1:13:22:5	6	11	22.0	37.4339	10.4585
1:13:23:10	6	11	22.0	37.5152	10.4585
1:13:24:15	6	11	22.0	37.5152	10.4585
1:13:25:20	6	11	22.0	37.6742	10.4585
1:13:26:25	6	11	22.0	37.7522	10.4585
1:13:27:30	6	11	22.0	37.9045	10.4585
1:13:28:35	6	11	22.0	37.9045	10.4585
1:13:29:40	6	11	22.0	38.0522	10.4585
1:13:30:45	6	11	22.0	38.1243	10.4585
1:13:31:50	6	11	22.0	38.1243	10.4585
1:13:32:55	6	11	22.0	38.2656	10.4585
1:13:34:0	6	11	22.0	38.3346	10.4585
1:13:35:5	6	11	22.0	38.4025	10.4585
1:13:36:10	6	11	22.0	38.4025	10.4585
1:13:37:15	6	11	22.0	38.5351	10.4585
1:13:38:20	6	11	22.0	38.5351	10.4585
1:13:39:25	6	11	22.0	38.6633	10.4585
1:13:40:30	6	11	22.0	38.7259	10.4585
1:13:41:35	6	11	22.0	38.8479	10.4585
1:13:42:45	6	11	22.0	38.9073	10.4585
1:13:44:0	6	11	22.0	38.9073	10.4585
1:13:45:10	6	11	22.0	39.0238	10.4585
1:13:46:15	6	11	22.0	39.0238	10.4585
1:13:47:20	6	11	22.0	39.1366	10.4585
1:13:48:25	6	11	22.0	39.1366	10.4585
1:13:49:30	6	11	22.0	39.2453	10.4585
1:13:50:35	6	11	22.0	39.3503	10.4585
1:13:51:40	6	11	22.0	39.4015	10.4585
1:13:52:45	6	11	22.0	39.4015	10.4585
1:13:54:0	6	11	22.0	39.5016	10.4585
1:13:55:10	6	11	22.0	39.5016	10.4585
1:13:56:25	6	11	22.0	39.5016	10.4585
1:13:57:30	6	11	22.0	39.6449	10.4585
1:13:58:35	6	11	22.0	39.7361	10.4585
1:13:59:40	6	11	22.0	39.7361	10.4585
1:14:0:45	6	11	22.0	39.8239	10.4585
1:14:1:50	6	11	22.0	39.8239	10.4585
1:14:2:55	6	11	22.0	39.9085	10.4585
1:14:4:0	6	11	22.0	39.9085	10.4585
1:14:5:5	6	11	22.0	39.9085	10.4585
1:14:6:10	6	11	22.0	40.0294	10.4585
1:14:7:15	6	11	22.0	40.0294	10.4585
1:14:8:20	6	11	22.0	40.1056	10.4585
1:14:9:25	6	11	22.0	40.1056	10.4585
1:14:10:30	6	11	22.0	40.2138	10.4585
1:14:11:35	6	11	22.0	40.2138	10.4585
1:14:12:40	6	11	22.0	40.2138	10.4585
1:14:13:50	6	11	22.0	40.3149	10.4585
1:14:14:55	6	11	22.0	40.3149	10.4585
1:14:16:0	6	11	22.0	40.3149	10.4585
1:14:17:5	6	11	22.0	40.4095	10.4585
1:14:18:10	6	11	22.0	40.4095	10.4585
1:14:19:15	6	11	22.0	40.4095	10.4585
1:14:20:20	6	11	22.0	40.4095	10.4585
1:14:21:25	6	11	22.0	40.525	10.4585
1:14:22:30	6	11	22.0	40.525	10.4585
1:14:23:35	6	11	22.0	40.6037	10.4585
1:14:24:40	6	11	22.0	40.6037	10.4585
1:14:25:45	6	11	22.0	40.6037	10.4585
1:14:26:50	6	11	22.0	40.6037	10.4585
1:14:27:55	6	11	22.0	40.6037	10.4585
1:14:29:0	6	11	22.0	40.7221	10.4585
1:14:30:5	6	11	22.0	40.7221	10.4585
1:14:31:15	6	11	22.0	40.7221	10.4585
1:14:32:20	6	11	22.0	40.7221	10.4585
1:14:33:25	6	11	22.0	40.8047	10.4585
1:14:34:30	6	11	22.0	40.8047	10.4585
1:14:35:35	6	11	22.0	40.8047	10.4585
1:14:36:40	6	11	22.0	40.8047	10.4585
1:14:37:45	6	11	22.0	40.8047	10.4585
1:14:38:50	6	11	22.0	40.9099	10.4585
1:14:39:55	6	11	22.0	40.9099	10.4585
1:14:41:0	6	11	22.0	40.9099	10.4585
1:14:42:5	6	11	22.0	40.9099	10.4585
1:14:43:10	6	11	22.0	40.9099	10.4585
1:14:44:15	6	11	22.0	40.9099	10.4585
1:14:45:25	6	11	22.0	40.9099	10.4585
1:14:46:30	6	11	22.0	41.0065	10.4585
1:14:47:35	6	11	22.0	41.0065	10.4585
1:14:48:40	6	11	22.0	41.0065	10.4585
1:14:49:45	6	11	22.0	41.0065	10.4585
1:14:50:50	6	11	22.0	41.0065	10.4585
1:14:51:55	6	11	22.0	41.0065	10.4585
1:14:53:0	6	11	22.0	41.0065	10.4585
1:14:54:5	6	11	22.0	41.0065	10.4585
1:14:55:10	6	11	22.0	41.0065	10.4585
1:14:56:15	6	11	22.0	41.0065	10.4585
1:14:57:20	6	11	22.0	41.1037	10.4585
1:14:58:25	6	11	22.0	41.1037	10.4585
1:14:59:30	6	11	22.0	41.1037	10.4585
1:15:0:35	6	11	22.0	41.1037	10.4585
1:15:1:40	6	11	22.0	41.1037	10.4585
1:15:2:45	6	11	22.0	41.1037	10.4585
1:15:3:50	6	11	22.0	41.1037	10.4585
1:15:4:55	6	11	22.0	41.1037	10.4585
1:15:6:0	6	11	22.0	41.1037	10.4585
1:15:7:5	6	11	22.0	41.1037	10.4585
1:15:8:10	6	11	22.0	41.1037	10.4585
1:15:9:15	6	11	22.0	41.1037	10.4585
1:15:10:20	6	11	22.0	41.1037	10.4585
1:15:11:25	6	11	22.0	41.1037	10.4585
1:15:12:30	6	11	22.0	41.1037	10.4585
1:15:13:35	6	11	22.0	41.1037	10.4585
1:15:14:40	6	11	22.0	41.1037	10.4585
1:15:15:45	6	11	22.0	41.1037	10.4585
1:15:16:50	6	11	22.0	41.1037	10.4585
1:15:17:55	6	11	22.0	41.0995	10.4585
1:15:19:0	6	11	22.0	41.0995	10.4585
1:15:20:5	6	11	22.0	41.0995	10.4585
1:15:21:10	6	11	22.0	41.0995	10.4585
1:15:22:15	6	11	22.0	41.0995	10.4585
1:15:23:20	6	11	22.0	41.0995	10.4585
1:15:24:25	6	11	22.0	41.0995	10.4585
1:15:25:30	6	11	22.0	41.0995	10.4585
1:15:26:35	6	11	22.0	41.0995	10.4585
1:15:28:0	6	11	22.0	41.0995	10.4585
1:15:29:5	6	11	22.0	40.9905	10.4585
1:15:30:10	6	11	22.0	40.9905	10.4585
1:15:31:15	6	11	22.0	40.9905	10.4585
1:15:32:20	6	11	22.0	40.9905	10.4585
1:15:33:25	6	11	22.0	40.9905	10.4585
1:15:34:30	6	11	22.0	40.9905	10.4585
1:15:35:35	6	11	22.0	40.8872	10.4585
1:15:36:40	6	11	22.0	40.8872	10.4585
1:15:37:45	6	11	22.0	40.8872	10.4585
1:15:38:50	6	11	22.0	40.8872	10.4585
1:15:39:55	6	11	22.0	40.8872	10.4585
1:15:41:0	6	11	22.0	40.798	10.4585
1:15:42:5	6	11	22.0	40.798	10.4585
1:15:43:10	6	11	22.0	40.798	10.4585
1:15:44:15	6	11	22.0	40.798	10.4585
1:15:45:20	6	11	22.0	40.798	10.4585
1:15:46:25	6	11	22.0	40.6974	10.4585
1:15:47:30	6	11	22.0	40.6974	10.4585
1:15:48:35	6	11	22.0	40.6974	10.4585
1:15:49:40	6	11	22.0	40.6974	10.4585
1:15:50:45	6	11	22.0	40.5851	10.4585
1:15:51:50	6	11	22.0	40.5851	10.4585
1:15:52:55	6	11	22.0	40.5851	10.4585
1:15:54:0	6	11	22.0	40.5851	10.4585
1:15:55:5	6	11	22.0	40.4866	10.4585
1:15:56:10	6	11	22.0	40.4866	10.4585
1:15:57:15	6	11	22.0	40.4866	10.4585
1:15:58:20	6	11	22.0	40.4866	10.4585
1:15:59:25	6	11	22.0	40.3805	10.4585
1:16:0:30	6	11	22.0	40.3805	10.4585
1:16:1:35	6	11	22.0	40.2962	10.4585
1:16:2:40	6	11	22.0	40.2962	10.4585
1:16:3:45	6	11	22.0	40.2962	10.4585
1:16:4:50	6	11	22.0	40.2962	10.4585
1:16:5:55	6	11	22.0	40.1767	10.4585
1:16:7:5	6	11	22.0	40.1767	10.4585
1:16:8:10	6	11	22.0	40.1767	10.4585
1:16:9:15	6	11	22.0	40.0821	10.4585
1:16:10:20	6	11	22.0	40.0821	10.4585
1:16:11:25	6	11	22.0	40.0821	10.4585
1:16:12:30	6	11	22.0	39.9836	10.4585
1:16:13:35	6	11	22.0	39.9836	10.4585
1:16:14:40	6	11	22.0	39.881	10.4585
1:16:15:45	6	11	22.0	39.881	10.4585
1:16:16:50	6	11	22.0	39.881	10.4585
1:16:17:55	6	11	22.0	39.7745	10.4585
1:16:19:0	6	11	22.0	39.7745	10.4585
1:16:20:5	6	11	22.0	39.7745	10.4585
1:16:21:10	6	11	22.0	39.6641	10.4585
1:16:22:15	6	11	22.0	39.6641	10.4585
1:16:23:20	6	11	22.0	39.5885	10.4585
1:16:24:25	6	11	22.0	39.5885	10.4585
1:16:25:30	6	11	22.0	39.472	10.4585
1:16:26:35	6	11	22.0	39.472	10.4585
1:16:27:40	6	11	22.0	39.3924	10.4585
1:16:28:45	6	11	22.0	39.3924	10.4585
1:16:29:50	6	11	22.0	39.3924	10.4585
1:16:30:55	6	11	22.0	39.2704	10.4585
1:16:32:0	6	11	22.0	39.2704	10.4585
1:16:33:5	6	11	22.0	39.1872	10.4585
1:16:34:10	6	11	22.0	39.1872	10.4585
1:16:35:15	6	11	22.0	39.1872	10.4585
1:16:36:20	6	11	22.0	39.0604	10.4585
1:16:37:25	6	11	22.0	39.0604	10.4585
1:16:38:30	6	11	22.0	38.9743	10.4585
1:16:39:35	6	11	22.0	38.8868	10.4585
1:16:40:45	6	11	22.0	38.8868	10.4585
1:16:41:50	6	11	22.0	38.7978	10.4585
1:16:42:55	6	11	22.0	38.7978	10.4585
1:16:44:0	6	11	22.0	38.7978	10.4585
1:16:45:5	6	11	22.0	38.6619	10.4585
1:16:46:10	6	11	22.0	38.6619	10.4585
1:16:47:15	6	11	22.0	38.5697	10.4585
1:16:48:20	6	11	22.0	38.5697	10.4585
1:16:49:25	6	11	22.0	38.4763	10.4585
1:16:50:30	6	11	22.0	38.3817	10.4585
1:16:51:35	6	11	22.0	38.3817	10.4585
1:16:52:40	6	11	22.0	38.2859	10.4585
1:16:53:45	6	11	22.0	38.2859	10.4585
1:16:54:50	6	11	22.0	38.1888	10.4585
1:16:55:55	6	11	22.0	38.1888	10.4585
1:16:57:0	6	11	22.0	38.0906	10.4585
1:16:58:5	6	11	22.0	38.0906	10.4585
1:16:59:10	6	11	22.0	37.9912	10.4585
1:17:0:15	6	11	22.0	37.9912	10.4585
1:17:1:20	6	11	22.0	37.8907	10.4585
1:17:2:25	6	11	22.0	37.8907	10.4585
1:17:3:30	6	11	22.0	37.789	10.4585
1:17:4:35	6	11	22.0	37.6861	10.4585
1:17:5:40	6	11	22.0	37.6861	10.4585
1:17:6:45	6	11	22.0	37.582	10.4585
1:17:7:50	6	11	22.0	37.582	10.4585
1:17:8:55	6	11	22.0	37.4769	10.4585
1:17:10:0	6	11	22.0	37.4769	10.4585
1:17:11:5	6	11	22.0	37.3708	10.4585
1:17:12:10	6	11	22.0	37.3708	10.4585
1:17:13:15	6	11	22.0	37.2635	10.4585
1:17:14:20	6	11	22.0	37.2635	10.4585
1:17:15:25	6	11	22.0	37.1552	10.4585
1:17:16:30	6	11	22.0	37.046	10.4585
1:17:17:35	6	11	22.0	36.9909	10.4585
1:17:18:45	6	11	22.0	36.9909	10.4585
1:17:19:45	6	11	22.0	36.8801	10.4585
1:17:20:55	6	11	22.0	36.8801	10.4585
1:17:22:0	6	11	22.0	36.7683	10.4585
1:17:23:5	6	11	22.0	36.7683	10.4585
1:17:24:10	6	11	22.0	36.6558	10.4585
1:17:25:15	6	11	22.0	36.599	10.4585
1:17:26:20	6	11	22.0	36.599	10.4585
1:17:27:25	6	11	22.0	36.485	10.4585
1:17:28:30	6	11	22.0	36.3701	10.4585
1:17:29:35	6	11	22.0	36.3701	10.4585
1:17:30:40	6	11	22.0	36.2544	10.4585
1:17:31:45	6	11	22.0	36.1961	10.4585
1:17:32:50	6	11	22.0	36.1961	10.4585
1:17:33:55	6	11	22.0	36.0791	10.4585
1:17:35:0	6	11	22.0	36.0791	10.4585
1:17:36:5	6	11	22.0	35.9613	10.4585
1:17:37:10	6	11	22.0	35.9613	10.4585
1:17:38:15	6	11	22.0	35.8427	10.4585
1:17:39:20	6	11	22.0	35.783	10.4585
1:17:40:25	6	11	22.0	35.783	10.4585
1:17:41:30	6	11	22.0	35.6632	10.4585
1:17:42:35	6	11	22.0	35.5427	10.4585
1:17:43:40	6	11	22.0	35.4822	10.4585
1:17:44:45	6	11	22.0	35.4822	10.4585
1:17:45:50	6	11	22.0	35.3599	10.4585
1:17:46:55	6	11	22.0	35.2985	10.4585
1:17:48:0	6	11	22.0	35.2985	10.4585
1:17:49:5	6	11	22.0	35.1752	10.4585
1:17:50:10	6	11	22.0	35.1752	10.4585
1:17:51:15	6	11	22.0	35.0514	10.4585
1:17:52:20	6	11	22.0	34.9892	10.4585
1:17:53:25	6	11	22.0	34.9892	10.4585
1:17:54:30	6	11	22.0	34.8642	10.4585
1:17:55:40	6	11	22.0	34.7388	10.4585
1:17:56:40	6	11	22.0	34.6759	10.4585
1:17:57:50	6	11	22.0	34.6759	10.4585
1:17:58:55	6	11	22.0	34.5494	10.4585
1:18:0:0	6	11	22.0	34.486	10.4585
1:18:1:5	6	11	22.0	34.486	10.4585
1:18:2:10	6	11	22.0	34.3593	10.4585
1:18:3:15	6	11	22.0	34.2969	10.4585
1:18:4:20	6	11	22.0	34.2969	10.4585
1:18:5:25	6	11	22.0	34.1737	10.4585
1:18:6:30	6	11	22.0	34.0529	10.4585
1:18:7:35	6	11	22.0	33.9933	10.4585
1:18:8:40	6	11	22.0	33.9933	10.4585
1:18:9:45	6	11	22.0	33.8759	10.4585
1:18:10:50	6	11	22.0	33.8759	10.4585
1:18:11:55	6	11	22.0	33.7605	10.4585
1:18:13:0	6	11	22.0	33.7605	10.4585
1:18:14:5	6	11	22.0	33.6473	10.4585
1:18:15:10	6	11	22.0	33.5915	10.4585
1:18:16:15	6	11	22.0	33.5915	10.4585
1:18:17:20	6	11	22.0	33.4813	10.4585
1:18:18:25	6	11	22.0	33.4813	10.4585
1:18:19:30	6	11	22.0	33.3731	10.4585
1:18:20:35	6	11	22.0	33.2668	10.4585
1:18:21:40	6	11	22.0	33.2668	10.4585
1:18:22:45	6	11	22.0	33.1623	10.4585
1:18:23:50	6	11	22.0	33.1623	10.4585
1:18:24:55	6	11	22.0	33.0596	10.4585
1:18:26:0	6	11	22.0	33.0596	10.4585
1:18:27:5	6	11	22.0	32.9586	10.4585
1:18:28:10	6	11	22.0	32.9586	10.4585
1:18:29:15	6	11	22.0	32.8594	10.4585
1:18:30:20	6	11	22.0	32.8594	10.4585
1:18:31:25	6	11	22.0	32.7618	10.4585
1:18:32:30	6	11	22.0	32.6658	10.4585
1:18:33:35	6	11	22.0	32.6658	10.4585
1:18:34:40	6	11	22.0	32.5713	10.4585
1:18:35:45	6	11	22.0	32.5713	10.4585
1:18:36:55	6	11	22.0	32.4784	10.4585
1:18:38:0	6	11	22.0	32.4784	10.4585
1:18:39:5	6	11	22.0	32.387	10.4585
1:18:40:10	6	11	22.0	32.387	10.4585
1:18:41:15	6	11	22.0	32.2969	10.4585
1:18:42:20	6	11	22.0	32.2969	10.4585
1:18:43:25	6	11	22.0	32.2969	10.4585
1:18:44:30	6	11	22.0	32.1636	10.4585
1:18:45:35	6	11	22.0	32.0763	10.4585
1:18:46:40	6	11	22.0	32.0763	10.4585
1:18:47:45	6	11	22.0	31.9905	10.4585
1:18:48:50	6	11	22.0	31.9905	10.4585
1:18:49:55	6	11	22.0	31.9905	10.4585
1:18:51:0	6	11	22.0	31.8642	10.4585
1:18:52:5	6	11	22.0	31.8642	10.4585
1:18:53:10	6	11	22.0	31.7815	10.4585
1:18:54:15	6	11	22.0	31.7815	10.4585
1:18:55:20	6	11	22.0	31.7815	10.4585
1:18:56:25	6	11	22.0	31.6597	10.4585
1:18:57:30	6	11	22.0	31.58	10.4585
1:18:58:35	6	11	22.0	31.58	10.4585
1:18:59:40	6	11	22.0	31.58	10.4585
1:19:0:45	6	11	22.0	31.4624	10.4585
1:19:1:50	6	11	22.0	31.4624	10.4585
1:19:2:55	6	11	22.0	31.3856	10.4585
1:19:4:0	6	11	22.0	31.3856	10.4585
1:19:5:5	6	11	22.0	31.3856	10.4585
1:19:6:10	6	11	22.0	31.2727	10.4585
1:19:7:15	6	11	22.0	31.2727	10.4585
1:19:8:20	6	11	22.0	31.199	10.4585
1:19:9:25	6	11	22.0	31.199	10.4585
1:19:10:35	6	11	22.0	31.0905	10.4585
1:19:11:40	6	11	22.0	31.0905	10.4585
1:19:12:45	6	11	22.0	31.0905	10.4585
1:19:13:50	6	11	22.0	30.9847	10.4585
1:19:14:55	6	11	22.0	30.9847	10.4585
1:19:16:0	6	11	22.0	30.9847	10.4585
1:19:17:5	6	11	22.0	30.8812	10.4585
1:19:18:10	6	11	22.0	30.8812	10.4585
1:19:19:15	6	11	22.0	30.8812	10.4585
1:19:20:20	6	11	22.0	30.7801	10.4585
1:19:21:25	6	11	22.0	30.7801	10.4585
1:19:22:30	6	11	22.0	30.6811	10.4585
1:19:23:35	6	11	22.0	30.6811	10.4585
1:19:24:40	6	11	22.0	30.6811	10.4585
1:19:25:45	6	11	22.0	30.5843	10.4585
1:19:26:50	6	11	22.0	30.5843	10.4585
1:19:27:55	6	11	22.0	30.5843	10.4585
1:19:29:0	6	11	22.0	30.4895	10.4585
1:19:30:5	6	11	22.0	30.4895	10.4585
1:19:31:10	6	11	22.0	30.4895	10.4585
1:19:32:15	6	11	22.0	30.3968	10.4585
1:19:33:20	6	11	22.0	30.3968	10.4585
1:19:34:25	6	11	22.0	30.3968	10.4585
1:19:35:30	6	11	22.0	30.2761	10.4585
1:19:36:35	6	11	22.0	30.2761	10.4585
1:19:37:40	6	11	22.0	30.2761	10.4585
1:19:38:45	6	11	22.0	30.1876	10.4585
1:19:39:50	6	11	22.0	30.1876	10.4585
1:19:40:55	6	11	22.0	30.1876	10.4585
1:19:42:0	6	11	22.0	30.1876	10.4585
1:19:43:5	6	11	22.0	30.0725	10.4585
1:19:44:10	6	11	22.0	30.0725	10.4585
1:19:45:15	6	11	22.0	30.0725	10.4585
1:19:46:20	6	11	22.0	29.9881	10.4585
1:19:47:30	6	11	22.0	29.9881	10.4585
1:19:48:35	6	11	22.0	29.9881	10.4585
1:19:49:40	6	11	22.0	29.8781	10.4585
1:19:50:45	6	11	22.0	29.8781	10.4585
1:19:51:50	6	11	22.0	29.8781	10.4585
1:19:52:55	6	11	22.0	29.7973	10.4585
1:19:54:0	6	11	22.0	29.7973	10.4585
1:19:55:5	6	11	22.0	29.7973	10.4585
1:19:56:10	6	11	22.0	29.7973	10.4585
1:19:57:15	6	11	22.0	29.692	10.4585
1:19:58:20	6	11	22.0	29.692	10.4585
1:19:59:25	6	11	22.0	29.692	10.4585
1:20:0:30	6	11	22.0	29.5892	10.4585
1:20:1:35	6	11	22.0	29.5892	10.4585
1:20:2:40	6	11	22.0	29.5892	10.4585
1:20:3:45	6	11	22.0	29.5892	10.4585
1:20:4:50	6	11	22.0	29.4897	10.4585
1:20:5:55	6	11	22.0	29.4897	10.4585
1:20:7:0	6	11	22.0	29.4897	10.4585
1:20:8:5	6	11	22.0	29.4897	10.4585
1:20:9:10	6	11	22.0	29.3941	10.4585
1:20:10:15	6	11	22.0	29.3941	10.4585
1:20:11:20	6	11	22.0	29.3941	10.4585
1:20:12:25	6	11	22.0	29.3941	10.4585
1:20:13:30	6	11	22.0	29.2797	10.4585
1:20:14:35	6	11	22.0	29.2797	10.4585
1:20:15:40	6	11	22.0	29.2797	10.4585
1:20:16:45	6	11	22.0	29.2797	10.4585
1:20:17:50	6	11	22.0	29.1916	10.4585
1:20:18:55	6	11	22.0	29.1916	10.4585
1:20:20:0	6	11	22.0	29.1916	10.4585
1:20:21:10	6	11	22.0	29.1916	10.4585
1:20:22:15	6	11	22.0	29.1916	10.4585
1:20:23:20	6	11	22.0	29.0854	10.4585
1:20:24:25	6	11	22.0	29.0854	10.4585
1:20:25:30	6	11	22.0	29.0854	10.4585
1:20:26:35	6	11	22.0	29.0854	10.4585
1:20:27:40	6	11	22.0	28.9847	10.4585
1:20:28:45	6	11	22.0	28.9847	10.4585
1:20:29:50	6	11	22.0	28.9847	10.4585
1:20:30:55	6	11	22.0	28.9847	10.4585
1:20:32:0	6	11	22.0	28.9847	10.4585
1:20:33:5	6	11	22.0	28.8888	10.4585
1:20:34:10	6	11	22.0	28.8888	10.4585
1:20:35:15	6	11	22.0	28.8888	10.4585
1:20:36:20	6	11	22.0	28.8888	10.4585
1:20:37:25	6	11	22.0	28.8888	10.4585
1:20:38:30	6	11	22.0	28.7969	10.4585
1:20:39:35	6	11	22.0	28.7969	10.4585
1:20:40:40	6	11	22.0	28.7969	10.4585
1:20:41:45	6	11	22.0	28.7969	10.4585
1:20:42:50	6	11	22.0	28.7969	10.4585
1:20:43:55	6	11	22.0	28.6933	10.4585
1:20:45:0	6	11	22.0	28.6933	10.4585
1:20:46:5	6	11	22.0	28.6933	10.4585
1:20:47:10	6	11	22.0	28.6933	10.4585
1:20:48:15	6	11	22.0	28.6933	10.4585
1:20:49:20	6	11	22.0	28.6933	10.4585
1:20:50:25	6	11	22.0	28.5943	10.4585
1:20:51:30	6	11	22.0	28.5943	10.4585
1:20:52:35	6	11	22.0	28.5943	10.4585
1:20:53:40	6	11	22.0	28.5943	10.4585
1:20:54:45	6	11	22.0	28.5943	10.4585
1:20:55:50	6	11	22.0	28.5943	10.4585
1:20:57:0	6	11	22.0	28.4853	10.4585
1:20:58:5	6	11	22.0	28.4853	10.4585
1:20:59:10	6	11	22.0	28.4853	10.4585
1:21:0:15	6	11	22.0	28.4853	10.4585
1:21:1:20	6	11	22.0	28.4853	10.4585
1:21:2:25	6	11	22.0	28.4853	10.4585
1:21:3:30	6	11	22.0	28.3988	10.4585
1:21:4:35	6	11	22.0	28.3988	10.4585
1:21:5:40	6	11	22.0	28.3988	10.4585
1:21:6:45	6	11	22.0	28.3988	10.4585
1:21:7:50	6	11	22.0	28.3988	10.4585
1:21:8:55	6	11	22.0	28.3988	10.4585
1:21:10:0	6	11	22.0	28.3988	10.4585
1:21:11:5	6	11	22.0	28.2945	10.4585
1:21:12:10	6	11	22.0	28.2945	10.4585
1:21:13:15	6	11	22.0	28.2945	10.4585
1:21:14:20	6	11	22.0	28.2945	10.4585
1:21:15:25	6	11	22.0	28.2945	10.4585
1:21:16:30	6	11	22.0	28.2945	10.4585
1:21:17:35	6	11	22.0	28.2945	10.4585
1:21:18:40	6	11	22.0	28.2945	10.4585
1:21:19:45	6	11	22.0	28.1922	10.4585
1:21:20:50	6	11	22.0	28.1922	10.4585
1:21:21:55	6	11	22.0	28.1922	10.4585
1:21:23:0	6	11	22.0	28.1922	10.4585
1:21:24:5	6	11	22.0	28.1922	10.4585
1:21:25:10	6	11	22.0	28.1922	10.4585
1:21:26:15	6	11	22.0	28.1922	10.4585
1:21:27:20	6	11	22.0	28.1922	10.4585
1:21:28:25	6	11	22.0	28.1922	10.4585
1:21:29:35	6	11	22.0	28.0928	10.4585
1:21:30:40	6	11	22.0	28.0928	10.4585
1:21:31:45	6	11	22.0	28.0928	10.4585
1:21:32:50	6	11	22.0	28.0928	10.4585
1:21:33:55	6	11	22.0	28.0928	10.4585
1:21:35:0	6	11	22.0	28.0928	10.4585
1:21:36:5	6	11	22.0	28.0928	10.4585
1:21:37:10	6	11	22.0	28.0928	10.4585
1:21:38:15	6	11	22.0	28.0928	10.4585
1:21:39:20	6	11	22.0	28.0928	10.4585
1:21:40:25	6	11	22.0	28.0928	10.4585
1:21:41:30	6	11	22.0	27.9992	10.4585
1:21:42:35	6	11	22.0	27.9992	10.4585
1:21:43:40	6	11	22.0	27.9992	10.4585
1:21:44:45	6	11	22.0	27.9992	10.4585
1:21:45:50	6	11	22.0	27.9992	10.4585
1:21:46:55	6	11	22.0	27.9992	10.4585
1:21:48:0	6	11	22.0	27.9992	10.4585
1:21:49:5	6	11	22.0	27.9992	10.4585
1:21:50:10	6	11	22.0	27.9992	10.4585
1:21:51:15	6	11	22.0	27.9992	10.4585
1:21:52:20	6	11	22.0	27.9992	10.4585
1:21:53:25	6	11	22.0	27.9992	10.4585
1:21:54:30	6	11	22.0	27.9992	10.4585
1:21:55:35	6	11	22.0	27.896	10.4585
1:21:56:40	6	11	22.0	27.896	10.4585
1:21:57:45	6	11	22.0	27.896	10.4585
1:21:58:50	6	11	22.0	27.896	10.4585
1:21:59:55	6	11	22.0	27.896	10.4585
1:22:1:0	6	11	22.0	27.896	10.4585
1:22:2:5	6	11	22.0	27.896	10.4585
1:22:3:10	6	11	22.0	27.896	10.4585
1:22:4:15	6	11	22.0	27.896	10.4585
1:22:5:20	6	11	22.0	27.896	10.4585
1:22:6:30	6	11	22.0	27.896	10.4585
1:22:7:35	6	11	22.0	27.896	10.4585
1:22:8:40	6	11	22.0	27.896	10.4585
1:22:9:45	6	11	22.0	27.896	10.4585
1:22:10:50	6	11	22.0	27.896	10.4585
1:22:11:55	6	11	22.0	27.896	10.4585
1:22:13:0	6	11	22.0	27.896	10.4585
1:22:14:5	6	11	22.0	27.896	10.4585
1:22:15:10	6	11	22.0	27.896	10.4585
1:22:16:15	6	11	22.0	27.7989	10.4585
1:22:17:20	6	11	22.0	27.7989	10.4585
1:22:18:25	6	11	22.0	27.7989	10.4585
1:22:19:30	6	11	22.0	27.7989	10.4585
1:22:20:35	6	11	22.0	27.7989	10.4585
1:22:21:40	6	11	22.0	27.7989	10.4585
1:22:22:45	6	11	22.0	27.7989	10.4585
1:22:23:50	6	11	22.0	27.7989	10.4585
1:22:24:55	6	11	22.0	27.7989	10.4585
