1:20:34:10	6	2	22.0	20.3129	99.5172
1:20:35:15	6	2	22.0	20.3129	99.5172
1:20:36:20	6	2	22.0	20.3129	99.5172
1:20:37:25	6	2	22.0	20.3129	99.5172
1:20:38:30	6	2	22.0	20.3129	99.5172
1:20:39:35	6	2	22.0	20.402	99.5172
1:20:40:40	6	2	22.0	20.402	99.5172
1:20:41:45	6	2	22.0	20.402	99.5172
1:20:42:50	6	2	22.0	20.402	99.5172
1:20:43:55	6	2	22.0	20.402	99.5172
1:20:45:0	6	2	22.0	20.402	99.5172
1:20:46:5	6	2	22.0	20.402	99.5172
1:20:47:10	6	2	22.0	20.402	99.5172
1:20:48:20	6	2	22.0	20.402	99.5172
1:20:49:25	6	2	22.0	20.402	99.5172
1:20:50:30	6	2	22.0	20.402	99.5172
1:20:51:35	6	2	22.0	20.402	99.5172
1:20:52:40	6	2	22.0	20.402	99.5172
1:20:53:45	6	2	22.0	20.402	99.5172
1:20:54:50	6	2	22.0	20.402	99.5172
1:20:55:55	6	2	22.0	20.402	99.5172
1:20:57:0	6	2	22.0	20.402	99.5172
1:20:58:5	6	2	22.0	20.402	99.5172
1:20:59:10	6	2	22.0	20.402	99.5172
1:21:0:15	6	2	22.0	20.5059	99.5172
1:21:1:20	6	2	22.0	20.5059	99.5172
1:21:2:25	6	2	22.0	20.5059	99.5172
1:21:3:30	6	2	22.0	20.5059	99.5172
1:21:4:35	6	2	22.0	20.5059	99.5172
1:21:5:40	6	2	22.0	20.5059	99.5172
1:21:6:45	6	2	22.0	20.6053	99.5172
1:21:7:50	6	2	22.0	20.6053	99.5172
1:21:8:55	6	2	22.0	20.6053	99.5172
1:21:10:0	6	2	22.0	20.6053	99.5172
1:21:11:5	6	2	22.0	20.6053	99.5172
1:21:12:10	6	2	22.0	20.7064	99.5172
1:21:13:15	6	2	22.0	20.7064	99.5172
1:21:14:25	6	2	22.0	20.7064	99.5172
1:21:15:30	6	2	22.0	20.7064	99.5172
1:21:16:35	6	2	22.0	20.7064	99.5172
1:21:17:40	6	2	22.0	20.7064	99.5172
1:21:18:45	6	2	22.0	20.7064	99.5172
1:21:19:50	6	2	22.0	20.8168	99.5172
1:21:20:55	6	2	22.0	20.8168	99.5172
1:21:22:0	6	2	22.0	20.8168	99.5172
1:21:23:5	6	2	22.0	20.8168	99.5172
1:21:24:10	6	2	22.0	20.8168	99.5172
1:21:25:15	6	2	22.0	20.9158	99.5172
1:21:26:20	6	2	22.0	20.9158	99.5172
1:21:27:25	6	2	22.0	20.9158	99.5172
1:21:28:30	6	2	22.0	20.9158	99.5172
1:21:29:35	6	2	22.0	20.9158	99.5172
1:21:30:40	6	2	22.0	20.9158	99.5172
1:21:31:45	6	2	22.0	21.0092	99.5172
1:21:32:50	6	2	22.0	21.0092	99.5172
1:21:33:55	6	2	22.0	21.0092	99.5172
1:21:35:0	6	2	22.0	21.0092	99.5172
1:21:36:5	6	2	22.0	21.1022	99.5172
1:21:37:10	6	2	22.0	21.1022	99.5172
1:21:38:15	6	2	22.0	21.1022	99.5172
1:21:39:25	6	2	22.0	21.1022	99.5172
1:21:40:30	6	2	22.0	21.1022	99.5172
1:21:41:35	6	2	22.0	21.1022	99.5172
1:21:42:40	6	2	22.0	21.1022	99.5172
1:21:43:45	6	2	22.0	21.1022	99.5172
1:21:44:50	6	2	22.0	21.2047	99.5172
1:21:45:55	6	2	22.0	21.2047	99.5172
1:21:47:0	6	2	22.0	21.2047	99.5172
1:21:48:5	6	2	22.0	21.2047	99.5172
1:21:49:10	6	2	22.0	21.2047	99.5172
1:21:50:15	6	2	22.0	21.3049	99.5172
1:21:51:20	6	2	22.0	21.3049	99.5172
1:21:52:25	6	2	22.0	21.3049	99.5172
1:21:53:30	6	2	22.0	21.3049	99.5172
1:21:54:35	6	2	22.0	21.3049	99.5172
1:21:55:40	6	2	22.0	21.3049	99.5172
1:21:56:45	6	2	22.0	21.4075	99.5172
1:21:57:50	6	2	22.0	21.4075	99.5172
1:21:58:55	6	2	22.0	21.4075	99.5172
1:22:0:0	6	2	22.0	21.4075	99.5172
1:22:1:5	6	2	22.0	21.4075	99.5172
1:22:2:15	6	2	22.0	21.5199	99.5172
1:22:3:20	6	2	22.0	21.5199	99.5172
1:22:4:25	6	2	22.0	21.5199	99.5172
1:22:5:30	6	2	22.0	21.5199	99.5172
1:22:6:35	6	2	22.0	21.5199	99.5172
1:22:7:40	6	2	22.0	21.5199	99.5172
1:22:8:45	6	2	22.0	21.6178	99.5172
1:22:9:50	6	2	22.0	21.6178	99.5172
1:22:10:55	6	2	22.0	21.6178	99.5172
1:22:12:0	6	2	22.0	21.6178	99.5172
1:22:13:5	6	2	22.0	21.6178	99.5172
1:22:14:10	6	2	22.0	21.7081	99.5172
1:22:15:15	6	2	22.0	21.7081	99.5172
1:22:16:20	6	2	22.0	21.7081	99.5172
1:22:17:25	6	2	22.0	21.7081	99.5172
1:22:18:30	6	2	22.0	21.7081	99.5172
1:22:19:35	6	2	22.0	21.8084	99.5172
1:22:20:40	6	2	22.0	21.8084	99.5172
1:22:21:45	6	2	22.0	21.8084	99.5172
1:22:22:55	6	2	22.0	21.8084	99.5172
1:22:24:0	6	2	22.0	21.8084	99.5172
1:22:25:5	6	2	22.0	21.8084	99.5172
1:22:26:10	6	2	22.0	21.9126	99.5172
1:22:27:15	6	2	22.0	21.9126	99.5172
1:22:28:20	6	2	22.0	21.9126	99.5172
1:22:29:25	6	2	22.0	21.9126	99.5172
1:22:30:30	6	2	22.0	21.9126	99.5172
1:22:31:35	6	2	22.0	22.0079	99.5172
1:22:32:40	6	2	22.0	22.0079	99.5172
1:22:33:45	6	2	22.0	22.0079	99.5172
1:22:34:50	6	2	22.0	22.0079	99.5172
1:22:35:55	6	2	22.0	22.0079	99.5172
1:22:37:0	6	2	22.0	22.0079	99.5172
1:22:38:5	6	2	22.0	22.0079	99.5172
1:22:39:10	6	2	22.0	22.0079	99.5172
1:22:40:15	6	2	22.0	22.0079	99.5172
1:22:41:20	6	2	22.0	22.1045	99.5172
1:22:42:25	6	2	22.0	22.1045	99.5172
1:22:43:30	6	2	22.0	22.1045	99.5172
1:22:44:35	6	2	22.0	22.1045	99.5172
1:22:45:40	6	2	22.0	22.1045	99.5172
1:22:46:50	6	2	22.0	22.1045	99.5172
1:22:47:55	6	2	22.0	22.1045	99.5172
1:22:49:0	6	2	22.0	22.2178	99.5172
1:22:50:5	6	2	22.0	22.2178	99.5172
1:22:51:10	6	2	22.0	22.2178	99.5172
1:22:52:15	6	2	22.0	22.2178	99.5172
1:22:53:20	6	2	22.0	22.2178	99.5172
1:22:54:25	6	2	22.0	22.3025	99.5172
1:22:55:30	6	2	22.0	22.3025	99.5172
1:22:56:35	6	2	22.0	22.3025	99.5172
1:22:57:40	6	2	22.0	22.3025	99.5172
1:22:58:45	6	2	22.0	22.3025	99.5172
1:22:59:50	6	2	22.0	22.3025	99.5172
1:23:0:55	6	2	22.0	22.3025	99.5172
1:23:2:0	6	2	22.0	22.4143	99.5172
1:23:3:5	6	2	22.0	22.4143	99.5172
1:23:4:10	6	2	22.0	22.4143	99.5172
1:23:5:15	6	2	22.0	22.4143	99.5172
1:23:6:20	6	2	22.0	22.4143	99.5172
1:23:7:25	6	2	22.0	22.4143	99.5172
1:23:8:30	6	2	22.0	22.4143	99.5172
1:23:9:35	6	2	22.0	22.4143	99.5172
1:23:10:40	6	2	22.0	22.5017	99.5172
1:23:11:45	6	2	22.0	22.5017	99.5172
1:23:12:50	6	2	22.0	22.5017	99.5172
1:23:14:0	6	2	22.0	22.5017	99.5172
1:23:15:5	6	2	22.0	22.5017	99.5172
1:23:16:10	6	2	22.0	22.5017	99.5172
1:23:17:15	6	2	22.0	22.5017	99.5172
1:23:18:20	6	2	22.0	22.5017	99.5172
1:23:19:25	6	2	22.0	22.5017	99.5172
1:23:20:30	6	2	22.0	22.5017	99.5172
1:23:21:35	6	2	22.0	22.5017	99.5172
1:23:22:40	6	2	22.0	22.5017	99.5172
1:23:23:45	6	2	22.0	22.5017	99.5172
1:23:24:50	6	2	22.0	22.5017	99.5172
1:23:25:55	6	2	22.0	22.5017	99.5172
1:23:27:0	6	2	22.0	22.5017	99.5172
1:23:28:5	6	2	22.0	22.5017	99.5172
1:23:29:10	6	2	22.0	22.5017	99.5172
1:23:30:15	6	2	22.0	22.5017	99.5172
1:23:31:20	6	2	22.0	22.5017	99.5172
1:23:32:25	6	2	22.0	22.5017	99.5172
1:23:33:30	6	2	22.0	22.5017	99.5172
1:23:34:35	6	2	22.0	22.5017	99.5172
1:23:35:40	6	2	22.0	22.5017	99.5172
1:23:36:50	6	2	22.0	22.5017	99.5172
1:23:37:55	6	2	22.0	22.5017	99.5172
1:23:39:0	6	2	22.0	22.5017	99.5172
1:23:40:5	6	2	22.0	22.5017	99.5172
1:23:41:10	6	2	22.0	22.5017	99.5172
1:23:42:15	6	2	22.0	22.5017	99.5172
1:23:43:20	6	2	22.0	22.5017	99.5172
1:23:44:25	6	2	22.0	22.5017	99.5172
1:23:45:30	6	2	22.0	22.5017	99.5172
1:23:46:35	6	2	22.0	22.5017	99.5172
1:23:47:40	6	2	22.0	22.5017	99.5172
1:23:48:45	6	2	22.0	22.5017	99.5172
1:23:49:50	6	2	22.0	22.5017	99.5172
1:23:51:5	6	2	22.0	22.5017	99.5172
1:23:52:10	6	2	22.0	22.5017	99.5172
1:23:53:15	6	2	22.0	22.5017	99.5172
1:23:54:20	6	2	22.0	22.5017	99.5172
1:23:55:25	6	2	22.0	22.5017	99.5172
1:23:56:30	6	2	22.0	22.5017	99.5172
1:23:57:35	6	2	22.0	22.5017	99.5172
1:23:58:45	6	2	22.0	22.5017	99.5172
1:23:59:50	6	2	22.0	22.5017	99.5172
1:0:0:55	6	2	22.0	22.5017	99.5172
1:0:2:0	6	2	22.0	22.5017	99.5172
1:0:3:5	6	2	22.0	22.5017	99.5172
1:0:4:10	6	2	22.0	22.5017	99.5172
1:0:5:15	6	2	22.0	22.5017	99.5172
1:0:6:25	6	2	22.0	22.5017	99.5172
1:0:7:30	6	2	22.0	22.5017	99.5172
1:0:8:35	6	2	22.0	22.5017	99.5172
1:0:9:40	6	2	22.0	22.5017	99.5172
1:0:10:45	6	2	22.0	22.5017	99.5172
1:0:11:50	6	2	22.0	22.5017	99.5172
1:0:12:55	6	2	22.0	22.5017	99.5172
1:0:14:0	6	2	22.0	22.5017	99.5172
1:0:15:10	6	2	22.0	22.5017	99.5172
1:0:16:15	6	2	22.0	22.5017	99.5172
1:0:17:20	6	2	22.0	22.5017	99.5172
1:0:18:25	6	2	22.0	22.5017	99.5172
1:0:19:30	6	2	22.0	22.5017	99.5172
1:0:20:35	6	2	22.0	22.5017	99.5172
1:0:21:50	6	2	22.0	22.5017	99.5172
1:0:22:55	6	2	22.0	22.5017	99.5172
1:0:24:0	6	2	22.0	22.5017	99.5172
1:0:25:5	6	2	22.0	22.5017	99.5172
1:0:26:10	6	2	22.0	22.5017	99.5172
